4420
1757
5688
3195
1027
332
510
5840
5040
888
761
2329
3186
5145
5036
5050
3705
236
7464
6296
2876
7052
249
1290
4370
4812
1486
7142
2604
4291
1499
7046
5481
1073
1542
2890
3063
3360
4417
3605
2479
2408
2175
2789
5312
1822
6650
288
7016
5813
4000
6229
4058
568
2887
898
3640
3384
5335
5021
4622
616
2946
5075
4529
577
6972
1914
2259
4297
3647
6245
6261
1337
827
660
951
1536
864
2104
921
2091
4883
1652
1922
2837
6067
6179
7486
531
3275
6709
475
5935
5188
2911
1700
1311
6047
2945
2590
3251
5694
3643
1666
578
6716
1336
10
4870
3876
4526
3097
2967
682
390
5318
1712
1034
1819
3086
4393
7256
4268
6656
483
1316
3946
4835
2447
4816
3908
1075
4015
2210
268
4335
7458
7267
938
2528
3561
7149
4077
2395
2243
6241
5476
7374
1206
1544
5531
6125
1447
3672
4953
388
7104
6186
3339
1829
664
4177
1955
3142
5294
4072
4449
5206
5125
6873
2166
2412
5436
190
242
6738
1842
2134
1554
3463
3047
5442
3681
3980
6043
3619
4176
6143
4278
2049
3333
4431
5596
7380
2170
609
3503
2006
5028
6173
6687
7419
859
2031
4318
1341
7124
6023
182
2905
1247
3507
351
5788
758
4640
1518
3570
939
7234
5229
7384
5190
18
5369
1442
4523
1611
1104
1461
5752
5472
2392
1886
2246
7162
4550
6757
4261
4873
1111
762
5026
6033
725
3558
7316
6018
7252
5182
3865
2117
2932
5892
4889
2498
1166
5514
3438
4627
156
603
1189
7289
474
4097
5447
7045
3527
6152
5652
1253
7138
6602
6461
5098
3734
5905
5417
2571
2496
753
8
5747
3613
1788
4802
5826
2367
3304
4670
1273
5586
4557
4790
6442
4395
7311
2309
5649
3651
6058
5804
6877
6841
6471
450
937
6386
4478
6282
5639
227
809
7120
2018
3145
771
3632
5707
4411
785
3969
5144
1945
3276
6366
5486
1285
6502
3341
6852
1435
3210
4662
3466
6384
2426
3738
2497
2814
6096
1129
6651
2729
2098
1979
501
220
12
6828
1007
3350
3332
7134
6360
7412
3569
3746
2583
7401
5115
2460
6632
2124
1246
2866
2320
5047
1120
4139
6784
5891
3460
3235
1747
3779
6011
5732
1115
2742
783
4668
2968
595
5886
2801
2790
782
1577
3925
1013
4546
3458
5785
4788
7283
6406
345
5070
1293
7260
3811
4212
3489
4594
4283
7209
2376
4466
4221
1070
6207
4272
768
3395
7196
2903
6064
7475
2713
4774
3001
6802
1776
7100
2738
6998
6453
6330
736
6274
3231
1519
1621
40
1602
1878
6549
3062
3877
33
3900
1038
6937
4573
5374
2013
3867
2421
2199
3002
760
3471
5128
2733
4447
7015
3528
793
2597
4599
1124
4708
641
4842
4934
2222
6653
5194
3010
3594
5009
237
4122
7392
4731
2509
7422
2328
5227
5931
4789
1612
5071
7292
4965
3132
2209
6600
7081
1699
5923
1168
7183
5778
3122
4126
1595
5197
4495
2384
2064
948
1358
3444
4236
966
2267
4995
109
738
3323
7391
7290
4050
744
4003
2756
4646
1069
4617
4435
1625
5527
6044
1043
5445
4227
4582
5703
1665
4794
2438
1491
5868
4977
73
4116
4455
6591
3100
5602
887
1656
6497
7029
7222
3563
3118
3897
188
2984
5621
1714
7398
3504
3131
1022
6101
5225
4181
5309
5397
2387
4769
322
4421
2464
1042
4033
5097
1006
6967
563
3774
597
5940
2649
2224
6351
3510
1637
5553
5205
6340
2896
2947
3261
1722
7201
5714
2950
2630
4844
836
105
6809
3468
3735
5027
3450
3572
816
4618
2624
111
4355
401
6628
7361
5564
1851
915
1324
5771
1820
6222
635
2954
2506
4479
805
6617
6811
2607
6657
4172
7325
2536
6090
4476
5337
6780
2114
1109
6849
4060
2488
6068
2393
1455
3673
274
1389
1920
3393
6416
6332
1331
2173
3540
3497
3560
1548
681
2860
3465
6445
7228
2873
658
7437
5113
1996
3309
3172
4108
3167
4349
7062
4373
3046
2129
7065
4737
3636
1153
5515
1793
2678
2348
705
3188
2874
6748
4087
1450
3013
596
168
4572
3425
4085
125
3634
5440
5479
2706
3101
295
214
7229
3931
2083
798
4157
7137
1825
5454
6923
4070
7059
7107
849
924
695
928
5303
7453
2263
4834
3364
5290
6826
6753
4071
4545
4786
1764
5874
4309
5676
3024
7372
6528
7002
6633
250
2917
882
4994
5116
6457
4723
311
5930
3060
3037
3376
6812
7199
7168
2331
466
6956
3191
4729
4833
5535
674
4981
4772
5101
2514
6584
997
3624
4405
6944
2066
2507
6827
6154
5005
4614
6595
1082
4681
3113
645
4234
5361
6053
2669
2055
3538
1647
3505
4649
724
4846
1004
1116
3543
3162
3252
4094
3090
2639
6418
3639
7438
3653
462
2385
6184
4151
7063
1155
1072
4669
1696
1088
3861
6458
257
2295
4589
5396
4848
6798
2011
1901
1606
5683
6086
7406
3688
5495
3211
988
1452
7090
529
4240
3402
5360
1062
4443
5153
3549
4691
2330
1807
5453
6436
3927
1852
7272
520
5916
7362
7414
2435
7031
3082
3049
2986
551
24
4770
1179
6547
2962
4387
3825
505
2544
7023
4481
1617
1557
5384
398
2869
610
4947
1459
1209
5195
357
2080
4597
2225
876
2920
1020
3938
6840
6845
1268
4904
6740
549
4211
2985
4162
1680
687
2398
3930
4432
3196
7449
5223
5857
5043
276
497
2603
6689
4391
6124
746
7257
2592
25
756
3581
3259
489
7466
7377
1257
650
5812
3993
6035
2807
1521
128
721
4519
173
2101
3525
5845
6590
1163
6764
3815
6161
3184
3517
6214
1977
1183
6443
3045
5233
5603
3629
2547
3668
6833
1276
4069
2397
1456
2157
2044
1763
291
6275
4143
3918
2751
4287
3125
5175
4967
1346
6221
58
4398
487
6561
3273
7333
4553
525
2219
1859
5842
2419
2982
1086
2567
897
3169
825
3474
6237
6167
2499
1080
6818
6048
7151
1357
3178
1668
4259
4383
365
7306
2541
7227
1262
5183
2118
3642
5978
3715
1277
2635
3911
2805
1186
123
4819
4266
3414
389
7111
6750
5537
4498
5295
5844
7200
6063
436
469
4489
1530
1864
7058
5784
6662
926
5243
5086
406
374
4041
7465
4444
5508
1407
905
3380
7381
6107
3114
3331
4709
2596
4782
2919
5854
6901
3206
1327
646
3111
5532
399
6807
5810
2077
4996
2142
6470
3305
6321
692
7430
4974
41
6684
5471
1305
3299
5186
800
5814
263
4866
1935
5088
3410
2036
6159
3999
3873
5618
4339
1193
5967
5053
2079
773
5033
4175
5648
3631
6962
3987
2798
4092
7064
4911
4170
6932
7308
1274
1054
7150
6821
1270
4381
6414
5957
7041
5297
605
4063
4704
4852
3075
4438
433
3809
2615
2910
3246
23
579
972
1513
4406
1325
134
3960
6891
3556
6858
3726
764
4948
4566
2726
6279
6613
5523
1874
7375
3025
886
2427
2363
1868
337
640
1106
6537
5204
6872
4677
3
6949
2969
5358
1093
5179
5640
2822
3373
3112
112
673
1585
555
1466
7473
3621
1873
1472
6747
1849
3470
2752
5375
4073
3028
6688
3069
7127
368
312
5241
2218
5761
3761
5607
267
6974
6099
2165
1797
797
7456
5518
4562
4390
3239
3615
1628
360
2784
3590
2687
6371
3140
2581
2564
2436
883
5915
891
6658
3228
6073
4315
4497
4906
6523
4121
7067
3099
1660
6253
1395
130
6264
1746
2606
321
1213
509
5899
754
7243
2745
1713
4795
7184
3901
3516
7001
178
1716
7095
7187
986
6228
3091
348
3423
1674
4078
4591
5715
143
691
4474
4935
6364
85
3370
5260
6691
2097
5836
165
2587
4946
5623
3723
4937
6844
6950
1715
2523
3469
4936
2899
4194
6203
3582
1047
1303
5912
2202
7128
2586
5176
2305
1814
7320
6839
4100
3182
1692
5333
5080
1841
2658
148
5276
3431
3189
712
4746
6899
5807
6385
857
4127
4615
4354
1669
1092
2360
3274
4327
7144
3168
548
4300
4606
243
6708
2401
6127
7410
6354
5882
1743
4074
5735
1131
251
6026
3714
1759
5244
4366
5600
6705
2125
262
3641
1962
2215
2584
7159
2472
4877
4747
6775
2088
969
4273
5332
2450
4123
4988
2012
1187
3718
2974
4482
5900
7254
5359
6660
6041
606
303
3860
4008
2665
4583
4748
6791
2599
7378
2673
1502
815
2021
3579
2826
675
7447
7079
3499
4652
164
7366
177
7239
2084
6938
4722
1076
3899
3366
2565
4684
6913
521
3011
5002
1856
6341
4771
6479
553
4284
1622
1663
6113
6836
1269
4458
2636
841
5089
4525
5377
74
6157
6495
2719
4598
22
5102
437
2996
620
4186
1964
4324
4706
1847
2748
3862
7434
6619
4068
3078
443
5399
5726
6425
6552
3179
6357
5737
6668
2689
7012
5253
4539
5414
1390
2164
3682
6701
2656
5776
1994
366
4171
4040
2491
6266
1501
5263
5833
463
565
2626
580
6280
720
4076
2618
2867
954
1441
1924
3289
5424
1431
6190
5428
6879
707
3834
1523
2988
3233
1061
2354
4828
2548
6158
7441
728
2711
1147
1732
1805
6239
3758
5459
4584
4088
6927
4611
4344
5189
1534
7215
3241
2525
6779
4757
3885
1242
7102
820
2349
217
1475
5262
313
2314
3625
5604
5902
5768
6012
4322
3813
4113
5216
2771
3224
4223
1200
1353
3427
6247
5365
2622
5463
3209
7068
371
1982
254
4442
2804
4328
6438
1451
7436
3153
5054
2936
6337
7167
7169
6865
3942
256
6532
277
5728
98
2812
2287
2821
6659
6182
4120
342
7072
1817
1654
4452
3102
6499
3003
1911
5805
5699
2068
6391
6273
3755
944
5283
5593
3554
1865
5852
5248
432
1002
1616
4433
7268
6196
5651
4090
4304
1687
4713
4784
0
1326
1638
2825
6978
1191
889
6669
419
6724
5766
2163
289
1281
2999
2167
2434
7388
3902
3833
6760
5789
678
5616
6509
7339
5511
2152
1910
4198
6735
5546
6573
6649
7309
1203
779
195
1275
1199
3399
6994
226
5952
5164
245
2062
4158
234
4260
4295
1629
2768
4252
3627
3845
1883
4377
2273
3110
1908
7345
2993
2931
7245
3863
2632
381
3290
1309
716
4507
984
3371
1351
7053
6370
1250
6551
6560
6372
7014
7259
821
5483
6794
3589
7313
7113
3820
1402
1845
1593
1803
3283
657
2835
3201
2787
4027
2415
6390
7334
3012
281
252
6810
2504
1428
5653
6936
5575
3054
2617
460
2248
4365
2827
269
4561
6785
7136
6788
5777
3866
7208
1563
6955
3461
6428
5595
225
3347
411
6565
5217
3995
6188
3000
17
1752
7481
4330
2666
1891
5929
6816
3994
1333
6475
5099
4101
1482
6353
6301
6647
2089
5565
7010
3614
473
1077
4491
7315
5124
2888
6474
3580
1765
2361
5345
349
2561
540
6876
3007
4717
6683
4940
481
2766
409
2908
2577
711
4026
2153
3383
5000
5349
1543
6138
6815
936
644
6361
5221
4030
5783
2990
213
3701
7280
3530
1396
2660
3386
3149
6087
6315
852
6492
5458
5329
4461
2791
1406
3336
822
3279
3568
5060
2652
4153
7284
99
1997
730
344
613
2057
2521
4372
4609
923
2336
527
1653
3869
1850
3814
1443
7131
3170
4821
1707
1171
2266
2855
3108
5237
3353
4098
833
1961
3343
6079
2878
2754
5015
3174
2289
3984
7477
1608
5635
1843
6231
6990
3407
3363
1410
1178
206
5462
3411
2067
4954
950
5095
2075
2960
5149
3365
802
1446
5758
1188
7172
838
7032
4637
4740
5118
4814
3676
1958
5666
4765
2845
3777
1681
3135
5498
2829
285
4154
5274
4204
4773
5256
5981
4511
5122
5509
5201
6727
6999
4059
5492
5306
5296
795
796
1667
7193
6867
5692
2422
6582
2612
2194
1377
5799
5626
6400
847
1809
6305
3842
696
6863
3303
7021
6566
7270
1553
1231
5152
383
5382
7231
4672
5839
4544
3291
5860
6850
1893
492
2471
4472
4674
3940
5668
5942
1855
594
1449
1320
2440
1930
4741
7454
3212
3889
2241
5245
350
5437
2795
4565
2918
5013
2608
6369
5948
471
2254
1633
4185
1008
4745
4664
6641
4494
4914
6970
5220
6953
4688
1422
7435
6180
2482
4533
2727
5800
71
2955
2762
1465
2056
2293
1405
906
5298
6349
5418
4969
1003
514
2024
6211
5975
6506
7321
3542
7019
539
1641
1480
6263
5354
2852
310
2346
4905
6130
6015
1610
6965
2195
5137
806
7415
2938
5379
6014
5830
930
3880
4658
3288
7353
991
2132
6781
1503
309
6563
1721
780
5172
4541
5438
1511
2374
2723
4254
318
456
6618
3296
6870
3079
2492
3249
5429
9
7307
2004
3853
4161
3467
4690
1398
4276
2927
4538
1081
5990
4913
4288
2820
6888
1368
6029
5334
5135
3919
6924
1145
3793
5138
3164
3117
766
6564
2696
59
2500
7411
3976
2334
1605
6098
2850
5620
1573
6908
3361
4036
4992
4456
5250
282
124
6637
6568
1833
6213
3043
665
2025
1635
4694
5977
4493
586
6327
2442
2229
4360
1704
1096
1800
5456
619
6352
1481
6608
6328
1975
1838
1226
1334
2156
4869
5443
4009
5272
5484
998
1440
4603
5590
5061
4305
1085
2758
7418
5951
3318
5894
2301
119
6010
6518
6743
5719
391
1528
1260
5636
2284
6136
4616
4695
3221
5117
1157
853
1772
6715
5378
3416
5589
2912
7114
32
6486
5522
5407
2894
4262
414
3792
6646
4685
4956
1677
3064
5202
5850
7061
6823
284
5034
2430
6878
3775
3727
1084
4492
4337
7186
6199
4067
3445
2323
7033
7444
1292
6947
3670
3914
2292
440
3306
7344
6838
6597
95
336
3648
2262
5681
3828
4392
7288
81
4959
6403
3238
1592
2794
1306
5038
4299
3944
5289
5654
4764
5106
4292
1143
3798
5470
1821
6362
6398
1591
1107
6290
186
1066
4214
3678
438
4257
1497
3839
423
3657
5911
569
4841
4218
4728
3937
5741
6374
6824
6392
3107
6055
5823
3926
4382
2792
2674
3437
3848
2161
4931
920
585
2605
5958
76
3588
4225
5209
5526
2457
1978
6871
2686
4488
6782
784
7125
5748
4024
2255
4600
5722
2351
5246
5740
224
2782
1201
3888
7126
2048
583
7331
5353
6663
4798
6504
4004
3214
2333
5853
3161
4952
6952
7017
1887
4593
1464
1547
932
1212
5093
982
1195
4215
468
3324
120
3704
1555
2461
2186
1344
7179
5816
4394
3654
6191
5238
1565
1374
2953
6093
5811
2994
6060
3401
5664
335
308
1599
4671
2394
2318
2258
2244
2260
4585
794
231
3216
1244
4233
6272
3369
1827
7417
7030
1113
4401
6334
1148
2283
3783
4881
839
6957
1535
5108
5996
2003
6429
6943
3154
2864
258
4468
5629
4777
6706
6057
4853
3478
7356
6765
4231
4510
1174
1956
6847
6487
6056
717
2359
300
3892
2008
2882
4166
4385
5155
7376
1991
5910
1332
2562
1756
6745
6100
14
3989
623
2663
1884
4620
5555
1490
2135
3250
7083
884
5950
676
5114
6707
7368
2575
66
671
702
4418
7025
1564
4483
1030
2943
496
3996
1419
1724
4244
434
6501
1828
94
5512
6210
3545
867
1775
6022
6544
3066
5801
2239
5756
2315
161
530
6102
4247
1041
3722
3080
2552
5583
3878
685
5330
1740
1238
5504
4038
1875
4333
6268
1791
6577
5880
808
4576
7351
4014
5173
3077
2100
5584
2366
4150
2220
5131
772
1690
4147
1350
4845
747
6933
672
3486
3417
5473
3694
2113
2396
2613
1697
715
1889
122
1079
5749
6856
2093
400
1646
181
6960
4997
6505
6071
4462
5184
5193
1424
7116
4124
6243
3789
6664
298
4471
5497
3372
4837
4
1343
7119
5004
3036
6612
6992
7371
1634
6388
5677
4200
3541
5165
246
6866
4703
1824
117
6347
1302
1053
201
427
5035
977
1099
6212
1566
1280
6483
1397
7013
6462
1786
1408
3835
653
1774
2777
4521
2271
3973
4325
1375
1211
2238
2281
729
4023
6132
5658
6291
198
7343
1045
3019
5572
5646
2141
61
6319
1330
4876
3487
544
79
53
5057
6270
2196
6118
4441
3990
16
358
6202
7105
6019
799
2720
1125
1706
4502
5638
1773
5794
946
5622
6910
2069
757
4699
3713
5423
7203
5884
167
3185
2976
2776
7468
6005
5252
367
3675
693
4558
2839
7249
3349
1170
3439
2341
6728
4824
6793
491
3093
1973
1947
4118
3016
3143
3158
4465
4587
507
2753
5963
5477
3824
6233
962
4843
4692
1001
410
4136
4306
4188
2028
537
7190
1771
6394
2978
803
714
2039
2282
7091
6977
5513
5323
5030
2489
3314
1300
582
5837
4516
801
6864
7452
3495
3053
4651
4006
1287
3816
726
2539
6987
5226
5320
3696
828
240
5404
684
6951
4944
5171
7008
3819
5433
7347
1758
1128
3163
4258
2854
4286
7446
668
1626
2061
4513
6512
6892
694
2140
3059
126
1588
3796
5806
7247
6285
4535
1813
28
92
7202
567
2294
4061
3524
5764
1739
6843
435
2601
5001
138
5024
3207
4195
4399
2997
2335
382
2207
1894
4831
6133
4749
3831
6517
3130
550
742
4419
559
140
3397
2155
4264
264
2664
2344
1233
2670
6345
3801
6459
6027
1506
7295
4796
7077
6070
3808
4423
1385
2090
6289
1709
4196
3081
7327
2458
4242
4666
5918
4951
6276
5847
604
2162
1462
3795
3797
7397
4850
212
925
4515
778
2505
2127
7139
4548
5657
1880
1802
215
4823
6655
3453
6731
2881
247
983
4647
885
7121
506
4091
5763
2379
979
2698
5439
2889
2813
4160
975
4989
6448
5988
176
5056
2245
1672
5711
2817
5846
3483
5078
323
127
2373
370
7084
4878
2549
6218
3356
5965
7248
6088
2730
5129
2715
2951
1339
4705
3058
7338
3301
5829
3292
6287
4289
963
6742
4925
6105
4404
2963
4082
5412
1808
6240
2477
1510
4891
3840
4518
5757
4851
3762
5411
5561
6530
6424
7293
4909
223
4923
949
1421
7130
7382
4847
4825
957
3193
1790
5969
3302
222
1130
4107
1063
1496
854
1140
141
1221
6540
3409
6795
7189
3578
1420
3074
3707
1785
446
306
6484
1224
2824
1812
1035
5643
2352
3821
914
6078
2319
6223
3382
2808
5938
5310
5161
5301
643
4872
4001
4298
6674
6242
722
4201
6786
602
1960
6773
5970
7078
5687
6262
4715
1095
3287
5791
2732
6830
413
7194
929
1108
6008
7403
3139
4112
6984
2468
4025
3434
3492
2877
6805
5624
2296
7305
6526
869
11
6571
3912
1795
3661
5986
108
5499
3014
1059
5177
1210
5698
7069
5851
2728
4629
5160
4187
1560
7112
3606
2621
6919
2481
305
2205
228
589
5063
171
2816
2110
913
2965
5709
1731
940
1540
6496
2697
554
7047
1304
3656
2655
718
4917
2184
2431
6139
1619
3920
4321
6267
2485
3923
5048
2264
2042
3791
1284
541
4679
346
270
1609
5467
4437
5271
341
6626
3388
3679
248
294
6513
4055
6046
1693
6156
1149
6092
4991
4229
3667
6036
6065
1430
680
3536
1214
116
3405
5928
5150
7335
2286
6413
4450
6097
3220
4179
6251
21
4350
6907
5641
2585
4057
3165
6215
2885
3766
275
4932
7133
4056
3903
1869
5559
4514
4364
607
7123
3720
7276
3856
6104
5632
1279
4799
976
412
3337
3400
6077
6718
4882
7304
7057
1299
2002
1645
2107
5742
3348
590
3988
6732
4630
919
2347
3854
781
4379
5716
767
1367
4928
3674
3316
1662
6725
118
1476
5025
5617
2303
1119
4761
4484
57
2362
6294
6713
6160
1413
1154
2594
6848
7165
6000
1835
4131
4714
333
7408
3502
2251
3071
7143
2568
2907
2625
3202
4657
5324
2970
5580
6250
3692
6316
1614
1118
2391
2897
2159
2774
5110
2406
3396
4064
7433
39
287
2470
4800
426
7191
210
3898
6762
6634
3770
296
2337
2551
4096
4376
5435
6009
1980
1517
72
3009
157
4342
493
2972
5006
354
927
4217
2495
5143
985
5560
5367
2515
7198
2324
6712
5782
2957
4178
1726
5328
160
6897
1
4224
6589
7178
2240
476
1876
7122
2007
3355
472
4577
1272
6454
5706
7211
3645
4075
1787
448
6481
3935
5111
149
6535
4840
2744
7390
330
3695
7145
1742
5336
1254
4219
5103
3344
2368
7312
2712
2699
458
26
3953
1524
3749
3335
5192
7474
6292
5185
5051
1895
538
1414
7146
1613
3033
139
6430
7087
2840
6520
666
945
3523
1896
2535
6382
7034
3104
1444
1433
6599
5148
6318
3611
7346
204
1940
3592
1197
4687
1986
4168
3237
2437
1976
102
2646
5085
5831
5746
699
4910
591
5082
3484
6645
1926
6171
1640
1871
3807
1552
1904
3565
2688
1750
7363
4930
5112
1946
1877
4540
6423
1469
4571
2512
3435
4604
4648
3508
3295
3180
5255
5960
562
3905
5419
6465
6355
379
3085
3753
6875
2213
3881
2935
103
6123
2717
5547
6542
5496
2073
4929
1384
3805
253
4634
3352
5961
1105
3794
4011
2183
743
1906
7018
4424
5858
3313
3859
1392
2731
1670
1863
5594
4193
2573
50
7219
2749
4053
3929
7253
3141
3685
6108
3006
3392
4341
6988
6350
1966
777
7439
47
4138
6686
5357
2285
735
1861
3183
4908
3087
1014
6030
6636
2759
1050
2169
2736
4010
3293
690
3603
1941
5543
2843
706
3943
1525
4013
4005
4804
6192
3308
1078
5841
2402
5501
4736
787
1972
7470
2741
5953
278
5536
7399
5724
5971
542
1091
4884
27
3123
846
1649
4792
4638
2178
290
5427
6317
470
2893
3426
786
5675
1321
6140
1583
2204
1141
3247
7210
3752
115
818
1222
2123
3765
6954
3706
35
2645
5803
1581
4430
6638
6758
4469
3610
7185
88
3644
3430
4858
1950
2980
1432
5287
6235
5292
5342
4818
6665
5100
1636
6710
1265
4949
840
2299
1694
1205
3846
5644
2682
3204
4902
2934
3784
2105
1604
2847
7389
6661
7220
2765
5582
2977
1217
2783
4274
477
5862
5500
593
3884
5461
4754
4340
192
4280
2770
5259
588
6555
3921
260
1182
6049
2046
444
499
2810
5672
6408
631
3128
363
5968
3109
3633
5400
4209
3255
6925
2886
3455
384
221
3424
1453
6375
1354
5939
106
6255
4613
4314
6147
1025
7074
114
3267
1574
5084
286
2595
1162
3070
2122
6490
5540
7082
3285
1631
6209
1235
5041
2358
1291
4898
1136
1559
3500
5391
5031
3608
7365
4210
5980
6206
1498
5987
3708
6455
2200
1159
6736
3664
3826
6440
7055
1598
4386
6485
3975
1056
6851
5288
1151
3599
1058
5311
6306
5954
1230
4473
2591
4347
5351
4202
1923
835
3144
1484
5392
394
7044
639
1844
1870
6478
5727
3198
6
1839
1323
6269
5881
3055
3968
6032
1624
3225
3266
3152
4334
6359
5011
5944
3262
3947
2676
4978
700
7367
5448
3116
7230
3586
7171
4880
7352
4197
4700
952
4885
7206
219
3119
912
2702
5123
6615
1801
5214
1457
2898
2760
402
5372
1691
5691
3959
3311
3916
1329
19
7039
4313
3977
3945
38
1460
3607
2948
90
6673
3514
7264
7429
560
2879
2531
69
4916
3535
3750
2558
5105
1040
2778
2610
6434
3229
823
6620
5385
3298
162
4920
6643
3005
239
5815
3680
5685
3786
5387
6059
5656
2130
2138
2680
7176
4927
7241
5725
6034
4678
6122
3832
3721
5389
5251
2078
1192
2411
3319
7250
4619
5817
4436
6472
5236
1044
6441
3958
5875
5049
4084
1399
6893
5551
5008
3683
1988
4509
900
2009
6313
5393
5157
6887
1558
4504
3620
145
2619
1483
2892
5571
7204
7236
5210
2707
523
6426
2692
4899
2522
2034
380
3136
858
101
1927
49
5908
7024
4263
4776
2252
4429
4676
1286
6283
1569
3205
626
4203
3847
3328
947
6493
2844
4779
6642
133
1046
7238
4255
5871
5402
2989
6756
598
5898
4301
4632
6581
70
6605
7318
6449
5239
2519
6081
656
431
302
734
7395
5266
6050
4901
4205
5494
1352
6596
1256
5545
1676
2557
2537
500
3422
3094
6985
901
2400
4329
3804
5893
4016
1659
454
1710
3844
4079
4343
2026
3962
6585
3637
2288
844
4237
4809
6808
4636
5630
1161
1745
1404
7426
5879
4371
2102
6759
1683
5267
5162
2035
4397
5994
4293
461
6248
5363
740
6685
3041
6890
6702
3772
4052
2693
1381
2685
2407
911
211
170
6979
6804
6862
6277
7274
6592
7153
1164
6610
1744
6576
297
7297
4066
1768
5198
1101
7141
5897
1798
2735
4446
1383
6200
5067
6151
2902
110
3263
1487
4520
2559
7324
5174
5270
1897
3547
2651
1245
2145
6039
6004
4407
4256
3256
1512
5859
68
1369
4938
5065
5614
5702
6895
5430
3421
2846
6981
1376
3780
2380
1100
4721
2480
488
917
3924
1885
6401
4832
2493
3736
1685
3803
6574
7155
3941
2572
1175
418
6860
2103
3030
2316
5269
1313
2620
3659
7004
7166
3957
5062
2181
769
5608
4808
1594
3177
5822
3739
5107
526
999
5627
7258
7427
1173
5096
1010
4887
3403
1172
6236
1939
3802
1854
2231
5092
2476
2321
2185
4106
3660
1582
6432
7322
7440
3745
3496
5069
1907
3294
4426
1467
7336
5068
5946
7098
2070
2158
1261
2032
6690
703
6480
4702
3358
615
2708
5208
558
5538
1539
5394
830
4653
6168
6536
2171
2642
3954
6114
3490
4712
5338
5628
3982
5180
3443
1110
6045
2444
6580
197
7071
6407
1071
3838
150
4316
2859
4222
2796
2180
2297
3771
4596
7147
5045
7354
1932
7216
5516
3482
2160
5769
2311
5864
5973
3433
4962
3730
7158
7337
6572
960
4029
2629
2327
7296
4942
6226
2275
6323
4130
1615
1165
1909
6376
6625
5581
5158
3320
3501
6216
6855
1627
3038
320
1648
1160
158
7480
4733
4762
4499
6001
4960
6778
709
2312
6941
7217
5605
4787
2108
732
6303
3756
2823
1620
7472
7040
6644
5680
981
1995
4137
2371
5109
1586
851
2538
6817
5275
5669
5751
4117
3699
2072
6106
6751
2278
6254
5012
107
1215
1393
2403
2623
5671
2302
5264
1881
2168
6583
5
6450
5913
3913
3307
2214
2345
7148
482
1730
7287
881
970
5907
2832
502
3539
2518
1938
486
5350
5534
1867
6958
2915
1784
6606
3415
6588
2228
3909
6800
7310
2270
1579
1495
3035
4625
7266
1858
1970
978
1202
6150
5819
3719
2256
1471
3379
5196
6367
6320
3244
6578
7360
5827
2465
2466
6822
1218
875
3015
5745
4727
7386
2188
5718
6252
1974
3829
6278
6767
7157
1049
980
2734
5039
508
6912
6946
848
2856
1494
6534
6197
184
669
3677
1931
5655
6052
1301
7421
6431
6609
642
7042
4140
7092
3671
2082
6377
6902
3138
5662
4667
1026
6929
2924
6737
3972
2420
3852
3806
890
3623
5797
4817
1064
3398
4448
4415
4628
6648
2357
3587
2524
3390
546
3065
4357
3799
2131
2975
5087
6803
3056
2704
1207
1223
2802
2217
3778
449
5717
2439
574
6730
7088
1761
3173
819
1990
3652
2578
4793
5820
3159
6769
1589
1769
1493
1944
6137
2473
713
1468
3462
4758
612
3998
1423
5421
3187
5773
745
4095
4986
3963
3955
893
1643
4751
3534
6466
5998
6579
6575
7323
7370
3480
4475
4111
5521
5187
3951
6722
3836
2933
5985
7263
7364
6964
6699
6558
2786
5142
6861
1762
7022
1098
3617
3609
6177
4505
3222
5457
2487
1298
4369
334
6894
2527
6531
3518
2111
3754
2189
3381
3277
4871
5865
5254
4362
1012
7298
6016
2602
7160
1315
831
4275
4968
4537
4650
3703
6135
2513
317
1505
750
82
7460
1860
6356
4128
1074
5059
1590
1169
3512
205
480
343
96
4439
3472
2653
2221
6038
6006
4410
4250
519
5634
4900
3553
1708
1243
3787
1412
2023
2611
3874
7303
647
4586
6061
7235
4595
2883
2598
2517
2631
6300
4460
91
7396
3346
2
2445
3051
7173
2076
845
3740
1632
5200
5733
6134
6427
1522
4105
5755
1777
4487
4888
4463
4323
5670
6069
3717
6333
5937
1016
2191
1943
1992
3728
4089
5679
6095
6178
1562
1888
6884
7369
6835
792
2579
179
6411
6903
934
2939
6129
1578
6693
7416
1417
5450
1227
7407
4693
1546
1695
6324
2030
7117
1952
994
4265
299
2484
5156
3429
4763
788
3956
2574
4976
5659
6562
2995
1458
4020
4950
6166
1122
3559
121
2027
4975
3663
1630
255
6959
2150
2053
522
1639
87
5257
5787
2773
4856
2987
904
3593
6194
2818
3879
3329
1263
1892
625
5835
5017
4409
3257
2019
1365
1411
5993
5661
2940
3841
4361
4575
6082
5665
2441
1780
6961
3359
4612
7110
5277
5682
3827
755
6982
7075
2308
7192
2961
3146
1702
2462
7262
4724
5792
1658
2681
6527
2227
4610
5460
5645
5943
1438
4389
3436
6976
566
408
7170
813
5506
4285
48
5343
903
4590
6940
5073
5413
3662
4660
6066
663
5431
4133
1541
4311
3843
3622
6312
7188
6993
7000
4380
5770
373
4164
866
3893
60
2849
1738
2071
6451
1810
3515
7299
571
5895
2724
2929
6629
513
4980
5326
993
1150
4022
2580
4114
5876
4556
7445
1297
1348
7221
1570
3529
2833
1492
5083
731
2307
7461
1363
601
7425
2043
956
3223
2494
464
6051
5475
4830
6543
208
5934
6003
1319
6410
1733
4400
1545
5914
2533
3441
6986
2054
2298
1965
1401
7233
2949
599
2109
4508
2233
5696
4109
6265
3375
172
5760
3176
1949
5562
6405
2991
5983
6336
3240
3197
3200
3264
2383
5821
850
6680
4813
4093
3997
241
1729
2087
4368
6714
6909
6726
1737
5744
655
3823
5490
3226
5856
2800
3520
1289
4501
6025
3243
7394
5613
6230
6911
2956
37
5906
4849
1445
4522
6256
7467
4163
3215
4189
5300
6498
1720
2052
4182
6749
2192
4964
2959
2099
4134
4698
2958
2677
3733
2014
2274
516
4781
6383
2831
326
4626
2721
5539
2146
2216
5451
6698
6331
6939
1310
6111
3459
5896
2508
5380
3650
5014
6813
3562
5316
2672
5398
2454
1984
2399
3757
6915
2290
733
7483
1479
6121
6510
5592
2211
1705
3600
3498
132
3716
4310
765
1736
3148
6739
2971
6975
6084
3729
5007
4208
2661
1866
6464
7404
1387
1607
5327
710
961
1220
4683
4943
4018
834
4797
5567
4859
5548
7451
392
1794
1703
2212
557
4643
180
6820
770
5818
3282
3965
763
683
5544
2503
183
2388
6468
1818
6789
7132
1340
2695
1322
266
2998
4459
1937
2074
5076
1531
5637
6524
7037
6508
2425
6091
2992
4332
1830
1248
2570
3961
5885
5577
2148
4890
7355
319
6868
4282
6420
1728
1655
6829
2139
5730
5136
3669
1749
1478
6752
4644
1848
1181
1831
421
3242
5786
1434
2001
1735
1903
6995
331
6776
2459
5667
5010
2340
528
441
2277
5139
7
4270
5855
1711
3481
5488
5999
238
5304
3948
5146
2550
5042
2317
4607
895
430
892
7212
5734
7251
5541
1753
7328
3218
4661
1068
3767
1678
6869
1132
4879
4506
4486
1778
5055
5058
5795
6771
6037
2556
5168
3271
2793
1862
6308
862
6652
6898
5966
4542
5317
169
4348
6611
5151
832
503
5753
1913
4654
5234
4675
826
6538
5426
5284
2455
5455
478
2834
3404
3199
5832
4631
4579
7463
6529
7056
3550
2322
7357
7097
2709
1584
5578
153
3061
6969
5386
3236
465
315
4811
6389
2891
6945
6926
7106
543
860
4999
6546
4730
3571
6630
4897
2310
4165
200
3133
3317
5731
4155
4801
3326
3724
6396
812
6110
4915
4926
2106
5738
5505
1240
2569
4642
3190
4855
340
5166
3983
2582
6711
6777
1504
3297
2628
907
6623
3476
5759
5169
2342
6415
4543
5493
5808
6257
314
3412
7226
1664
6729
873
1371
3253
7348
1409
6238
3446
485
4624
3521
5212
6723
3506
5441
6624
452
971
3488
3855
3485
1537
209
4838
3532
1366
6539
5022
3638
1403
3232
2643
7393
2788
4547
3760
1580
2679
3452
4966
1834
5339
1102
3023
3050
3340
3949
524
4863
6144
4470
4146
2913
1017
556
5485
1770
1766
4403
6089
56
871
3034
4416
451
3020
6128
3031
4012
1587
4241
2884
2279
634
5322
7154
5199
739
2718
15
2614
6013
964
1021
7237
4578
4220
3748
3345
3574
75
3658
1686
7224
4086
1987
3451
2423
7156
3585
4445
5762
2799
7482
7275
2092
7255
5222
2094
6189
6007
648
5974
628
5307
307
5979
369
5612
3493
1601
4249
3511
2059
4903
3095
2838
751
4319
3790
396
5355
2257
6422
2863
4864
6631
4054
2063
2467
1364
7195
790
1018
2151
4422
2540
5750
6083
6973
7302
6734
6914
4503
6463
3952
6126
6928
5130
1934
7089
4454
2746
5873
6344
1258
2983
7246
6249
2372
5574
2010
504
6397
1879
3970
7244
3985
632
4043
7281
1642
1983
7103
1308
2206
5922
3272
2453
4570
4206
2761
4039
7096
5416
2223
4605
3022
1190
5956
3725
6622
4374
4551
2235
329
1135
1971
865
1386
6146
6002
7301
7086
6225
2941
415
2716
996
953
5401
3635
1618
4517
447
636
2545
4857
5341
1701
1282
1198
1948
5710
4174
4045
1033
4569
6882
6489
328
7479
4805
918
5888
4783
6525
1832
5474
4720
403
7485
4987
909
5286
6700
2781
429
2895
4755
5554
916
837
5597
3743
3907
6246
7214
3048
1816
3394
1556
6017
6593
7314
1942
2280
1675
5713
4173
2058
592
2265
5218
6948
2668
5159
7282
6298
1789
6208
4791
7026
1114
6997
1271
2916
4532
4104
3362
6220
1898
1572
3052
6080
2627
1117
1237
4169
2365
6842
2414
2694
6286
7094
1837
6931
498
3612
5798
3868
2511
4062
5232
5848
3870
2172
6433
404
4735
5052
152
6587
280
1425
5704
159
1011
1921
4701
811
54
51
1489
7006
6703
5281
1439
1232
1228
6906
814
2779
3039
2463
1167
4895
113
7182
6467
5941
3300
3691
3072
2671
5247
1916
7049
3939
3367
2291
3700
6028
2747
5919
600
3890
7093
5525
1090
6338
2332
810
5319
4081
7180
511
4868
2272
376
1060
4655
4560
5278
649
4336
6896
2038
3602
6368
3591
5982
3088
1679
2775
2413
6834
1514
5305
4767
3934
5529
545
5927
5673
3785
3194
2740
6719
6175
6616
6335
1335
1037
3577
4099
6085
5410
2405
7455
7443
5796
7319
216
2469
6309
3432
2300
5403
7317
6346
5877
1031
3076
3548
7294
614
1782
3971
5989
147
4608
4785
1650
4119
5104
6880
5959
863
4549
442
185
3420
3454
5997
2842
5579
2197
5663
1899
3744
5314
4159
868
5869
662
4413
2868
1295
4425
6614
230
2725
4725
6379
752
6837
1379
2633
5134
2901
6918
1144
2769
1089
2828
1917
1673
3284
3812
3731
6299
5824
5774
759
6548
4352
3576
2115
2237
4815
4307
4710
4635
3665
5081
3234
3595
719
1372
7108
5533
6494
2249
4512
5094
7271
2526
353
4892
4152
3473
142
422
3325
6797
2364
279
2236
6922
4922
701
1216
5563
870
3872
4047
629
4290
4711
4734
4718
2449
3628
6772
6293
6695
6594
4973
3368
995
2095
2739
5642
5487
154
1103
4983
3418
5425
2803
2120
689
6672
5587
576
64
6170
4860
4961
7135
2428
13
5308
5557
5566
5697
5736
7476
1823
4696
967
6409
933
2474
29
6094
3391
874
6021
4125
3575
2637
5861
5678
7261
3322
5126
1508
2486
1529
7432
2667
3964
6387
5739
5558
5775
1032
2862
4007
4750
6020
2563
3115
364
4428
5705
1796
5325
737
2016
842
30
974
3385
218
7285
4142
6996
6934
617
1900
955
6329
375
1532
5542
1840
6365
2650
1477
2306
5601
3321
843
2339
879
6744
6754
4778
459
6900
3546
5261
3018
6746
5074
3655
3887
4839
7459
2928
3269
6983
7099
4756
6284
2247
1661
6491
2600
6062
3126
3741
1427
2925
1698
3044
697
704
4990
6304
7265
1067
3330
5313
5870
6874
4623
968
1355
941
1516
5422
3776
3519
5489
6142
7054
5838
4440
4144
2176
4080
5446
5903
5904
3310
2684
3933
3742
2691
1725
5708
659
1717
4588
6314
878
1024
7278
4524
7225
6295
3564
3584
2871
4945
4216
5720
1470
4320
6145
2675
6402
1356
4230
3027
5576
3597
4028
7471
1134
6507
5790
1137
4192
2657
1890
5991
259
3286
5890
3175
4982
6921
6854
2861
2560
3751
856
4034
3203
2593
627
5016
2906
5599
86
1783
942
2343
5203
6120
265
6452
2451
5362
7350
5549
4402
6302
3737
3509
4998
7326
5524
1999
1597
535
3894
4353
7161
45
163
3917
4682
7011
7379
4738
3017
1158
3864
5046
4141
5066
1567
4427
5872
1229
5167
352
5133
1561
3157
4384
1087
1112
3981
7181
191
1651
5449
5230
4167
2040
273
2836
6437
2149
5077
5767
2375
4686
1718
1029
5809
5591
1905
4564
4049
4331
518
7413
46
3851
1989
5606
4939
428
2182
6917
3555
135
5478
1751
2857
4955
7349
4213
3875
5018
7115
3967
2546
5373
3160
943
2112
5119
1264
1929
670
4464
6677
618
5020
2966
7450
144
6675
3105
6169
5765
2005
6297
6219
5992
791
2116
5032
6307
3788
2201
7027
146
1981
7402
4396
2154
5517
630
1219
4633
4822
3312
5282
4861
2705
63
2722
2942
3768
4580
3686
5610
6399
4490
3155
3351
3583
6787
7423
5482
4496
3732
6395
6799
1902
4267
4129
2261
1057
301
1204
1846
6570
2588
7118
5926
5315
2534
2904
2433
6770
4245
67
5625
7066
7277
4359
6853
4820
2640
2443
6885
4766
467
7207
573
5585
1600
4536
1236
1378
2848
2501
1727
6881
5273
3782
232
5121
2353
203
6417
2190
5163
1052
131
7218
6559
1347
7076
5887
1623
7005
6148
973
1083
5147
5469
6553
4183
5924
6072
4277
20
4477
7448
7152
7028
2226
3710
5072
6381
7387
3171
6980
3817
2683
1473
4243
453
324
2502
5633
5376
3475
2203
4907
4083
44
1249
6447
5781
1416
4180
6435
4412
304
3822
4414
3354
908
5029
5191
1919
6774
4673
2647
5468
3712
6635
3068
5383
992
2081
2250
4659
3764
1239
2553
2051
1551
6024
3646
325
1388
356
6227
1370
6421
6201
1048
3083
6476
7213
774
4743
3537
6224
4019
2819
2022
2710
166
3986
6456
1596
5395
2326
3928
5211
1836
175
572
3666
7420
2177
6503
1142
5154
4592
1296
4367
6187
6205
6963
5181
137
4979
2806
4356
4534
4752
4601
2690
93
2456
4527
2701
3103
3883
3477
2921
723
5519
385
2952
5689
1644
2555
5615
5388
4639
3763
2576
2609
3810
2017
3098
5352
2659
6288
2174
1138
1872
5866
1255
608
3029
1719
6444
5972
6164
6258
3387
2424
6768
789
2700
457
1360
4103
1500
6339
5712
6460
965
6141
5647
5552
6181
4531
4689
4457
4149
7020
3120
4035
377
7291
7424
1928
3979
3147
2121
817
4110
570
958
3166
3922
5528
1361
3334
7109
7140
3092
2543
3702
5224
4199
4775
6348
2389
31
4559
3134
4958
1139
3891
775
55
6627
4434
5340
3526
4918
80
2944
97
6153
4528
5219
1415
4867
902
5141
5291
4707
1009
3230
4184
861
2381
1959
490
355
5964
1954
6054
5249
1998
637
748
5936
2369
6358
3759
935
4680
2922
7163
1507
5019
2757
6232
3978
2448
5432
5917
7073
2510
5347
4567
5023
4941
1023
5962
77
5268
5344
6521
2086
416
2041
6654
6692
2830
2020
5867
3137
6514
7051
1015
6733
7242
7428
5346
4190
5242
5925
3626
6074
7129
1448
6889
4957
3747
5631
4135
1418
564
3895
4065
4665
484
2763
2973
990
292
5909
1963
3830
7286
3084
2193
1225
4232
6550
5503
6115
5949
6342
6378
174
2811
1779
3849
4552
7400
5213
2179
5409
4621
1538
2386
2478
4235
347
5843
7085
5686
1953
3448
6271
5609
4924
1671
5976
4294
36
5729
2370
2662
6904
202
1394
5132
2242
3449
2355
1251
5570
7385
1968
532
2923
2350
3966
3260
2187
6825
5611
3936
3522
3208
2750
7373
931
6681
2979
1918
6930
1912
194
6325
5258
2119
2269
7358
3974
420
3192
3268
5079
3513
3693
7009
667
6846
4972
3413
3378
6412
2853
7273
652
3127
1312
6469
661
2276
5700
2133
5231
4780
5779
877
6117
3150
6991
7036
6217
4663
1055
6172
7340
6234
3067
1463
2096
6112
1474
5170
6380
1429
6679
5408
4971
2815
4985
1748
4810
4893
5228
5883
42
5530
7164
2037
327
4739
6515
6603
283
4554
6185
6482
4253
3711
5588
2432
2851
199
4806
104
2000
4312
3781
5293
3567
2554
2475
4485
6783
2520
4031
2937
4269
84
233
4732
829
512
395
3551
4363
5619
6103
7043
5849
495
3106
4191
2143
517
7383
4568
5037
2325
6697
338
3227
2772
3871
3630
3818
1799
6971
3219
7431
5120
3857
2865
2085
6193
5285
193
2900
6149
1400
679
638
6244
5091
3456
1568
922
4017
6174
2767
1792
872
5743
5265
2981
6814
62
3800
5754
494
2809
6557
5003
4248
1349
6500
4279
1755
4042
6968
4563
7484
515
3278
3374
6598
2737
5568
7300
2490
6666
6831
1767
1488
196
5793
2029
1019
3906
5510
3687
4228
6916
6183
244
4645
5480
3217
5674
5995
2208
708
2566
6488
1527
7279
5502
5178
1097
6671
2416
2268
4874
6766
393
261
6905
2378
7469
5381
5802
5945
1657
4836
3596
1882
3280
2914
1533
2616
621
7070
378
5828
2743
6439
151
3408
3896
3032
5452
316
5466
3690
5723
1437
3258
1741
3904
3254
3552
3457
6755
3697
3698
4358
6259
4048
2542
3377
4302
4933
6165
1266
4002
2136
7080
2714
7232
1925
189
6163
4886
2654
5444
7332
1156
5434
2060
1000
5464
417
1194
3882
3604
6604
6639
5356
575
1485
2703
654
5364
4115
2234
4148
5690
3573
5406
584
4803
293
5550
372
3026
386
1689
4408
6373
3124
2648
855
3419
361
1509
2870
3089
5064
479
2755
3494
6176
1307
7101
4345
3389
6310
235
1267
4602
5491
4963
3406
536
4156
6042
5302
6545
424
2128
6694
89
5348
688
5240
1314
7240
7223
1338
2253
3598
2015
2909
6886
4574
4912
2930
1036
3073
4451
547
83
2404
7359
1454
6076
894
587
698
4317
187
6522
3040
5721
4145
4326
6607
5695
3096
6204
6696
749
7330
5420
3910
4251
651
6533
2338
4865
3281
6473
1028
155
6131
5215
741
129
3649
5520
1391
7060
5863
4480
5390
2483
899
3991
686
2390
2529
7177
6676
4641
6717
7478
6326
4826
6541
5947
5701
6682
271
1278
2926
7457
804
4239
6516
2516
6446
4753
5415
1196
1781
3544
207
6116
7341
3447
624
4807
5984
4467
52
3270
2045
5920
5371
1252
1826
3151
1127
6511
7050
5321
3557
7329
5207
677
4378
6419
4021
2313
1957
1152
6311
4862
1754
5331
2409
989
1571
3342
6763
3915
5878
4742
2841
4768
6198
2764
2065
3689
6678
2634
5370
1515
3338
6031
43
824
5366
534
1180
1373
4046
4984
6806
880
5684
2964
1426
4308
4759
910
3004
4829
7007
7038
2446
1123
5405
339
1094
6343
5933
6621
2780
6857
7342
3709
3601
405
1382
6920
6569
1359
4375
5090
2382
2050
4921
1576
1993
455
2304
6720
5140
1051
3858
1804
5660
6935
2126
272
3442
4896
1549
6640
1065
4581
1951
7269
1380
611
3850
5569
3248
6670
6162
1550
5780
633
4351
6281
896
3121
1806
3245
7174
5235
3315
3837
6966
1603
2410
7405
4037
1520
7462
359
4207
7035
6790
4238
407
533
3618
34
1688
3773
4246
100
3213
3992
4271
1526
362
6721
2033
1317
439
5921
2356
6119
6109
4970
5650
5955
1294
1121
5901
3769
1005
6195
2230
4226
5507
5598
1682
2858
4555
1985
2144
1133
6989
3428
4032
1176
3021
6322
6667
552
7442
425
4656
4993
4453
6477
5279
4296
2418
3008
3042
1328
4854
5299
1126
4919
1241
6796
1259
5834
2417
6761
1967
1815
1575
2641
4697
2797
7175
3479
6601
1915
5044
1760
4102
78
2589
1723
1039
7409
2452
4281
959
3684
6155
581
6404
397
1936
5127
6832
3057
1283
4875
2047
6554
1853
6260
3950
6819
6942
1185
6393
7197
1184
2232
2137
2785
2198
4051
4388
1208
5465
5772
6075
4530
6741
2880
3566
1362
65
6801
5573
3464
3265
3129
1811
6586
622
6519
1234
4716
2147
2875
1146
5368
136
6567
1857
1345
727
3156
7003
7205
229
1933
1177
807
987
2532
1969
2872
4338
1734
2530
5556
1342
3440
5280
5889
445
5932
7048
3932
4827
6704
5825
1684
1436
3181
4044
6556
4726
5693
1318
1288
3616
6883
3357
2644
3533
2638
4132
3491
4894
561
4744
2429
4303
6792
3327
3531
6040
4760
2377
4500
6859
387
6363
4719
776
4346
3886
