6453
3471
3393
1331
2738
4774
7029
3867
3497
1389
1554
5564
2134
6549
1022
3062
915
738
5227
5309
1847
5604
3170
2867
5575
7187
4171
716
4658
1825
1163
5117
849
5640
3363
1193
1821
2652
4690
5537
1672
3920
6156
582
7305
2141
772
5320
5252
2539
4150
5271
4419
5963
4082
3220
6118
5161
6424
2776
3683
5841
454
4676
3977
3255
3770
7044
4371
4902
2551
260
5255
5908
4429
2980
2957
4929
5385
1222
2961
2987
7110
2158
5065
5581
3051
5614
2911
2053
1888
615
6003
3972
1169
5338
2191
1215
7425
2915
1601
2891
6820
1749
6813
7224
2453
4903
1818
7120
4897
3969
6013
441
5574
2971
5808
4966
1537
5386
2739
3822
2432
55
968
3018
2045
638
6293
3896
3986
3509
1954
5154
7484
5302
1902
4402
4512
677
1576
7409
6556
3491
1184
4854
6935
5140
4139
4375
1967
6363
5366
3773
727
3129
43
7003
3616
6721
3463
1358
3489
4227
4977
2209
3594
5703
7422
7392
5436
1153
635
4794
40
681
1625
3002
4108
3468
563
4618
2903
5036
5040
4769
1820
322
1070
4479
2812
2089
6492
3861
3306
6943
6390
728
5101
217
251
926
2994
4008
7419
5345
1838
3437
7321
2163
1977
1257
2687
262
4723
4259
4846
3212
5722
711
7189
6977
5791
5749
370
2732
7116
2127
171
5624
4679
4951
693
2549
1693
6215
1802
2303
2379
3314
4471
1238
589
2281
223
7234
247
6540
2271
885
3502
2898
6710
4840
6081
49
5336
2886
7138
5879
4340
1659
2178
2717
3009
4096
394
27
5954
2558
5875
2702
5075
1056
626
3921
2844
7143
4079
4097
3806
1173
1412
5717
4721
2023
6690
2321
1708
6579
5107
4275
5669
5943
850
1582
1319
418
3754
851
4389
1729
4712
5450
6324
1761
4362
107
96
5073
447
5885
6025
6397
3459
873
6331
5144
331
4579
3650
6623
2718
1735
809
1736
2746
4522
1366
4797
6525
2206
7096
6771
7394
5355
1220
3757
1258
6546
1009
4378
7225
2647
2497
67
4135
5240
137
2017
7265
3477
6681
2375
1925
3192
7115
5395
5347
3700
4718
5642
7118
3270
2554
6763
6755
6772
6380
5609
1120
2418
2144
3008
7283
1317
7035
5531
3181
3479
2872
5693
7174
4051
6883
6832
1345
2033
272
6519
1362
1603
880
1283
1804
6670
1577
611
3858
2589
5027
6064
4355
1955
6802
3167
2860
4033
2624
2173
7391
5145
2166
6628
1548
1612
768
4177
3131
3540
5840
4373
3001
6274
6043
5714
3118
1699
2267
7228
2222
4212
4221
2896
2756
7475
2438
4272
6068
5009
5868
2328
1602
1776
6849
5294
190
3681
4050
2376
6340
2412
7209
4122
5205
4599
5197
3172
2713
4455
3195
4965
4995
2649
7065
7292
5337
2384
1656
4421
4116
2630
2329
6090
816
3395
4236
4349
2013
5442
4283
1722
1124
4072
3636
3450
4060
3673
7260
5128
7081
2597
5397
7015
1519
3465
3528
6416
3897
2733
237
109
5602
641
73
2607
1637
6207
3323
5050
736
3444
7100
836
6811
2506
3774
5071
236
1920
2950
3877
4789
1714
6617
1006
4934
597
4181
3811
1996
5113
4447
793
5070
1324
4126
1793
3142
4420
1757
3046
7325
2224
1168
966
3309
1665
658
6600
5194
7361
3132
6809
6967
6101
1851
3504
6738
2064
2114
188
3735
4449
2947
1842
5515
664
105
5527
4466
3563
4708
6653
7222
3261
4594
2954
33
4646
3010
6937
6222
4842
6780
1293
5206
4573
5940
6332
3122
4435
5374
3900
4176
887
6873
1042
7464
3560
1027
5553
744
2421
5225
2509
5923
4476
4003
6143
111
7183
3619
4278
2129
3047
1109
2393
2984
5778
5688
1069
5097
7062
6497
510
4617
1038
274
401
1491
6330
7201
2464
1043
4731
1829
3231
2199
242
3572
4172
761
3100
5125
2488
1595
888
6044
6657
7398
6351
2536
6296
4737
7437
3980
2387
7196
7290
6445
5771
760
4495
3186
3510
805
1621
1878
332
5621
5931
4844
6591
3705
1455
5445
948
6998
4582
2873
6990
1008
539
5948
692
3989
3290
7200
3401
2004
6398
234
605
6936
7142
5223
6715
2784
1456
857
1752
4935
2461
3688
7454
2804
4914
7172
1523
7447
4814
6487
5438
4071
795
6337
6745
4337
6845
1553
4315
2525
5676
1320
4068
383
434
5681
1513
7199
7414
5741
2301
3581
4288
4695
4024
5396
1186
7284
7436
7114
1499
7417
4677
2696
368
1667
3416
7227
4101
1452
5272
6957
6010
3069
6818
3892
579
3580
1428
4784
4036
6564
2334
2603
1565
5034
4852
5209
2157
4652
6056
5715
5365
3318
2031
4254
3570
6518
7444
3075
4691
5220
2827
4398
1143
2686
1270
3224
1555
2565
2665
7481
3037
2562
5106
2088
1809
4153
7344
1573
1668
7243
580
1072
3063
3634
3078
7126
4728
3112
6328
1849
2062
1054
5124
3099
4166
3182
214
399
6812
2021
1528
4482
5668
1982
696
1763
7254
5902
5428
505
4584
3657
225
4772
5812
2229
1845
1956
2142
7380
6041
5359
6357
2398
14
2669
4765
3060
497
6385
3091
1183
3025
2599
821
5481
623
4940
6214
5135
5204
4669
1174
3411
2547
2263
7477
2374
779
5250
905
3386
3960
997
4291
195
6750
4848
281
4525
6753
7059
1997
6499
337
766
224
1563
423
3976
3839
6838
7058
6425
6436
5492
1564
4956
5414
7041
6213
2333
4819
344
1547
6844
1002
310
4795
6026
4198
4231
2635
1530
4821
6978
7270
245
7257
5407
1975
4309
3108
2066
308
6833
277
3427
4748
6595
2284
5384
312
7231
3369
440
7128
6528
1481
32
7245
2874
5243
3169
1262
5443
462
3624
5930
1422
7186
5498
4729
374
4365
3343
1178
4877
335
7333
6637
7378
5952
620
6735
3930
4225
7017
2878
5195
923
3402
6506
285
2359
3653
4833
3727
2056
1641
2888
5823
3288
2587
2186
6154
1647
2499
540
2164
7031
5053
4681
2422
5555
1107
5260
6706
841
936
4433
249
1357
5245
1325
7229
258
3201
5958
1814
4438
5043
7388
6532
889
6807
7125
1449
7280
1887
4327
2436
665
1201
5093
433
3461
6858
2244
6872
5233
2719
3641
3825
883
3028
991
1305
5845
5114
2751
1368
1131
6668
3931
4257
7131
3291
4585
6364
5429
2689
6280
3117
6180
5957
2132
1884
291
6015
2988
6689
7345
5262
4287
6608
2864
4260
1765
4773
366
7430
4786
6173
2361
2314
4394
5470
6438
1859
4483
226
2457
3937
3353
2795
5248
6878
360
6826
806
5382
549
520
414
2165
2283
6060
4967
1591
1213
6658
4553
456
606
3082
4474
3723
6999
853
3252
6158
1490
432
2605
7376
3241
6901
4370
4597
23
3361
5942
134
5290
1828
1326
1543
847
6785
5458
94
1628
492
3279
1850
4339
1030
6953
4498
6547
3303
2255
6418
5805
3259
2745
5354
3517
4234
2415
7315
3370
3648
3
3761
6927
3869
2615
348
4904
7002
186
74
6443
3228
1807
6247
794
3414
5189
4493
6573
6353
6087
496
712
2825
3364
1610
884
6633
3873
1800
7064
2855
3011
3809
3994
2794
4931
754
2575
6724
5241
6130
4215
1334
2125
1327
311
5816
5015
1407
5437
4154
6684
5276
6414
3715
1557
5636
1732
6400
7356
3919
3331
4383
3211
6649
7406
5651
553
1260
886
1086
4078
3783
4969
644
4770
6264
4948
2791
5118
3324
2592
1275
7053
4074
2955
7150
4392
4740
4562
2656
2899
1191
3777
3845
6190
469
1868
7215
59
5603
1542
5768
2936
7068
300
371
120
1669
2024
1864
5033
1817
3064
1599
4741
4009
610
4385
7272
5728
2890
6184
6055
6647
4162
4432
691
2805
1247
4456
6863
6965
4510
1269
4777
3174
6798
2758
833
1764
5358
6565
4952
7113
6188
646
1268
6788
2011
3399
5274
3049
2080
3336
5595
5911
4186
1716
3621
5600
800
4996
3755
4214
5874
1704
3911
7307
143
5737
583
5839
5283
3467
2360
3853
798
2349
2706
6127
7418
3758
7306
3125
796
6086
2953
1681
6093
295
4600
720
932
565
3549
4098
2430
463
6891
2723
4401
5799
4390
4649
7079
1502
1797
3507
5977
2351
1803
2427
3366
3043
3154
58
173
3814
5463
1281
5155
2561
5653
284
5830
852
6827
3902
2919
7046
2500
6701
3045
4194
2077
6552
2048
5811
5418
9
7415
1171
1346
2826
5095
3216
3296
3866
5761
7184
6816
3478
357
254
6012
3828
7453
1756
6203
4905
309
1464
6871
4913
7410
1303
5511
2618
6582
839
7313
5122
6263
4747
4090
4444
4591
4292
2097
6560
5664
2397
3474
6369
6870
2792
2666
1843
3024
2908
4324
2118
585
705
4828
3376
4717
1534
6334
3704
3135
4026
4615
2394
4603
6740
6428
2931
4223
5512
6014
3164
7151
2075
4244
7095
252
2567
6272
4492
3054
7032
6815
5002
3191
2608
5399
5089
972
3629
3999
6523
1991
4252
1062
4981
5295
982
650
6057
4295
7377
7381
5784
6370
2161
3614
756
4100
3188
5535
98
1465
5915
4073
468
5699
4583
2450
784
5800
7320
6392
3214
7353
3000
6836
2135
2289
3530
243
5246
7449
7441
7090
7023
3888
7010
5005
5766
2822
6354
2215
4911
944
825
6199
6063
5618
3505
5149
815
4598
4442
4262
381
1332
6458
3568
6479
6361
2260
398
5726
6321
7438
3880
1772
2442
746
6124
6023
4713
4620
6974
5453
6035
928
5459
1663
5471
1096
4771
5456
123
7331
213
7473
6073
436
1910
2346
5175
6029
4694
7067
2882
269
4994
3944
3209
7012
4381
2218
3639
3654
924
5332
3110
6138
1085
3834
3360
4161
1277
1092
303
2986
1743
7435
4936
1187
2348
1696
3701
2262
6743
2248
5967
3605
489
5375
7021
3775
3516
1333
4561
4798
460
2960
4059
4959
5719
2835
1398
6821
986
2152
2401
2905
1274
6944
5975
4069
313
6475
4589
657
4614
76
6273
1390
2782
5483
182
6899
2639
2507
4974
2982
3556
1093
5518
3848
6876
7375
838
3410
2003
4121
6823
2419
2055
7072
5379
5635
7465
3631
1707
2167
1908
3111
3545
1077
1585
1893
2917
1475
7169
5836
5929
4322
2771
2943
758
4027
695
4881
466
2318
2962
1638
5028
527
3942
6962
1351
6504
724
443
6352
1497
1406
263
920
645
6618
7372
2581
4672
596
3726
5842
2170
7061
4417
5860
4616
5894
3899
7362
6237
2678
717
2674
4123
2049
2993
5186
5440
5666
1480
6486
5297
1306
250
4299
3543
1188
4497
6590
3299
5526
2726
6687
3901
4344
707
6341
6641
4572
5789
4671
1852
3383
473
4004
2920
6551
1622
4085
2845
2012
1440
6053
1629
6956
3102
7268
4745
2363
3525
3189
165
6501
1145
5183
1004
1157
7193
1374
1677
5857
1535
5565
3926
780
7456
4764
4906
2006
5950
276
4360
7334
2798
6683
99
6099
130
6537
7339
1003
41
1680
3863
1616
2295
3714
5590
6100
1617
3153
2492
2660
5899
2829
4377
3380
1721
5238
930
4151
5748
5692
6374
5102
2969
2273
5054
2008
3792
3538
1924
5776
2354
1147
7308
2876
6568
2622
6794
4757
6349
6994
2918
6613
5981
5306
4545
1084
6275
2985
6867
4489
1633
6457
525
2293
687
4782
6619
5061
2435
3588
2036
6566
1841
7136
5607
4488
1518
3431
17
6688
5060
7124
551
4609
2202
5013
438
2584
4539
5810
7033
1226
906
2787
2044
3625
2083
4458
4418
2330
3862
613
4481
7001
2711
3090
859
3347
3114
1978
3642
609
5479
1073
4175
168
1081
4491
619
676
1827
177
5201
5172
773
5623
2927
365
4937
2241
7063
1654
3682
2434
1856
2894
2541
2067
6231
6391
2869
509
6279
3503
3273
1209
6840
4664
5329
7019
5353
3246
2440
2673
3940
6429
3889
3274
2996
2504
2577
1047
7144
6747
6157
4354
164
6781
3914
1511
0
1901
1746
5616
5589
6079
7127
6210
6470
5777
6228
2287
4330
2548
4088
4704
5116
5176
1635
318
2999
1199
6913
1503
5349
1911
1451
6495
6266
1466
1443
1290
1250
3333
1660
6305
7366
6691
4406
2748
3289
1231
6660
5509
6191
3238
1066
4637
1608
1459
1148
289
4685
7025
3373
4533
4866
2084
3007
5086
391
1715
6161
3542
5912
419
342
5850
3003
3842
4688
5788
6659
6509
409
349
988
4067
3107
6923
5080
3239
6952
730
3938
6253
257
6362
555
1396
6970
2636
6708
6098
5378
2974
7368
5216
4746
6727
2766
1935
1482
3184
5508
3820
3798
2727
6888
1501
4366
5648
6403
6932
4511
4218
5454
6561
1759
4304
6239
3993
4544
2472
2254
984
4143
2807
6301
2153
6707
336
5298
4853
6211
3815
3161
1061
1606
406
4087
3469
5164
2514
2336
66
2195
3168
5377
1446
6950
2564
6765
2079
3987
2596
5334
71
437
3407
4305
2612
3371
124
7466
4276
1419
1082
7083
5099
1088
2754
2910
5758
1292
1805
1961
1402
3860
3718
548
5256
1874
6646
2990
2544
6847
5179
6669
2521
2617
4538
5990
1486
822
5361
6955
125
5108
5882
3012
891
882
1962
350
2258
2663
3140
521
6810
3283
2266
7239
4284
1200
4170
5783
3470
4841
2323
2305
4391
1883
969
3670
4405
2632
764
3615
4992
5629
3101
5138
2219
2762
5620
5253
6159
6315
4328
471
2101
4812
411
481
4566
594
3425
2752
7167
25
5853
1353
6290
4947
4869
721
1964
6597
3627
1276
4461
6107
6663
6938
3221
6764
7052
1212
22
3793
939
673
7208
7434
3676
6167
3590
3233
6782
4640
4494
1203
7259
5683
6850
4507
674
4684
5807
820
1450
4240
1341
1833
1242
2586
24
1344
5202
85
256
4431
4541
1441
1410
2850
5910
802
675
998
2385
897
3918
6662
6924
6048
2820
6113
148
2331
2606
1405
1179
4472
5593
3927
6136
2604
6563
2057
178
3668
1865
6949
514
7411
569
4120
4070
3196
4204
5522
2626
2658
128
7014
487
7309
5000
5740
7102
2821
4382
876
6584
1674
3250
3079
6748
4092
702
6839
4076
4674
4709
4266
112
6947
1930
4452
1472
3162
2156
1116
1713
1873
3582
586
3178
3813
7159
4300
5484
6474
4040
7137
5814
1891
1605
3833
640
3179
1724
3885
4387
4094
4606
95
5854
5900
3013
6879
6705
3206
4318
4185
5833
5844
4127
4722
4611
4158
389
4443
671
4468
1020
5217
3445
81
351
1593
5296
2523
3149
4372
4063
4233
6865
1395
2938
6327
282
950
1106
5523
1958
5462
2225
6908
2471
4113
5546
5735
321
1521
5596
4519
2852
3589
4706
2768
5088
5654
231
5237
7030
3249
2068
3365
6824
4834
954
3499
1855
6791
5289
1431
1592
1377
5360
3984
2194
797
4273
1692
4593
2025
1309
1113
7168
5495
5916
1994
2491
5951
5333
5137
5978
7179
3678
5153
3996
1244
6371
5424
5263
3995
267
3579
4041
1687
2912
3113
4030
6182
119
5996
3305
4954
5303
1195
3423
4157
2292
5038
6779
678
5152
6760
7111
7107
6221
5852
5626
6775
1653
1080
4946
4211
2482
529
6372
4565
3554
1076
4988
7288
5532
206
1155
6196
5244
5221
6347
4851
3158
28
413
6027
5335
5467
5404
3606
4705
4558
1287
3302
3766
5806
1609
410
212
7468
1634
7252
4823
975
6892
7202
3988
5165
1619
4131
21
5439
2264
4298
5177
3524
6394
3762
4187
1886
1795
567
4925
715
1889
5752
3640
6907
919
1041
3292
6065
6077
198
4891
5632
6674
4629
61
1214
1588
5056
2392
5504
2698
4799
5497
722
1960
718
4521
828
742
222
3840
1302
7347
1125
1758
6786
3016
778
1280
6070
1300
2140
5173
4847
294
3348
5965
2479
4761
2613
228
6276
4576
5698
913
3356
3973
929
854
5057
4928
7091
6139
5369
2854
5048
7397
2238
5171
7203
2789
3434
116
684
1045
3541
6000
5160
4796
6319
1221
685
1771
367
275
4872
977
6160
6866
2997
2408
6242
6294
4450
3066
3093
6291
4437
4056
7047
3797
382
4513
6345
3903
6742
4124
3694
726
4514
6513
6773
3130
4229
2621
6071
6919
7351
5757
4824
3824
1367
7249
6240
5884
6104
7112
6571
3854
2824
4850
79
4944
1560
781
7276
2100
5477
2205
5078
5658
4837
92
5035
2720
3536
4242
5928
554
541
3185
1973
5657
305
694
4107
298
5129
1646
7384
2028
3923
1791
6005
607
6987
5622
1330
2976
1824
7382
3409
3337
1775
5716
1108
5001
1385
240
140
3789
3019
4201
6910
2175
2294
306
1350
3384
6105
4058
5837
7165
3486
3059
4286
7057
4587
3074
6933
3316
5433
3058
1140
1813
4714
5226
5641
1442
2286
5813
3014
1001
6577
1063
1413
346
1709
3835
4516
1875
4404
1790
559
6223
5763
1510
122
5643
6517
4831
1375
5472
2697
3417
4399
4647
6612
1880
167
5423
6864
4441
2061
2585
1224
5918
126
537
1210
7371
4136
246
161
4306
1284
1339
914
762
446
4423
4379
2090
3791
4014
3487
1540
1690
5711
2069
6856
725
3578
1304
3675
957
6728
1697
5323
2965
7162
2396
7338
5150
3053
7133
3819
4749
7452
7304
6019
6725
6483
5851
3696
6132
2093
6287
6731
2881
4200
2220
6843
946
6289
4651
333
2184
2246
4465
2670
1170
2817
7446
3722
4462
653
6233
5190
963
5572
7105
4055
4261
7327
3382
1869
680
7077
4023
6795
53
5411
4523
506
1476
5412
6793
4247
1233
6526
3287
6092
3397
1079
3661
7295
108
1397
1461
6830
3439
6268
6285
6218
5988
5794
2341
4843
983
3878
7408
6530
3816
6097
925
4321
2362
400
5742
4160
4057
4997
1645
602
127
5330
1130
1154
4535
5938
6243
5131
6462
1611
2315
264
4699
2352
3077
7013
2839
6388
2664
1111
4025
4000
6078
2601
3301
2816
4038
507
2730
940
2889
5801
288
201
1812
1786
3483
4882
215
1462
7008
3207
57
4666
6018
5687
5025
2373
3831
3707
2431
5829
3495
3796
2753
5024
4484
1211
5193
729
2552
6732
1059
118
2207
4548
2155
5301
7343
6484
6960
4061
5638
2481
5764
4325
2107
3801
5030
1149
3713
6036
6992
7130
181
4289
1662
979
3679
2110
358
2347
6413
1104
6270
4715
6626
5312
270
1785
2489
138
714
3388
1099
5846
5021
2468
5709
2458
5184
5063
1835
3912
7190
7121
3349
2813
11
3558
6505
3400
2245
7084
1731
2655
5561
4258
3036
7293
803
435
2113
962
4
6655
976
2728
491
323
4923
2319
2344
6046
672
1773
5513
1299
747
3139
4112
2885
4876
6202
1430
4118
1808
6102
1822
2282
3808
2296
3656
5986
6496
3143
5584
3080
1740
4350
6650
2366
568
4845
1894
4147
4188
412
1420
341
4878
767
6951
3165
4195
5756
7403
7119
5229
1408
7139
6251
3405
7335
5026
2877
3667
6459
1053
1774
5310
6718
4825
4196
6512
1128
3163
5473
5499
176
898
7078
2477
1706
530
2485
1947
2777
5583
3081
4006
4518
7248
16
808
6448
4502
6262
2002
4630
2335
4917
6848
5004
757
5646
7069
4989
867
2887
1626
2594
7194
4001
1035
427
1119
4179
6544
2951
2715
4333
799
1343
3372
5559
6133
2196
1424
1739
6984
2505
141
6022
7123
6805
801
5969
4873
5880
544
4091
4991
2039
1279
5617
3821
4703
7247
248
3795
7016
2162
4264
2978
5847
4692
550
4932
3193
2239
3492
5970
6757
3453
3856
1566
6713
117
1506
3720
6267
2042
590
1421
18
1095
4909
869
4550
643
3990
5677
2963
6212
6229
604
6664
3674
6033
7316
668
4364
2808
6088
4515
1496
6008
949
3335
5008
1136
1927
588
3293
6316
6009
7346
1536
1844
735
4648
6465
6645
3426
1272
3708
1598
7024
7122
5543
4219
7429
7230
3198
3695
157
3832
1235
1453
6851
69
3144
2130
3085
3422
3753
1164
523
6596
5961
6589
7178
840
2531
1414
560
3396
6206
3794
1352
3898
1726
1354
3308
2391
3071
4700
4202
102
6034
1383
4880
1988
5571
6686
4436
162
461
2299
7264
7395
1636
6108
7389
927
5328
4203
5893
1230
1768
4217
947
2770
5393
5897
4978
1217
7171
192
3962
1524
2368
1876
500
5968
7145
4430
2035
740
7191
4898
7198
3929
5994
5210
6171
4446
5905
170
5560
2707
3945
7363
7153
4005
1914
1256
6620
6862
2407
278
538
4571
6605
3055
3786
145
6520
7219
4274
2078
1787
354
6762
6988
6542
4016
5630
4064
6592
6277
6292
6440
1581
2159
2573
5987
4205
4504
1205
6152
5727
5185
4885
477
6954
4178
1484
7241
6261
4473
3637
3484
7204
7236
690
3752
3527
7074
2568
1694
101
1923
1078
19
1014
5391
1676
402
6736
562
3128
2935
2046
7039
3664
3041
5162
2692
6759
7220
2402
3608
6454
3237
1574
4280
5288
3734
5672
6269
3202
2251
7253
846
4297
6350
2437
5011
5551
2902
3784
3905
4314
1291
204
6972
3935
6615
5580
3229
1404
6897
5251
4619
5100
7297
5494
3611
4776
6610
426
1050
5419
3765
4577
2117
4858
1986
3535
470
4604
4613
6441
1058
1432
1871
6306
5392
1691
1329
1604
3844
7018
1640
6712
2470
1683
6535
5287
472
2105
2007
156
5706
3685
5266
1044
6049
6585
3607
2104
7274
2495
149
2744
2073
1166
1046
1710
2169
577
1624
7250
3328
330
1525
6661
1286
1976
6893
4424
6248
239
4347
706
3846
3943
3225
2897
133
2400
3087
4301
6702
6493
4884
5980
4899
4138
1498
5111
4053
4329
4678
2735
5098
6804
1105
6455
4237
835
743
7367
1091
5324
3285
363
1966
4255
3298
5724
4916
1745
2537
911
5123
7055
6032
6151
5685
6602
3721
4168
6140
2619
1
7433
5387
7365
2213
6673
7211
4293
3152
5831
2892
5447
35
5725
6576
1801
3183
2519
38
7146
4949
2843
2972
3645
3916
5892
1558
6490
3508
380
666
5006
1839
5675
290
1025
2358
1906
5815
4386
3633
5311
115
1972
253
1321
6423
7474
5971
5402
221
5292
1381
1253
296
4754
3116
5417
6758
4209
7045
699
4632
1614
1946
5342
5435
114
844
3750
858
3424
5944
1161
5501
823
7352
2970
6555
50
3094
4529
5746
106
3865
6235
2774
2026
5110
2946
2712
2699
2535
5862
656
6434
6
2595
1941
1552
2285
6050
2760
4263
2688
431
2009
1197
6430
5031
4930
3204
3958
5547
1392
5871
1457
2288
5192
2512
2693
3136
2759
2204
3610
6382
3344
2200
1460
3514
1863
5782
7318
1118
1559
6481
1189
945
3847
2682
2810
1469
5540
7185
2778
985
2337
499
3599
6485
7426
2183
6636
5858
2645
1649
4193
4634
2240
384
2749
2840
639
4889
5198
2557
6318
3947
3647
3523
2522
6890
70
2122
3772
5112
3804
3180
5067
7176
3644
1877
2498
2610
1904
6030
4011
6426
2847
5041
5363
4075
4509
3033
6808
7238
1742
818
4638
6638
6317
864
1670
4469
6122
4657
5691
2893
1613
4343
7399
1323
4342
4341
297
2515
2406
4804
219
3392
1483
1870
6192
3266
603
4210
6599
6985
4636
5082
5594
3435
3749
4376
2765
103
3859
379
6634
631
1151
6887
5582
6200
1744
7289
6461
2736
6665
3006
5500
952
5881
5953
1926
2879
3267
4818
3692
5496
3805
6355
4197
3565
3104
1159
1192
160
3953
5656
591
6245
3295
476
3119
448
6756
5143
3313
1895
210
7390
3319
3620
1101
5960
3123
1444
6643
3355
5400
287
4052
1798
2948
4910
5514
2625
4540
6449
616
7082
39
302
5367
3586
5448
2907
2591
1254
6979
6059
6925
2932
3247
47
139
5103
786
5427
3884
26
6685
900
4908
2783
3455
7439
777
2731
4013
5898
4397
5214
2989
3109
7206
827
5267
5085
5105
4927
3005
286
88
6408
6359
5357
5372
5545
2685
458
4066
1162
4334
3070
7034
7470
2646
2123
3881
5536
5259
5351
4627
1040
7141
6147
6123
1750
211
951
5239
2676
3959
5389
6581
7312
1980
4800
5461
787
3826
1861
5652
474
4920
5803
700
6313
3438
6250
2102
3680
4779
3500
593
5148
1399
901
4792
6478
3430
7087
2934
4901
2034
4084
1950
4736
444
3706
3352
4313
3311
1896
3592
2977
110
493
5236
1182
6209
2680
6875
2138
912
2252
6472
5939
1384
3968
4687
72
3205
734
6283
1265
542
7210
5049
5817
6375
4809
5084
5157
90
2741
660
3262
3975
6255
598
1940
1631
1569
3141
3807
5644
2324
4622
5051
1141
2259
1583
1433
6642
5182
4224
2411
1517
1337
3603
4010
6407
2054
4813
7155
3443
5196
2181
3836
2111
6466
788
7004
2316
3909
299
4733
7170
5661
3240
1495
6629
5804
4022
3390
1630
5662
625
1627
5733
6320
4089
2019
6767
531
7416
7262
1273
642
813
3924
881
3187
7323
2270
3547
6572
3652
4106
2833
3893
3559
732
4653
5934
1207
1615
3482
7296
2082
4832
2109
4520
1471
5645
663
2629
82
7000
5744
6562
2883
703
3802
1546
5421
87
2160
1589
6558
5180
2533
7221
3662
6278
993
1952
3622
970
2256
3226
2484
3263
7071
241
4505
1965
2420
2681
2945
5460
1505
4830
502
4612
7287
4724
1160
1769
4020
6841
5702
3677
7440
6964
2307
5413
5521
3941
2091
6194
6877
1172
769
1700
4575
1892
1632
7117
1643
6575
3197
4762
6737
3173
4250
6961
464
5457
5835
2180
2572
4460
755
2439
4316
3375
6177
5586
6714
6039
1658
2441
5254
6367
6895
508
4596
1990
208
7266
6580
917
6574
7263
566
3951
3403
6778
2189
2357
3480
6066
6333
3728
3529
488
3739
2518
2227
5859
3827
6226
4095
7445
7480
1733
2
2786
571
3852
2465
5682
5343
2150
2724
6265
2032
3998
1949
3829
2302
4265
5747
3956
6254
7216
5787
2642
4508
1652
6817
7148
3200
6583
4817
3307
3617
4140
1150
5655
1071
1369
6709
4856
3659
5983
6134
2367
5628
1311
4426
875
1784
6052
4960
6045
5745
5430
4448
2403
956
7337
5755
5998
5012
5659
1867
5760
2574
6946
5208
6803
3462
2856
7192
4029
6855
753
5820
3501
3472
1854
7364
4670
5158
6588
7486
1639
3518
48
2734
5142
2185
1970
1737
3320
5973
4133
91
3359
6959
1401
6166
3056
750
4938
1098
3838
6401
4667
2480
4975
4357
7299
1417
6800
2298
6323
5864
5096
981
6106
3436
5490
7427
1738
7042
5627
6471
320
3982
5431
2527
5109
6903
6958
4369
7040
4727
1026
6137
3841
3223
4222
2602
1539
4802
6082
2493
1376
4311
7158
197
1365
1992
4111
3740
903
2611
2924
601
1493
2991
3703
3264
7461
4793
5696
7303
2027
7370
3490
4962
6625
830
5156
7258
3415
5039
4942
7472
255
522
819
994
2940
2221
2704
4968
6197
4590
3787
831
4130
3719
4323
4395
6982
7360
1110
2312
3609
6981
6135
7336
5068
5605
2327
2929
6114
5865
2939
1411
1423
4128
4164
5516
1467
7322
5895
3613
408
4787
3381
6693
4137
1393
449
6976
1298
669
2445
7311
3745
60
5045
3015
1545
5087
6929
1487
5937
172
317
3954
3256
1780
2837
960
6909
6609
6912
6386
6993
6536
5174
2975
5188
373
2496
526
486
5993
1243
2517
6001
3346
890
6751
4114
2578
6427
5946
1762
1074
7075
513
5059
5017
937
5826
5634
5935
4487
5275
5092
4415
6722
5062
2653
3963
6058
3038
1297
6016
7324
6336
4625
934
2802
3433
3176
121
2466
2631
1909
4650
1932
5751
999
2108
2214
3587
6884
1881
4693
1685
7298
2278
1586
1995
5680
4499
6699
6038
6442
5069
4400
3651
2933
6047
1122
4595
6534
4758
6902
2949
1944
4285
4586
1263
3275
5718
205
334
5827
1458
1348
2171
2559
1363
4093
2308
4628
6312
2651
5187
6410
1245
5670
4409
4980
5257
4871
8
6450
6129
1907
2188
6480
3512
6178
6531
1494
5608
7157
3441
1261
343
1938
6860
5277
3329
893
2071
68
3957
4790
4556
3146
3257
1860
1468
7233
3534
5671
2580
3379
1012
558
1218
6680
5475
4976
3398
1562
904
5270
4763
3138
2796
1974
1049
6835
2462
3515
6095
3756
2371
6527
7088
5679
5326
2859
2309
5394
4407
6405
6648
1590
2571
7369
6069
5819
184
1512
2849
2311
4702
482
2476
3736
6236
599
7098
2623
1578
3429
3778
5876
2087
6061
2228
6578
4888
3277
5350
6067
2168
647
4660
7188
2076
4256
3244
179
1016
1100
2380
2072
3803
5200
792
6051
4950
6822
5665
7396
4410
1858
1810
4883
3593
2297
4105
5773
3496
6451
5
7386
5769
7092
4109
2598
3035
5792
574
3699
6940
5770
1010
7147
158
7421
2579
3623
6726
1570
2131
2233
978
5985
2487
3539
5269
6376
1885
4887
6252
3843
3879
6356
3730
1202
1227
4368
3771
3955
1541
4808
2524
6006
6303
2538
546
3997
709
5822
2832
5913
1702
5538
4439
6411
2030
150
3874
5506
3065
6769
3159
6861
2846
5534
612
4610
3799
6894
3553
921
4380
1943
2383
6986
3294
2823
3780
450
1777
3421
6941
3177
1922
5083
4463
6179
845
731
7217
1620
6300
1730
5797
3660
2145
7173
4986
3030
5562
980
713
6606
2070
480
1165
6432
745
2275
6644
3304
2231
7022
2773
4537
7160
1788
848
2103
2444
7235
1594
3358
2217
3671
6004
519
3663
5914
655
1931
5907
7166
1897
866
2818
3913
2513
1522
7460
4751
1492
1175
7407
7310
1064
1648
2995
6168
1223
3823
7354
1313
2043
5264
1315
2473
3222
4361
2620
1939
4557
4475
4900
3717
6377
5821
6216
2708
1301
4117
6543
475
1579
2345
2494
1695
6431
1438
5649
6730
6150
3669
328
3738
340
4683
3948
996
2340
6128
5855
3550
1034
765
5753
4624
6366
2661
2094
1181
3716
4208
6539
3145
2151
964
953
430
1766
2423
1435
3725
7275
1942
153
6973
1282
3562
7103
7348
1017
4864
4332
5485
1816
1386
392
4454
682
4459
7037
2092
2310
3340
1504
6017
4801
2556
2192
6716
556
2454
1983
3983
3050
2014
2235
6538
326
5922
5398
1132
4517
5694
3952
307
3767
4661
227
2838
4173
37
6146
6777
5307
415
7467
7195
4086
524
1945
739
5539
2570
6089
6698
4012
6383
5750
2679
5166
2322
871
6282
5058
4631
1387
4416
2018
5786
6945
3760
3790
2290
7156
3243
5488
3326
4755
4501
812
1340
3600
451
1830
7301
1703
1866
5007
3488
2279
865
2426
6468
2216
628
56
4915
4987
2372
7255
763
6144
3506
1033
5169
1308
266
5979
6928
6510
6110
7237
7355
5888
5548
6752
7244
4249
4411
4551
3412
183
5541
1705
3242
826
2761
1364
516
1903
5738
478
5286
4879
5300
5637
834
5974
2545
7404
1371
4526
132
2834
1556
3733
7086
2884
4155
5316
421
4310
1248
2569
7463
3282
4964
4374
2146
429
4605
3585
7251
4319
5505
7154
6396
5151
10
7357
5042
2983
5906
3511
6969
909
5451
3574
751
918
3034
503
3251
6631
3218
4018
6502
1445
5592
2099
6729
5710
4662
4134
6711
5759
2781
4999
648
5234
5212
6723
1664
3532
2716
5966
3571
169
6422
6189
1607
5327
6789
785
2503
4542
5318
3272
5199
1819
4783
6249
7226
5474
5577
2793
2590
1701
6776
1678
2074
4174
3341
6700
2212
3729
3643
3493
5856
504
7483
5731
1018
2628
4045
3965
4859
6463
1584
2967
1675
6524
4220
5401
1531
7479
7056
4506
3236
5146
2643
7132
6995
1913
1794
3404
1587
1831
3215
1753
592
390
6926
7281
710
1289
2788
2956
5416
5130
1937
2010
4849
6384
4403
5317
6624
7212
4926
6611
485
2317
3452
2992
2799
557
961
4805
3031
7485
1984
4043
3253
907
2800
4643
2265
5455
5639
3297
1580
1642
3638
1832
314
5076
5139
578
6238
6739
4282
3048
4698
7328
971
6246
837
4543
6911
5762
3199
3748
319
1770
1618
7
5734
5544
4890
6914
4039
7214
3020
369
1240
4422
1934
2709
6975
3133
4578
2106
683
1285
3743
3345
3271
771
6498
1720
5567
4838
2614
6084
1971
770
4857
1778
5896
2459
6091
2211
3632
7393
4478
6111
2059
3095
3232
6630
2582
3724
636
6389
916
5284
5612
6898
6882
3317
2148
5341
465
3466
5999
4165
1666
733
7302
1711
3658
7097
2863
5014
3190
6415
5818
5713
452
5168
3985
4720
1310
6622
528
892
3481
4870
2695
1135
2425
396
1848
1712
2257
6734
6126
6852
2672
1021
5597
5667
2721
6915
3521
3394
1862
6256
2998
2277
6121
1655
1322
3451
2959
2342
2455
3097
2399
3949
4675
4270
3961
5578
2941
4781
4644
6257
1686
5613
4241
5956
7482
2063
5493
1834
2540
6002
6829
3635
3970
1102
4445
1879
2001
4654
6508
2388
3276
3520
6939
4189
5136
2550
4863
4855
5832
3023
4943
6593
4182
790
1409
5873
2958
1434
2467
180
2913
5322
5426
1403
634
6652
238
7089
2274
1987
6230
7451
315
4470
15
7314
6007
5304
6464
5707
1479
860
6868
1068
2223
6344
6489
862
3148
2895
5441
200
5795
3855
4146
4730
6308
4569
3498
3876
1190
5339
5022
5380
3907
3022
7246
1948
3061
4163
2139
3476
403
1478
3210
543
2052
5486
2058
895
6420
4811
2677
4054
4486
5554
632
6869
2508
5222
6225
5010
5055
6749
1336
2280
832
7106
1198
3446
4547
2831
4503
209
4348
5730
75
4642
6037
6083
4206
4607
4570
1728
4626
329
6529
3485
572
995
1196
7291
6881
6896
2683
5877
352
6886
4345
5631
2276
6348
7373
7256
2662
4414
2428
2364
2112
2116
1799
4199
3088
84
2830
2015
1644
4924
316
1379
484
1232
1754
7358
4496
2769
3602
1137
3731
6507
1266
1048
5606
7049
3354
20
7218
6148
5962
1473
1928
1657
2633
4028
1963
1968
4363
6201
810
7085
2593
4336
2250
3300
4810
1228
2926
5663
4835
3083
2414
2463
194
2767
1998
386
2119
2627
4588
1959
5422
2095
4019
3567
1037
6500
5701
4477
244
2456
86
4384
4623
2560
7177
5633
5705
3151
5167
4352
2772
3800
3917
6204
1837
3408
3029
6339
1239
7180
6402
1727
6286
3387
2900
6142
3157
3325
3702
338
1561
2757
4933
1355
147
6880
2710
5909
6452
3744
2201
1087
741
355
2803
5213
1567
6675
6115
2449
7317
2478
3258
5482
5790
1007
7232
261
1500
5446
1067
973
6473
5181
5228
1437
511
2133
1919
6814
6193
6447
3818
5625
3420
1767
3321
142
6825
5520
5972
2000
1391
1650
1918
627
6378
3548
268
1194
6176
6456
3964
7140
5159
159
420
1751
3812
5344
207
5491
6399
2269
3217
7152
4277
2460
1538
872
3160
1755
4359
5081
5647
1083
7300
6311
4062
5403
955
5570
4998
2694
4099
1509
2120
759
3979
154
2779
5849
4822
4396
385
621
4982
2755
6381
2511
501
3286
2616
4480
2981
2124
4434
4047
7349
7060
7359
2952
515
2906
4815
4017
4826
2037
5046
3269
6511
856
3115
6837
7424
2177
2555
6799
189
3583
3936
6417
4752
1673
5249
6103
3312
301
2381
3666
6614
1152
5308
4467
4886
3385
6754
3649
7379
7051
7459
3785
2405
89
5568
4490
6996
6616
4918
3280
3906
2534
3281
3052
7478
7332
2081
1917
1251
5452
1000
4549
2320
3454
532
1890
4560
2543
1229
6373
6694
2098
7070
2691
7073
1741
6783
2197
4568
4531
4356
6329
6889
7277
749
5242
1296
1347
52
6904
5383
459
2041
3894
4680
2520
576
2722
630
4408
3864
1532
113
3966
7101
5524
5170
4317
7164
3519
5410
152
3597
4065
2424
1314
6208
2378
1485
2448
6559
719
5029
232
6198
1957
6295
3928
804
5542
4602
6232
1840
3150
6271
3630
3710
6797
4907
5945
6085
4125
3591
1882
1360
2413
748
5281
3887
517
5434
2149
4141
378
4768
941
3268
3788
2355
1204
230
6288
5739
1725
4524
6494
6557
7135
3732
6682
7448
3604
5510
3690
5409
2944
624
6922
1356
97
6632
5927
13
7271
7469
4353
989
93
6435
273
2563
1568
3351
2657
4031
4527
5094
2701
5720
5686
7443
1316
4985
5489
1929
144
5599
3234
6217
1796
3208
283
479
3084
3155
4267
1264
4184
6831
5132
5878
5588
3171
77
4574
131
5689
4563
2325
4738
3127
1114
4673
5793
1836
874
3137
4559
6170
6666
3868
2865
2937
5003
6515
3073
1596
3737
1158
3330
3120
4269
5072
5708
293
5591
5838
1097
4839
5673
5376
7066
3219
1651
1028
6550
1671
6169
1236
36
4167
2174
7108
618
6021
4554
3551
6116
1225
1372
4865
2433
6409
5959
3781
2637
1779
6310
2016
5032
2703
353
6768
6570
3367
789
5904
6444
4659
6963
2588
922
5700
4148
535
654
6696
4580
5231
163
166
3759
7428
4750
629
868
7387
3810
2640
2925
3573
5203
30
5729
3175
4169
5079
5941
5215
2501
958
2740
7431
5619
1139
5712
5052
80
2369
5869
2447
6175
6141
6854
3105
5019
2343
5340
3763
424
6302
135
679
7420
4742
7240
5678
422
2300
5919
6482
196
5141
2176
3546
2443
5121
495
4213
7043
2923
6439
4922
6905
7413
1216
4232
1090
1846
1792
4958
6120
6395
5313
5587
104
2973
3076
3908
4711
7267
3870
4686
737
2469
3875
5408
5406
6234
6072
5077
938
7242
4119
689
6164
6917
6460
4707
6656
5381
6603
5585
5890
6165
3230
6934
2370
4532
6309
5285
2979
7278
5549
3342
2268
146
2115
7093
4268
4243
3849
6297
6325
688
1572
361
271
4393
2583
3447
2350
3646
44
2648
5478
7450
2172
6284
1551
3322
6677
2086
7213
1075
4159
7006
2870
3389
5425
6598
6846
4655
1899
2483
1718
4248
3413
4961
4867
3933
1335
1024
7080
216
512
3691
4451
4983
2659
3626
5517
3134
5315
3494
4836
5502
3203
3473
992
3106
6533
3406
1527
3027
4806
2750
3278
4971
6220
5373
2339
5519
931
1748
7223
7400
843
2313
6639
2234
1477
5016
1129
1032
7286
4941
6766
2743
5191
5091
2182
6131
6335
4464
7020
667
4367
395
2904
1349
2272
5364
1103
4007
3096
3377
5863
6467
235
2700
2841
5964
5268
6916
3991
6446
5232
1623
2038
1979
6651
4892
46
1571
2705
2690
3457
4807
3764
1514
12
4034
7181
879
4183
3974
2553
4601
5207
4104
5037
3741
292
662
4912
1252
6770
1057
5291
2853
5997
5695
2516
3857
708
4753
3124
490
4331
259
974
404
3697
5736
4534
3419
6676
3227
661
1600
4142
6746
457
6419
7161
2490
376
4778
4868
5866
3890
5995
4734
5133
6074
670
364
2332
659
7458
3746
7457
5348
1138
5550
6096
5331
453
4251
6744
129
2842
2051
935
5924
2609
1823
4235
3418
943
5211
6522
6521
3595
5989
4990
4756
2179
1167
2526
4803
6719
6080
1388
4874
6971
3040
6980
3584
3126
6412
5872
2416
5466
6548
3895
7471
4696
1249
652
7028
5765
6205
5529
6358
1060
4725
4608
7050
4427
1989
31
5469
193
2815
6042
774
5390
908
42
902
7423
1533
4049
3086
233
3946
2121
2187
5674
6117
6314
5775
2667
697
4425
4592
6874
2386
4144
7261
5178
7432
775
2306
3284
1112
5743
6433
4963
5415
6149
3254
1439
3939
5798
1782
686
7279
1783
5126
3089
4635
2208
2154
5767
518
6921
1679
1597
4103
1418
5557
3904
2909
2474
2668
1489
3103
842
4149
2210
324
2828
6834
2806
6828
3768
5305
191
4567
5903
3067
5887
6076
3334
817
3967
356
3782
6679
1267
3026
5388
347
3332
4682
965
4633
4192
2193
2811
5247
7282
2871
967
5533
7036
5530
5319
6774
5697
814
2451
5464
6703
4645
3391
1719
6163
863
2502
614
4145
6853
878
5566
4735
899
2529
1921
2600
6672
4895
54
6541
704
1900
6259
6717
202
5563
7383
2763
2203
6545
6368
3711
1415
6671
5917
4732
6421
5047
6244
3751
1144
5976
304
220
5824
2866
7340
1529
494
1912
1052
6326
6627
7026
5809
5982
5120
2475
3686
7207
1826
7163
6183
2060
7412
1781
6020
6153
3576
2005
5119
5992
564
5432
377
1448
6181
5503
2928
7129
7182
4639
1463
942
3569
3891
6112
1255
617
4312
3851
6900
2096
6587
811
1338
4358
2861
6024
5723
1271
587
2737
417
2916
877
3017
174
791
265
218
1237
2326
1019
4862
155
6299
2921
3362
3575
1507
7285
6342
5362
6387
4015
498
2862
1916
5020
3432
3092
4767
5352
1898
5828
5949
3310
3883
5601
698
5781
3475
2143
2389
3742
3612
4979
2654
2901
2390
2253
1789
7476
4552
1295
5487
5230
1698
6968
6185
6948
4739
1488
2242
573
2836
6379
199
4973
5104
3044
1011
2022
4180
3934
442
4156
2136
4785
4129
6885
933
4972
483
5074
861
2764
3194
5690
3872
2942
1429
3448
7099
2775
4791
7009
2684
5134
325
3971
5947
3544
5528
5218
990
4302
3147
1089
6054
1872
2020
64
3552
7273
3871
63
7385
2190
4290
6930
5848
5449
5023
1117
7402
3598
3655
2576
1999
5926
1689
5282
2486
6604
3693
5325
1361
7350
1029
6062
1278
6437
6692
1378
280
4190
5018
4860
62
3350
1055
3981
6607
4780
2353
5991
5064
6338
3882
5779
6145
1219
5480
2848
894
6219
649
3665
5843
6695
6697
4048
187
175
6983
3166
4320
2714
3378
2930
6503
6187
6224
2128
2236
1508
4191
3628
5867
3522
4440
3260
4413
4307
1905
4528
7011
1474
6174
4689
5163
1134
5920
5468
4893
3098
6842
4412
4457
600
6787
2237
203
3513
1394
5314
1717
4239
6469
2029
5796
7455
1470
5261
4621
2404
2249
4216
2857
3577
2814
2409
3830
5278
3449
536
2747
5579
829
467
3747
6476
1981
5444
5371
3039
2675
3978
1427
752
6365
185
4743
7319
7134
4002
2261
428
4228
3557
2365
6931
2868
4663
3526
5115
151
1370
3712
2819
4564
2671
29
4957
416
5558
7054
51
2226
4641
5420
3776
4294
7329
5576
2338
3698
4939
83
575
2085
547
7076
4485
5774
5356
1127
6997
2809
4701
3817
545
6918
7109
5552
2542
6028
6516
6553
6304
2650
1015
4955
4042
1400
3368
6991
2914
2729
5704
5936
7341
6514
5219
4035
4945
7326
45
6733
5525
7005
5273
2510
1454
5870
870
4245
1036
5861
637
4335
5258
7401
3072
2040
4152
5925
4021
1031
6594
651
5883
7094
7294
584
4083
5224
279
3922
5066
4115
570
4253
4820
3456
1416
6346
5293
6258
4080
4710
6094
4536
1246
3068
3910
5721
1661
7027
3915
1516
2546
375
4766
5321
6227
2247
4428
5610
5147
1312
2922
4326
723
4665
608
2566
4861
3555
3032
4081
1953
1156
5984
6360
2291
4775
6298
5346
7330
4230
2966
3596
6906
2725
5265
2851
3564
701
1425
855
1307
5802
3537
5611
3687
3374
6172
6635
5754
6488
4816
1142
6654
6491
4279
393
5615
327
372
4110
6307
1023
2780
4697
5299
4760
1550
3156
1684
4044
65
4993
407
3769
4226
6162
2446
5573
4970
6792
359
7104
2304
6477
3566
1065
7175
4500
824
622
2530
6322
4827
1436
6109
1380
1328
6281
5825
4759
6678
3684
1121
1760
4453
1146
2964
6011
1723
1208
3442
4296
3601
6942
3932
1013
1575
339
7205
3042
2395
7038
4719
3248
100
3245
1241
439
4894
3672
3021
3004
7342
1094
6186
4788
1359
388
5090
2050
807
4077
2644
4308
6859
5556
362
5465
3533
2429
5933
782
7374
7405
5127
4546
6621
2232
455
4668
4351
6966
1936
445
1969
3850
4581
1426
2858
1853
1747
776
7149
552
6241
2410
5785
3265
5507
4303
6040
6857
6806
1051
2790
3213
3057
34
3886
6720
3458
4281
5891
4271
6801
6790
1682
6195
425
7197
1811
6819
5834
3357
2377
2528
4338
3460
4555
1039
1549
3235
4726
1318
2230
5044
5405
533
5569
78
2065
1688
3950
6569
4238
3121
3709
6989
2875
3464
5921
4656
783
2634
1951
4896
6761
987
1176
6343
5684
6075
229
405
2742
4953
4744
1520
3837
3689
1294
561
4921
1933
1123
910
6393
2198
5370
5660
6125
6260
3925
1126
595
4530
1515
4388
6554
1342
959
6155
581
1180
4102
1133
6119
1544
6920
1259
5598
4919
2968
7048
1185
6567
3618
1382
6741
5476
4984
4207
2147
2641
387
5772
1447
397
2417
7462
4829
2638
1206
2137
5279
136
4037
345
5780
2785
5932
1288
3561
5650
2047
5889
6640
2382
6784
1806
4346
5732
3339
6586
3315
6601
5901
5280
6796
2243
1734
1177
4046
4132
2356
2126
3992
1373
7007
3327
1915
633
2880
3531
1526
1857
3779
534
2452
4032
7442
6704
2532
6031
4246
1993
1985
3428
3338
5886
1115
1234
1815
3440
896
1005
2797
5955
4716
6406
2801
6667
7269
5368
4875
6404
5235
