5071
5225
1722
4033
3002
760
4842
2384
5442
4618
1153
5374
2954
1851
5070
7015
2376
6274
236
6207
2434
7376
5086
7406
5823
4946
3678
2565
3373
7239
5483
1692
3289
6509
5766
773
5916
5950
7339
5761
6805
4523
1645
1041
1059
3713
929
4831
4014
6088
1430
3483
122
3640
167
6268
7203
1304
7335
1119
6235
3430
90
3680
2213
3041
1329
593
2847
4263
49
70
499
4898
278
6313
1750
4329
4138
239
4653
7092
599
1931
2345
5343
4762
4625
3660
6894
1867
5820
2072
2180
1494
934
5156
1423
4487
4650
6249
1587
7056
2545
3985
4626
5856
6415
2265
10
809
1971
3446
2761
3493
6498
5577
3243
3724
3506
6766
3171
817
5781
3115
2234
146
5037
6204
1425
4363
4861
2143
1507
7093
6219
4378
1508
518
4302
3992
4246
6640
5569
1039
6792
5299
2446
3950
6784
3315
3021
3850
1241
6601
534
2137
1283
1373
783
1006
887
2756
3100
4573
7325
1324
3172
4221
3897
5009
1358
2873
5778
1022
3231
7209
1842
2896
2173
5553
563
7222
6332
6222
4050
6802
2329
5602
2947
2835
6157
5664
7128
2067
4161
6816
1647
6901
2215
7344
5349
1475
1924
4194
3079
6691
6486
3755
6879
281
1797
2768
1977
7321
6663
6990
6899
309
2125
6270
118
2854
4465
607
4038
11
1771
6793
1125
2239
2069
6757
582
1170
358
3707
5467
1128
2539
5190
1662
2294
140
5021
275
976
7123
4200
1812
1460
3308
2712
1863
740
5011
2717
1457
3508
2840
5387
699
2078
1453
5987
1254
290
4075
4386
6030
2902
253
1636
4634
6490
3881
4880
6382
3225
4066
6699
4164
3222
408
4595
4763
1365
1695
7324
3956
6959
96
6531
2380
709
2832
7071
1761
4400
5665
4887
2227
6877
3015
3717
5538
1160
6038
2484
6166
1403
2322
4730
2423
6017
7302
3218
1983
7301
4146
1240
770
3574
7463
5151
4282
6524
2052
3034
1686
862
2010
5058
4517
3199
6230
1584
1289
5401
1848
3974
3334
395
1899
3089
3649
4427
2475
2045
3332
7101
3254
1826
6409
624
2176
5232
4125
2237
3628
5364
6635
2177
5464
2857
752
5381
1087
3076
86
5044
6857
6859
2356
5573
6404
3442
987
1526
7007
2801
4953
3858
4726
1206
4346
3213
4044
6721
5921
6554
3561
7197
3121
5366
3769
2638
2377
4453
407
6043
5940
761
4108
3195
4278
4349
5205
401
6591
5027
2984
188
2738
4060
4447
1043
332
6967
4435
4476
4176
5097
2412
3463
4126
5445
1027
6600
1820
5931
510
2209
5227
2393
4731
6657
3572
793
1665
105
7029
658
4212
5688
4272
1548
1714
4421
4283
4420
2713
242
664
6937
7062
1595
3010
5036
1829
2222
33
4774
3062
5128
4236
3636
4466
4479
2607
2597
3705
5527
4599
6873
3261
4116
5621
3118
915
1793
3510
3489
3471
1699
7392
7081
7437
3900
111
1293
7361
3465
2536
6064
4965
5206
1519
6617
5145
768
7422
2129
4582
6330
3309
2733
237
4072
3395
2114
6453
1554
73
7100
6738
6497
3504
3528
3047
2903
3167
2421
3540
5040
5397
1389
7196
3681
3594
2166
2199
6811
3980
7290
40
3393
4844
4995
2224
6101
3142
1757
4934
3444
1109
5194
2013
635
6653
641
836
1656
7475
3867
7260
3450
6780
5197
5703
3001
1042
2624
4495
3323
190
3186
7398
3774
1621
6849
5923
3673
6628
597
1069
3132
2387
1491
6044
888
1776
1070
274
7228
2328
2064
3735
4003
4646
1124
2649
2630
2438
744
4789
3563
1637
6809
4177
2509
3046
805
6351
3877
6549
1602
2488
4122
2267
6068
7292
5714
5564
1878
738
4355
7183
1612
966
4449
1625
5337
5840
2506
681
4172
6445
1996
3468
1168
4373
322
5125
948
109
2464
736
6998
7201
4737
1955
4617
816
5515
1920
4769
4594
6296
1331
5771
5436
2860
3560
5868
2134
5309
6143
7065
3811
5294
1038
1455
3619
6416
7464
3497
3122
4708
7391
2950
4794
4455
4227
4181
5050
3131
6340
6090
5113
4977
2544
3517
5458
815
4299
5453
1231
1669
2758
1958
4745
3918
1503
6785
2385
6191
2894
3775
7012
1257
5471
2048
438
1334
986
3011
4603
2748
2982
468
3880
2669
4722
2603
984
2938
505
3723
3075
348
5135
7453
6798
3114
3942
7270
7072
5353
195
1269
3012
4392
4866
3233
6328
1991
675
2910
2990
349
936
5915
1405
4952
6684
3589
23
6086
177
5603
676
4330
3505
3228
7313
2612
6504
7159
7144
1452
1187
4143
6190
3914
5942
5776
3833
2218
4931
81
5289
3153
1724
6688
3241
4782
1964
596
4186
539
687
841
1440
1809
4398
321
5361
2604
7481
7272
3110
5332
882
6871
337
646
1772
932
409
2036
5590
2820
3605
969
3899
6492
3343
4461
1212
3931
6098
2711
3383
1591
6506
1635
583
6619
3761
7415
318
1605
794
98
4772
7411
460
1847
5784
6026
6566
1226
3214
1864
2581
7021
224
3188
1085
5977
1303
2562
5088
6840
724
1663
1997
5117
3793
3976
1543
1441
4088
4914
1292
3259
7052
2336
6301
5256
3676
4481
1908
4287
6794
310
497
6891
3530
182
2499
5272
4748
2771
6750
2024
3303
3045
853
1260
1333
1390
2273
2626
6810
2219
3885
2687
4565
705
4846
839
2673
4390
5377
7353
1183
6923
555
1407
4123
6660
2262
1821
2258
14
7095
802
3064
6647
6501
3111
5512
6429
4120
5033
3634
3996
1893
3615
6740
4004
2792
4154
553
463
795
2170
1406
5860
7113
1930
85
432
3102
473
2346
2295
5812
6100
1186
1856
1887
3726
4488
3814
7268
5511
3189
1002
5740
6272
6872
4770
4611
5124
226
6127
6273
3401
1113
2962
6370
5153
4507
1743
5114
6012
1145
3556
6213
5526
263
7438
3099
1629
7410
1209
4677
5217
6779
3274
5996
1764
7019
6775
3621
796
4030
521
2331
4658
2782
7245
3425
1827
4695
1534
7366
7023
2419
2021
5748
1357
6167
6029
1431
3590
2101
1395
374
3825
1368
1523
5204
5546
5260
2241
7041
1450
5589
6048
6646
3820
4747
6590
5358
2855
4597
2152
2500
2349
1443
496
7131
1553
1080
4494
891
5508
492
6457
1155
954
5306
5833
4468
2587
1459
1020
6748
1638
3469
2805
4740
1677
609
6618
5666
5379
243
5699
5807
857
4322
3919
6551
4225
889
3892
1935
6888
1884
5498
5440
7320
7430
2089
6371
6041
3371
1213
1667
5118
3399
4694
6403
3162
245
717
1564
7418
2348
1178
6765
6970
3101
3911
1072
6949
820
5492
5061
4572
4234
2186
231
4913
5854
5396
3499
6528
7064
5481
5565
1163
665
6705
4598
3169
6706
1107
168
5250
5137
3363
746
7381
2195
4383
5495
5093
4906
3989
6113
4765
143
4304
4366
4059
4690
5800
1466
2636
3054
4315
3639
5238
7010
5243
5990
6788
4431
6965
7309
4649
2293
5164
4101
5295
2287
2229
3668
4092
1622
7030
1910
6952
1374
1402
1341
4456
5290
5462
4158
3470
897
1325
4240
2762
6063
7447
2068
3028
6876
711
6428
5951
930
2284
4764
7001
3758
4533
6199
5152
3554
5244
312
6878
3296
6724
357
2374
4652
5002
674
1191
3901
2156
2289
754
4852
3809
5640
7150
712
5424
2318
5437
3170
2164
5958
6753
3164
6130
1262
1828
6357
5060
691
1482
2599
1320
5241
920
6035
6649
4833
3196
2157
766
4166
303
4273
5929
6374
4784
2985
6487
5296
4218
2665
6014
1814
3283
1499
4026
5038
1732
1978
4684
1845
3641
6315
3299
5616
1353
5726
4589
6858
423
4798
640
2874
4087
2397
3201
5365
6079
2826
6266
4691
3631
5604
1653
1106
5535
3984
6010
3414
4318
7179
1472
2351
1084
4814
5789
1199
4071
4877
1092
2960
6015
4996
24
7136
76
3625
2608
758
3834
5195
4098
6438
269
6850
1398
4538
1326
6547
540
4967
5246
4231
4292
3798
2807
2905
4085
5636
3209
4541
5034
6184
1096
4969
5811
1593
1565
2547
4041
4406
5816
5930
434
2430
1513
4185
2656
1841
3411
368
2882
7372
4482
2955
6962
6950
4812
4360
6584
2618
1696
2006
225
95
206
5209
350
671
466
7331
414
6334
7243
3682
3542
6154
7306
4433
6518
5220
3813
2165
4040
1641
5810
4405
2639
3570
411
289
3431
3178
300
2514
2561
6247
1873
4244
4151
4260
3853
594
2632
6138
6124
4337
2062
3538
4491
1428
213
586
6908
5648
7435
5518
2202
4728
2953
381
2652
389
6392
3653
4615
4259
3944
6161
4828
5479
5805
6826
1805
6947
4175
7257
6470
2083
3889
6573
2435
6715
4671
7169
1061
2674
2254
6180
2244
1825
3704
2283
284
1668
1800
4510
1557
4674
6305
551
2999
3366
3090
1054
2263
6479
1377
4474
6087
3940
1247
3182
5248
5626
2795
4664
5799
4539
7102
4387
6701
5839
3291
509
1654
2482
1062
2472
5360
1530
1171
2471
3161
5099
6221
178
7259
5053
1911
5054
5221
6560
707
2804
1200
5768
164
2784
5172
344
7058
1874
780
3581
3347
2726
806
3579
6499
2225
3112
3416
1680
1528
1344
838
2686
2055
6833
1865
1332
7168
4544
1883
692
7378
5735
7254
3937
7184
2821
1975
4600
2605
2008
7231
9
6188
6107
7126
5329
1599
514
6867
3727
471
406
436
6400
950
1195
6812
4757
2011
4078
1305
94
5013
2079
2596
6953
4853
4583
440
335
3135
2097
4637
825
3987
2491
3179
6824
1542
6745
4127
4681
2918
2025
5384
1464
7466
2727
6927
2827
25
4821
3370
6372
6827
7032
336
3688
5537
5830
41
4223
3994
3839
5438
4233
419
2689
2876
4070
928
620
2606
4746
939
3777
3614
4994
2825
6836
1008
2118
716
1086
6818
5470
6821
1707
5176
6352
859
2323
3525
7377
2360
6974
1850
4327
1511
5981
125
5043
469
2678
3670
7025
6385
1555
998
6781
673
5620
4153
6668
2936
433
720
1763
4372
1490
6159
2457
3273
644
124
4377
2260
4519
5850
5783
3402
3288
1082
3927
702
3091
4211
5189
6056
2440
7345
4935
4305
4452
5155
3306
5186
6955
2919
6263
5978
4620
3845
2012
1833
6321
1148
4443
234
6641
6807
5116
678
6633
7172
4940
252
4198
2492
4472
3365
3250
1585
2066
5596
6369
5334
5728
6053
391
2523
2521
4204
4401
371
4713
1616
1193
2359
6341
3860
250
4777
119
6182
1250
2931
7444
6398
1449
5874
2132
5183
730
5345
3407
2754
876
6264
1721
3078
251
2917
6637
1803
128
2878
1497
0
1901
3582
3252
74
529
4252
4786
66
2450
3043
2994
443
2075
282
2422
5629
972
4076
5651
1756
2584
7334
1093
3216
2696
6582
2135
784
5842
5523
6443
342
2663
4729
3333
481
1610
4370
4834
6211
7380
6838
3474
4704
6290
2161
6564
6658
295
7193
1486
258
1838
1179
3206
5354
2255
2436
6231
4063
3249
883
3648
6568
7375
1203
2752
1076
5463
3305
7151
6239
6561
2194
6537
1573
186
4795
569
165
1201
5522
7449
134
5912
3117
5814
4442
579
2004
462
6936
5911
6782
4947
487
2920
4974
4157
886
1242
6353
4276
6279
3360
2666
6978
3
3427
2974
3869
5262
173
7199
6023
4566
59
6865
2719
6760
623
520
2363
3580
2080
6253
6747
5975
1281
4432
7125
2812
2442
7477
4948
1704
7356
4008
2927
3938
5719
2890
6327
1147
997
6924
6436
5179
2996
2548
2766
1547
7419
1004
4090
2993
2912
3888
4723
99
6687
797
5857
6414
4911
4309
2333
4074
3174
1852
3154
1961
1174
1088
1351
3000
3657
6552
7033
2334
2088
2592
548
7454
4584
3069
2791
1275
6532
1290
6863
2305
5359
6932
3003
1270
4672
6913
3873
6994
3168
3828
4959
3184
1563
527
112
6689
721
4009
2003
217
6060
7111
833
7061
5015
4162
1606
5233
4492
1157
3140
6957
5333
2888
1843
5902
2398
585
6057
3960
291
1481
6275
148
849
6280
4036
1859
1116
5454
4170
2635
3654
5894
7187
277
4545
366
6390
3516
285
489
1518
4616
1849
313
6845
2852
1807
5106
6944
3588
6613
6228
6237
605
4498
262
4609
1617
1521
2622
1003
6791
4593
365
1716
5509
2049
267
2301
5618
1410
3024
6847
120
3642
3993
2361
3108
3107
2057
1502
7441
3290
3353
7434
2787
2142
3467
1306
1592
7200
4291
123
3361
4417
1715
4954
7068
4741
3221
3149
2869
6662
1188
5378
2723
1535
7229
5777
6337
1309
7465
3063
4869
4848
5957
3930
4553
1047
6999
5414
6608
5844
695
4981
549
71
6196
6136
1817
1608
1244
2415
2266
764
4024
3861
3461
257
1674
2394
6669
3025
1868
1465
6093
3386
3783
7284
5788
3792
5108
5429
7362
619
4094
6475
2504
4709
2031
5607
7046
6349
6362
4262
4685
2986
4525
5737
3191
5253
4905
6597
657
728
2969
3224
6173
5676
798
650
249
5245
1962
6735
5407
4113
6210
5668
7368
5138
4382
308
1268
3842
1660
5623
3926
7227
982
3013
6683
5382
5102
3331
525
2615
1456
6870
1982
1274
944
5202
254
7017
2751
3715
7079
32
6565
1501
4497
6938
7142
852
3410
360
1030
2567
7127
2163
1077
2525
3239
3037
7215
3007
2867
6595
2084
5303
4688
4493
5101
7107
2575
2899
5555
5237
2586
7067
5028
847
4841
2292
3902
4339
7137
5484
383
610
5741
6158
4936
6391
7053
1752
5952
6495
7114
822
311
4381
6659
5375
4324
3995
2056
437
5595
2794
3863
4121
2864
4562
3999
4511
5852
565
5263
1891
6844
4418
991
6743
7167
4992
2845
5836
606
696
1446
5005
4067
6073
1081
2564
5122
7473
3866
3503
7280
2314
3629
4068
4614
130
6956
4640
5532
5459
7307
2822
6361
580
7333
2354
1131
1628
5600
5201
1681
821
7090
5283
3125
645
923
5428
5722
7083
5715
1746
6203
3815
1396
6364
2507
5089
1073
5948
5095
7031
4171
7308
4100
4254
779
2745
3279
5443
4284
456
4988
6727
4266
2988
5845
5967
5653
2943
4288
3848
5681
1066
5882
3862
5900
4771
4328
7417
4257
2829
5654
1451
4706
988
6708
5910
2798
4585
2167
3624
6055
4937
5575
5456
6099
4394
4489
2850
5298
4904
2330
2617
5274
3318
3507
7388
2153
1422
4956
2658
3423
58
2706
2577
4483
4295
926
4365
3701
3238
276
6425
5216
5692
1276
4391
5683
6764
2541
5418
3369
4561
1855
5399
1994
5175
3545
905
3543
756
1346
5853
1713
5149
7059
3627
214
4215
5593
2401
3549
2044
7002
1956
6354
2427
4300
1419
5223
3060
7186
6943
5080
398
5000
6815
613
6418
5276
2248
351
3380
2660
1765
6839
3212
7208
4881
7436
5635
3718
3336
3364
7315
6563
1633
399
2461
4385
6474
2077
3211
924
4069
3113
5899
7014
6214
4438
906
4669
4819
3568
6458
5297
3246
1759
3714
256
3082
6523
2908
3324
1277
4027
17
7288
3445
1327
4214
7063
1687
4458
3437
4773
4606
22
4073
1143
6823
3478
1480
4717
4591
3376
800
7124
5758
884
7456
7414
4444
4344
6707
4354
3049
6728
1709
554
4923
1894
2720
1233
1791
1397
5986
2489
680
1773
590
3356
346
6291
3988
1214
6033
3558
3606
3821
2162
3524
410
7069
3292
957
7446
4843
6483
2963
925
7295
1740
7077
2753
5965
4989
2839
5173
1079
1035
4258
435
6713
305
5423
5229
4991
5963
5801
7116
6856
5320
2458
4333
3973
6212
714
3016
7133
4516
2335
1001
1279
7194
7084
1224
940
2140
6139
5497
2093
5756
1835
57
1706
3405
264
5928
1646
6229
3287
2479
3675
3139
1540
3878
1420
4882
2366
6233
5025
653
6097
6742
5970
4082
4147
4878
6540
92
801
2697
3796
4796
1442
2715
4515
3409
6577
1690
6544
1886
4876
2655
3019
1063
270
7403
4997
4630
6105
3722
4824
6664
4873
3840
4502
2816
2664
298
722
2344
4484
5131
7165
6008
2585
4558
2090
4298
1822
3903
5048
3058
3434
6951
7016
5504
803
7293
6919
2352
6078
854
962
4188
742
6133
446
979
7252
4450
6243
5078
1299
4917
5499
2281
6267
2392
3337
685
171
7249
3912
127
4847
6240
2889
1130
3766
2777
3808
7105
1774
5472
1211
1149
946
1802
4714
4535
2965
828
6612
212
757
7121
6526
1238
867
2373
53
6289
6287
2817
4160
4909
1287
2789
1808
6517
3036
3789
4692
537
3053
5404
2621
1588
4419
1619
1790
4666
1786
3831
6092
2184
6530
919
367
2670
6251
6413
1375
2396
5129
3143
2246
7234
306
1824
3165
247
6462
781
248
2039
684
1421
7202
6388
3667
5764
3077
885
1210
7078
544
6104
126
6046
3694
4058
6496
1104
5677
3492
6674
4247
2100
5335
6223
1408
6773
2061
6448
4872
7452
4521
6910
6960
3674
5617
4000
1947
138
3923
28
4321
2238
4196
4705
5165
6655
341
2997
4187
3795
4761
1053
7316
61
6505
2282
2728
5716
7057
5583
5638
1111
3661
6984
6118
5412
3158
767
4825
176
4587
5477
3220
1424
5310
1496
6848
2002
5226
4286
4056
1099
6132
21
1739
3679
2175
1731
4749
762
1461
3314
2877
2379
4112
2341
694
2028
1350
3439
2485
5752
117
2951
5698
5813
1960
5988
693
6459
4350
1221
5837
4057
3762
4462
2505
198
1339
1385
4399
6036
5918
7139
228
1693
3193
5880
6218
400
2881
567
6102
3081
2468
4364
5026
4124
3163
1367
7347
3720
2286
412
4629
6262
5742
4576
4471
2220
3656
1413
5473
4423
4851
7248
541
7276
3388
2732
3130
5657
3059
602
4006
589
4195
3487
4264
2207
7338
6864
7189
6005
4441
6795
3453
1795
3824
7384
5711
5643
1343
6018
4091
2730
4179
5161
1506
6276
4201
5171
6866
568
240
2205
222
4023
1880
6294
2549
1566
4261
4514
4379
5851
2698
5763
2601
5646
2776
5584
7247
2552
2155
799
5561
2110
2042
5004
6725
5624
6345
550
1302
5150
116
5757
5024
3541
530
5806
5177
6843
6027
6732
6907
4550
5330
6242
6285
2107
323
6160
7327
3384
1697
5794
1973
4131
4928
6000
3093
4651
3349
6513
4325
413
1284
3536
7008
6830
4548
7351
1560
1634
6065
7190
2127
161
1609
3578
5160
5559
4679
725
1611
2808
3854
6786
4404
747
4055
7162
4699
6731
7013
5035
4437
4
729
1140
1095
5791
898
869
5749
5884
6718
808
2976
223
4850
6512
4715
3696
5301
4107
2813
1510
2196
201
4242
1875
1154
7119
3372
7112
5433
3316
3400
4025
6347
3185
7047
3990
6215
4001
3495
1813
5687
559
1758
2271
3014
5513
1476
1889
1300
3301
5632
2885
370
3080
5001
5411
5184
5369
2481
2362
4150
18
4136
2594
4703
7305
5572
3486
1045
3856
4118
6070
963
6019
975
5846
604
3816
294
6626
6319
778
4932
3302
7397
7304
983
3397
7382
288
4061
5847
5312
6992
215
3791
4891
2141
16
5252
506
3920
949
5056
3801
79
1108
7408
6071
977
726
4306
246
1462
5969
4799
5622
1672
5829
1785
6077
3074
2613
2477
5271
4289
6571
382
2303
3835
6022
7371
5193
914
772
1280
4837
6650
2431
3819
2315
2347
507
5641
181
6424
7343
2264
1775
2408
5057
1330
6394
5658
141
6484
5709
2245
4944
3417
2978
3207
2887
4845
6202
3348
3066
4229
1869
6156
4518
3382
4823
6977
333
5063
5439
718
715
1626
4951
5030
2824
913
2319
4925
672
491
2296
6987
427
7091
2113
4647
668
108
4513
5323
6933
3797
643
6892
7468
5938
7130
1581
2692
6596
5049
2337
1877
3685
2535
3786
7390
4429
2893
211
4016
1230
1235
6972
5031
1352
1217
384
2169
1105
3637
7211
7433
4604
2391
3426
6277
5939
7045
5084
4197
2970
2007
2400
1414
7191
3484
3094
5267
3592
743
4224
3846
6472
5041
1159
1988
7297
6897
454
1484
7346
2646
1839
6423
3943
2770
4280
3765
2252
5157
426
6318
5501
1844
2178
2551
363
330
5543
6465
6316
787
577
3968
4342
5255
6250
38
1381
1323
1101
3502
3921
5540
5447
2368
50
7470
5862
3285
1559
5461
660
1189
588
3085
1517
7352
2568
1014
2558
3916
3255
5148
3071
6759
6449
5082
5417
2685
4910
2932
4193
4840
1058
523
5259
3898
840
1676
2977
4754
6804
2035
6248
2702
3844
951
4005
7264
6375
7318
1558
6440
5746
5547
1631
4205
3247
1640
3706
5427
7250
5389
6862
1683
1966
4347
3055
3070
1286
1972
2886
1383
5875
1906
7399
1861
6925
7141
110
827
5324
474
5143
2288
4700
2358
1162
3237
2934
6269
5954
4313
5817
3752
6638
734
3313
7171
1222
3136
7146
3180
1624
5858
538
2240
500
210
5435
4446
1272
4676
7145
7253
6108
2744
5892
1404
3202
4678
900
5351
219
3009
1265
1604
4011
4818
901
1904
5105
7138
1923
823
5727
2183
4397
6292
7389
5391
5051
3610
2844
7219
7074
2117
6317
1524
4889
1768
1536
1986
5560
3599
7055
7236
735
6245
2026
1670
5336
4902
3335
6081
192
2810
3647
3298
2009
945
47
2519
5328
1141
2402
5545
4013
5652
3006
4627
1946
2736
4255
1392
5980
1744
3905
3826
3293
35
2783
3455
3935
2200
6602
3611
7439
1025
2957
6306
1151
2537
3749
6686
4858
5266
5706
2610
3204
5961
5871
2989
6454
7122
4203
846
72
4949
3945
3859
5110
911
3087
5400
4504
6520
3128
6200
6408
706
6255
2034
3355
3514
3229
3794
88
6634
6059
6478
101
6642
1525
3683
2682
5960
1710
7087
1040
2046
5292
7289
4210
3119
2073
5831
5123
2512
4792
3607
1552
6851
476
3664
4779
4916
1078
6
4293
3104
1256
1432
7230
4638
2843
6123
2760
103
2122
5897
7204
1691
3500
2892
160
6890
3116
2731
947
7178
7220
1694
4636
3847
2591
5994
2735
7429
3005
102
7274
6620
1354
5582
1469
1976
5724
1291
1091
5363
1136
6542
1056
3152
2299
5162
3608
2765
3770
3804
4929
3527
3565
286
4178
7039
402
3753
3603
5182
7153
5419
4168
5311
2498
6261
5725
3832
4096
6581
3721
4927
6599
4509
616
145
5971
1433
156
157
6441
7176
5675
3266
149
3183
2102
2411
2699
864
5893
4334
3205
1182
3929
6151
1444
26
844
5594
818
1399
631
6756
2495
2619
493
6350
4776
1384
4343
204
6147
1118
4237
2522
5393
4800
7474
6050
7367
5494
5236
6206
2573
5536
639
2531
114
1895
7034
2980
2204
912
3033
1598
3953
6887
5881
4314
927
4052
4424
5288
5908
5185
115
1050
2778
380
3523
1742
170
5100
4687
1574
3633
1940
4657
2407
4053
1870
666
3435
3947
1613
3328
4010
5879
5251
106
7082
6592
302
4613
6954
1483
6665
777
2130
1
6645
1941
6988
2595
3109
3319
700
19
2707
2898
603
3144
1569
656
3962
2680
1980
560
6430
1498
6762
6576
2759
1876
3344
6209
4430
6979
1192
5385
221
2470
2406
1205
2907
2123
2749
1161
2688
6643
431
7395
448
3805
3295
4540
4064
5898
2138
3695
7241
952
297
2625
2105
3586
260
4632
5239
5008
3311
6122
2972
2251
394
2946
2645
5551
5357
7312
4809
5953
7185
7363
5367
626
3959
5571
4274
3734
2897
6283
1583
4571
5685
7198
444
3123
2324
5656
2676
470
5782
5514
133
5841
1044
7206
6009
4436
27
6171
6455
5392
2259
3807
287
3198
5815
6192
4079
4978
7143
5210
6461
379
2935
6615
6355
1950
6585
5402
2285
4899
3620
6661
477
4469
4219
6610
5075
5580
2741
5111
6481
39
858
1927
7238
4529
6605
7024
6049
6636
5905
1253
4297
4084
4920
4930
690
6893
2515
5944
3535
461
4473
458
5006
6875
6808
1197
5672
4209
354
2879
6140
1801
4341
296
3750
6673
1166
591
5342
5630
1798
6434
3645
3865
6152
2437
6555
4885
1649
3392
5103
4202
2557
5198
5214
1745
7210
3267
4097
1726
3884
1914
3262
7365
2948
6758
3708
4340
4804
3958
3352
4217
5112
5067
5448
5968
6702
162
6032
4901
5372
3438
4622
6985
7426
3141
6710
1337
6426
3784
69
5496
835
1787
5803
1614
1896
4577
5500
6589
6685
1164
1046
5192
3424
1659
5287
5691
3422
2159
139
7044
6034
4908
6712
4884
562
786
6485
6736
598
2104
3772
6535
6359
4376
5085
3644
542
3975
5644
985
4619
2774
4648
3396
3692
3977
7018
472
1871
1926
4371
1321
4736
6493
5098
2693
4301
5702
1810
3659
6648
7360
3622
5200
1227
1010
7170
1737
7088
6278
5174
5659
7157
3320
5760
3403
2786
881
2439
179
6194
2181
5627
6254
1729
6376
1122
5943
2053
4938
2321
1630
4369
6536
3381
4111
4380
4808
5744
2987
418
6572
6751
750
5270
1064
1590
4093
1652
5087
6407
3957
7173
2189
2940
1932
2572
3197
5733
2598
2150
7258
5755
6730
7298
5717
713
866
970
4986
4900
1016
1243
6427
3951
4250
6039
2574
7263
6895
7004
6822
1885
875
2217
3056
6835
1546
5787
6129
91
5506
2653
1589
2
4409
7148
7472
5421
7022
2307
7217
2856
2275
5562
2158
2473
5083
7262
3146
6150
3329
2915
1944
3256
3379
6016
2308
4133
3264
6767
669
7460
3941
7098
3802
2559
2527
3806
5822
6471
5649
5634
3539
3226
2571
6431
7287
4105
3893
2578
1545
5073
6045
317
4888
3593
558
1702
6709
6051
2602
508
7369
3972
2802
1467
4670
5993
5670
4556
5751
3617
5669
6929
2466
1594
5490
2188
5859
2995
5907
3739
2297
845
1570
6226
2933
1578
4667
2087
745
655
6769
3997
2145
3671
3909
6726
6606
4871
3841
615
1539
4787
6583
4976
6451
6964
5895
3480
5770
7233
5109
2620
2773
334
5797
4960
4265
2420
3496
4813
2494
1620
1492
1110
1990
2214
1974
3719
4505
7110
7000
3547
1512
4727
3277
2681
4140
2071
3223
1909
1487
1769
5628
2445
5338
5394
6909
2032
2929
82
1301
6006
4311
2517
4368
6367
1348
3501
6986
4702
999
3745
792
3699
5773
4802
5326
5254
5696
2961
1071
3187
2256
6884
5413
6534
1165
7311
3836
6562
4022
3138
1098
5062
5350
5864
1949
3587
5107
1733
921
3436
1311
5935
2185
6377
3913
5614
4415
788
7370
769
980
7040
7386
1495
1313
1995
482
3799
450
4790
2019
6778
7322
6860
6320
6410
7160
502
3534
3275
7486
2030
4586
3065
6961
3358
5275
813
5180
978
1586
5059
7445
3787
2734
3359
6082
4361
6179
3462
299
4029
1858
4724
2991
2357
2367
732
1562
6644
7364
3443
2270
172
3553
5017
5819
2111
4610
2091
1952
3240
255
6976
4499
1438
5645
2444
1738
5826
5934
2221
4285
1627
5679
2327
2228
6912
5671
1412
5257
3703
2231
7407
1892
6003
2846
3756
6861
663
5661
2168
6401
4733
904
5581
3955
642
3963
2487
3874
7042
3441
343
1708
2949
5913
1685
612
5769
4395
7158
5682
1582
5792
4575
1261
3924
3677
2171
2939
3173
3429
2027
7323
3415
6432
2629
3030
7296
6095
1854
6450
4106
6629
241
5460
3829
956
6177
1541
6061
2704
488
6405
1938
4410
5865
5277
6386
6137
6356
6993
1319
2533
1169
2538
87
4793
994
3200
2070
184
5608
4751
3159
1493
5012
1777
1175
4942
6134
150
1297
4856
4463
6265
3304
5605
5745
2441
5876
574
1881
3375
6001
6578
7396
3954
6336
6480
1615
7147
3177
6946
522
1376
2496
625
1049
5158
4628
2623
4980
6588
48
5065
5475
3294
2631
1970
2883
3609
6903
851
6411
6941
1417
1943
850
3038
5998
3421
6303
5835
5937
2311
2302
3051
2823
4758
6135
819
2103
3740
4612
571
7075
2911
1393
3472
1273
4448
2043
6323
1784
7336
3651
5747
3823
6982
7337
4520
5187
3559
2403
1173
6800
4475
6958
464
3623
5045
1074
2579
4222
1897
531
893
4130
6216
6069
5804
6300
1468
1202
4817
1648
4357
830
6693
3879
2278
4128
2309
3390
1762
2108
6333
3728
7166
4950
6527
2651
5534
4832
6543
5092
6981
2371
2833
546
6466
6066
7192
320
7427
2837
6817
5914
5973
831
1907
5680
1471
6855
1218
1860
1992
6312
3838
5662
6324
6052
7440
4362
1639
2312
2924
6580
4557
2796
6680
2642
1643
5264
205
5516
3736
2191
3515
68
208
6067
1245
2513
6841
6197
5188
60
2518
197
5142
5069
1363
2082
1012
2316
5827
1401
5196
2023
4660
6579
5208
3778
7117
5821
6902
6178
2524
4693
3257
3518
475
4109
7221
1215
7266
6252
3780
1207
753
2480
5431
3263
3512
480
3771
1026
2580
3346
7416
601
3663
848
7310
2476
4439
121
513
6558
5946
1150
1100
6004
1172
8
2160
7216
5068
5096
3035
7303
4256
7461
4117
486
2724
993
2945
1922
703
3307
7299
1522
917
1505
3754
1579
4537
5039
4089
3662
2131
4883
6690
6940
4712
449
2975
3433
2818
2383
1780
1632
5457
158
1369
5521
3244
4721
5985
7425
6722
1263
2076
2465
2708
2109
4508
4975
3982
1315
519
2054
1965
6574
5983
2462
6575
5655
7188
4407
373
2611
2298
937
5
4596
5718
3482
4962
4114
960
1700
3827
981
7421
5586
4389
1411
6168
903
3803
1223
2233
3998
3730
7480
4137
1788
2493
4323
3176
5450
4426
890
3613
5269
1730
1888
526
6114
6609
7354
731
6625
1939
6442
2849
3843
4275
3529
4830
6714
4590
4460
7235
755
2859
5430
6737
4968
4316
7155
6803
647
1298
3852
1458
6236
3490
6058
6047
6106
107
4020
566
3398
3652
4095
1658
4543
5441
953
556
2503
5795
5612
5042
1794
3643
7251
3983
6502
5639
3210
6396
1945
1386
1132
1701
578
7394
7281
1830
2342
3326
1866
4987
4569
5707
6464
441
7212
4675
328
4039
2094
2679
3521
5318
2958
6915
4249
1834
6397
3635
5574
4755
3790
314
4165
5234
4470
238
5786
1819
2540
1366
5341
7237
5667
3725
5317
6282
6700
6383
6777
4903
6734
1068
132
4849
5548
2454
2425
5007
5307
2192
6820
153
2223
4838
75
7097
964
1642
5999
3232
6468
2661
7244
4624
1021
3638
1364
5567
6384
6622
2831
6121
683
3760
180
6083
6813
2913
6422
4086
6144
2455
37
3965
6868
6007
5322
4964
682
6463
763
7348
5966
4241
5486
5505
2453
2014
1556
3520
6002
5493
1435
4570
4454
6366
5832
2781
3532
5710
1308
2508
3562
826
5554
478
6852
2550
2151
2863
916
3485
6630
6969
3733
2590
4422
2372
4547
7404
5212
307
1371
5327
2211
4134
6489
5922
6529
3459
2340
1034
3282
6631
2983
4662
1282
6789
6995
3394
2672
4189
6256
4579
3148
7103
429
6869
790
3716
4018
5885
5759
504
1675
4054
3451
4642
2884
3952
3251
7156
227
2063
2788
3341
2139
485
3020
4999
7195
4163
6723
733
5136
4857
3271
6945
4966
5592
6091
6829
503
2941
5146
5355
5888
6257
5731
5284
3061
2838
6246
1736
4182
5130
4897
4797
2628
7106
7089
6975
1655
4631
2148
3215
6389
6111
5426
266
1531
4503
4859
4915
3095
4348
7393
1913
6939
4870
2746
452
6752
5485
592
3345
4374
4644
6126
4526
4486
3412
6344
326
3961
369
1504
6238
5455
3743
3050
3907
5896
1749
1903
5713
5222
2959
6331
1340
1601
7
2998
4863
785
5474
3488
7485
4459
1678
3650
1409
315
5730
1832
396
2582
2834
3748
6538
3738
7255
3452
3236
5956
5753
2310
4416
3511
3658
2721
6623
2212
2709
1711
4542
895
6225
1336
648
4805
3476
1607
7355
3276
4890
3855
961
6089
5144
2216
636
1728
2956
3757
2569
5055
6546
447
6508
2570
907
3876
3632
6539
1258
2099
710
7226
5544
4720
3948
6771
5168
2018
7479
3969
5416
1322
7451
834
5451
996
6698
56
4943
3031
6146
1537
6525
4155
1703
4551
892
2971
2058
1948
6914
1580
5818
5169
5906
7154
6898
739
183
5808
5304
873
5166
2459
5339
4605
6110
209
3571
4478
2716
2895
832
4654
7096
5014
5199
2800
4864
4926
1879
5286
6128
3272
3023
1220
4522
4643
7132
2092
5734
6420
5386
5010
1018
3970
860
871
4879
6928
2280
4801
4319
4403
3297
3669
632
7214
4173
319
7357
3767
390
5316
5597
7275
3242
3600
4270
1664
6926
2146
6025
2106
7086
1181
6308
4012
1310
6739
2556
2967
2279
1285
3022
771
4445
4783
5750
7246
1766
6189
3550
2317
3190
1033
4661
557
7482
837
1705
430
4781
5855
812
5762
2677
2277
2388
1937
3949
7483
6776
1248
329
415
200
765
2235
1818
6911
2695
4208
1198
7314
4683
3340
2399
1017
2290
2793
4045
5300
1434
2059
1831
5541
392
1387
4310
4506
3585
169
7467
6037
2643
3729
5694
1618
751
3498
1720
1862
2206
5076
2467
2001
451
1987
7120
628
3404
1479
4607
4220
7037
7224
2074
4855
1770
6652
865
2274
4332
971
5578
5022
340
4578
5139
1753
2426
5613
3481
6749
1478
5738
1934
465
6084
3317
1666
5873
6711
6624
918
909
4043
2891
524
1942
5539
1816
15
4174
3145
5979
1712
528
7328
6716
543
4811
2992
6611
1984
1735
516
421
1445
6013
1190
2257
4501
3097
5488
2614
3466
1135
1102
3048
6882
4206
331
2718
6729
6973
1778
5974
5380
4698
634
6510
4411
6593
5398
3133
3253
403
2799
5637
3747
2456
2112
1538
6922
2683
3351
5503
7006
1278
5344
7134
3584
5066
1142
1781
5566
2478
5240
6719
2767
3710
377
3817
6149
3325
1307
2486
1252
1919
3157
1514
3812
4356
4839
1264
1783
3851
2276
5258
1779
5018
13
2737
6338
2174
1840
6768
5466
235
2124
2020
5550
629
3098
1338
3513
2637
5207
3039
3666
2443
5249
6176
7036
3782
6297
5120
5708
5843
4753
5606
6299
4778
6783
5936
5265
4739
4490
4532
654
364
6918
3155
5293
7060
3915
2690
5167
2210
3448
617
6298
1999
990
2051
7459
6511
2842
5767
1156
5945
4552
6997
5119
5802
2904
5373
1011
1057
5989
5064
2848
5697
5695
3203
2616
232
3522
5520
5154
627
5219
3908
6054
6703
3700
7273
5926
3160
6360
2497
5991
2095
1796
2757
931
3830
7265
93
3979
1754
3693
4939
1237
5838
1953
6587
6169
1981
4035
4169
5449
2490
6825
1571
2714
3946
4129
1439
280
5798
5599
1251
3406
3971
416
5924
4835
6594
704
1836
536
584
4810
5415
5047
1792
1335
3040
4294
2115
2414
5469
7278
2870
5633
273
5046
2650
5920
1928
6853
6076
5704
5925
6234
7279
4549
2428
2747
1725
6682
7115
3564
417
233
5134
4563
4080
5376
5743
1568
453
1689
6329
4353
3281
5181
4696
7330
353
600
5019
5094
3084
4973
6288
4527
4042
6931
6379
811
5406
6754
3374
2096
989
2463
1360
2701
7218
749
6991
6598
5775
7379
4440
4317
3477
2424
4559
2449
5870
3494
6271
7049
7455
1117
5982
6980
4536
292
4384
870
545
5356
572
5178
7028
5631
5489
7402
5588
7271
3591
2154
2469
67
5468
2350
902
2925
7109
5530
5984
5147
2460
1255
6799
5972
4874
4277
4235
3362
6846
7140
5434
4957
347
2272
2691
7431
376
495
5790
361
3936
4807
2772
1679
587
5340
5020
4680
7177
4922
1979
4785
7359
2703
4734
2029
4743
4335
1882
6559
2038
2005
4451
679
3260
6346
3655
3922
154
5689
2944
1921
6080
55
5558
879
4707
4985
6395
6467
2560
5314
4710
5285
6814
3137
4998
4480
4269
3134
4331
3785
3278
5003
4190
4725
6671
5228
5585
4639
5686
3986
5524
6996
7152
4345
4886
3105
5947
4167
6402
7413
3626
6837
967
3557
7043
6545
7383
6024
2451
1083
4192
5278
3871
2040
2338
3312
3150
5877
144
2326
2268
6417
5032
1239
5793
2355
5992
5313
2763
2725
3598
4199
2739
573
5890
1379
3883
324
2242
89
6208
1246
5909
6874
3027
4815
532
4307
5903
3546
5291
3391
2583
5917
42
2081
271
301
378
6896
2862
3280
6900
7118
4279
2236
3890
6259
5016
4414
2815
2119
3072
5347
576
5213
2432
1075
7471
2128
6258
3026
283
843
3868
4159
12
63
4393
7340
6304
3227
7469
6378
3849
6880
7108
2555
6672
2937
6302
878
3712
3933
259
719
5215
4711
142
6469
2413
2662
5949
6676
6692
6503
6473
5081
2520
2409
4524
6639
3321
3096
1698
2671
6165
97
4655
218
2120
6310
1236
5754
7350
2390
6968
2404
4015
7401
5242
3086
6681
7073
6905
3151
1378
3475
20
220
2501
6181
4135
1474
4428
6948
5115
1167
4895
5609
5576
4047
4775
3432
6666
6419
7261
1741
4267
5705
7400
80
3569
1316
5268
1533
1429
3420
3602
3322
5052
872
51
1060
829
955
6885
1959
6541
5563
1489
877
6916
4268
2187
2942
6842
4028
1719
701
1219
45
3017
261
7163
6325
6488
1470
5502
3690
6072
3284
5482
1007
6116
6921
191
5321
2668
5887
5861
5487
5023
2922
3457
7424
791
3691
6042
1789
2914
5159
3509
804
7423
5141
5480
637
4103
5552
207
5121
1391
5615
279
5444
856
1089
5230
5388
7443
5723
1751
3904
2700
6717
3702
4766
3822
3697
3964
5517
6314
1572
1158
5587
1509
54
3454
4290
385
2923
2836
1727
5849
5383
2981
7291
3230
6677
652
5452
4149
7412
7085
2740
6971
2190
7332
1356
6311
4803
2320
6284
6491
2375
4659
356
393
4865
6616
4868
5700
689
2332
649
737
1916
1898
5104
2197
3567
5995
5779
6456
4081
4892
933
1138
4941
2389
6074
1400
5510
3219
4560
6142
3286
3698
6521
698
5529
5425
708
1651
5678
1748
6224
4191
5878
1416
4144
5519
6187
1372
316
4971
4893
147
166
4580
4115
4245
3576
6770
2017
1473
4663
1567
5919
7484
2909
2952
1485
688
2633
230
2921
7080
3350
974
2593
3268
2566
874
4816
174
5231
1929
2085
6697
6570
2526
3776
3106
2378
3367
4534
4990
3029
216
6339
4251
7180
4756
4485
1000
5964
83
2136
7277
1139
163
2313
2819
5126
3088
2381
1355
2416
6797
4608
5525
1427
6342
3741
3751
3548
4682
4826
1134
2546
3555
3377
3083
3368
7020
4718
2250
3473
2973
4635
5863
614
5549
7420
5904
3552
3354
1782
3234
2542
7450
5403
6763
6482
7428
7286
5325
5647
404
7385
46
4983
1127
2037
1415
6514
6500
6934
741
5674
3544
6148
4738
2861
3052
2871
2116
3408
5736
4768
3891
5281
3978
152
6399
6062
6198
4972
7267
7213
2779
2201
2369
5796
1271
5091
3537
6365
483
5352
3967
2325
6507
5371
3389
899
2433
958
459
6201
3764
2729
1657
2667
2811
3330
3147
7164
1048
1023
2133
6906
4862
4752
5077
3687
2684
2086
3258
7387
2510
3573
3310
1249
6627
4602
501
6435
5625
2851
151
2657
6131
1463
2300
3032
6553
3646
203
517
1052
3103
4457
3630
1551
4253
2016
3604
4065
4002
4007
3686
2203
1103
4567
7358
6117
3269
4367
3763
5446
7478
3981
6603
6444
386
3067
3939
30
6307
1954
5579
662
4568
3378
4641
1152
6533
6244
1418
2483
3575
855
1454
4141
7051
5809
2193
7242
5976
4955
6286
6557
6381
467
7285
6654
6358
338
2386
2343
4665
3665
1500
244
1312
7076
4686
1905
1912
6607
2659
1097
2000
3895
175
1527
661
1998
2370
6020
6695
2269
129
6437
1137
6881
2247
6293
4358
5362
6733
3882
6120
965
7050
1671
6656
4588
2722
2015
2364
6103
2529
2830
5346
6373
5959
3934
6694
1295
3092
2750
484
4239
4099
1902
1755
3449
908
1196
7161
7294
4477
3597
608
5191
5395
723
7240
4633
194
428
3742
2098
5542
1019
4228
4312
1925
4049
5478
5557
3577
7319
2534
3018
2179
2627
2926
6604
2474
3217
4464
5663
774
7317
3583
7349
327
3519
196
6368
5690
5721
5619
6348
7182
6309
7011
5319
2853
372
4701
2291
7099
3120
6170
1347
1394
789
1029
4021
7476
1799
6930
2306
5315
3387
7129
5866
131
1114
535
2516
995
4750
2675
6834
2554
185
6183
2648
4145
113
7282
4822
659
1090
2022
293
4156
5079
894
1266
5211
304
4119
2654
4104
4621
7225
6854
4907
4320
973
6917
6232
1532
137
6772
1989
1488
4180
5074
1917
1596
5883
4230
2694
4034
2365
1529
3044
677
7373
4780
4623
3127
7094
62
1600
1232
842
7432
5308
2828
651
2261
4062
6675
7070
1067
2865
6548
6295
2172
1968
4564
7026
1349
4017
4326
155
3270
5729
2755
5774
6679
3864
7009
6326
442
1650
3413
4019
4735
187
6380
1370
4673
6550
3917
511
4742
3896
4148
2928
1015
422
1228
7066
5869
748
1644
2930
4243
3732
6696
4689
4083
1623
1031
2900
2253
4806
1846
5203
457
64
6515
1918
5591
1129
6516
1516
3596
6460
2901
938
3906
3810
6141
4963
6439
4396
1314
5927
4601
6651
5282
5701
29
3781
3759
352
7207
2868
7329
5072
4496
2511
570
6774
5610
6335
3966
7232
5331
1561
1144
3991
494
5997
3166
4467
3124
7027
670
5848
6164
3818
759
4574
3737
5962
7181
6476
6175
5273
1229
1718
1673
5410
5133
6828
4152
1037
5867
547
4791
6447
943
868
7005
2916
6096
4434
2866
6904
4425
5568
5824
2764
4031
4918
697
6220
4867
1957
6174
6172
6632
1661
810
1194
6112
2705
5305
2563
1225
4767
4412
5302
968
36
490
2640
1448
5642
5218
1009
4142
159
4531
3447
1296
5163
6446
189
5941
1872
2906
5611
4359
6028
3768
3068
2710
2502
4836
6831
424
6021
5261
4110
6185
7458
3928
420
84
4048
77
265
2609
2841
1361
775
6522
3731
3875
6145
3342
3194
268
3887
3595
2339
6755
667
6094
2814
4248
575
2447
638
2576
5247
2769
3456
515
5828
6193
935
6387
104
3872
4645
7457
5533
325
1032
6614
4352
4979
2809
6787
564
2182
3073
2405
2353
7223
4933
5170
6886
1767
4982
375
3800
3910
6421
2806
2060
5872
3894
621
4820
4912
2208
3192
1900
686
5528
4183
814
922
1837
3612
7256
3788
3870
5739
3857
2149
6412
6983
4413
1963
5132
6452
3551
5712
6433
4860
5491
2041
7300
4958
7341
6227
4213
7135
2121
4592
5720
1437
3208
6205
2979
3711
5673
4961
1036
5765
199
630
5409
135
4528
7054
44
2600
863
992
1028
3126
3744
5432
6963
2743
618
1216
3746
3300
2588
2775
5420
479
6163
6889
1823
7326
355
942
861
1204
6494
1112
6746
1024
7448
4554
4408
52
3385
31
3419
1267
6153
6744
5570
5348
498
941
3526
5224
5601
4512
1055
6217
1388
1597
4402
4336
4924
5029
1477
2249
2647
5422
512
4945
3418
4184
4232
2448
2553
1717
4732
1890
6085
2966
2803
5390
2226
3175
193
4216
202
2543
6115
5408
3004
1065
7342
1853
3156
1684
6393
3339
7405
3779
1328
4656
4875
4238
4303
3338
6935
2395
910
78
1576
1362
3265
1688
2790
4032
4132
824
1967
7175
5693
896
4827
1234
959
1123
3566
7374
4716
2875
4338
4051
43
7442
2050
3042
388
6790
2641
5780
4271
1734
1447
2880
339
4546
6883
6556
1969
397
136
4226
1575
6801
1747
2144
2780
4500
4351
2452
7409
7205
6819
4829
880
1005
5732
1380
2528
3057
5531
6519
7462
3616
6241
2243
4530
1094
6761
1184
2232
6195
6075
5825
1294
1515
5660
6406
2532
1603
4668
3886
6942
5932
1126
3357
4046
4854
4744
1317
1051
7038
5955
1133
6741
1544
2417
2429
595
807
6704
561
2858
6162
2634
5279
4919
1318
1208
4993
445
3837
3248
1426
1760
5368
5891
1520
4077
1933
1806
1915
7174
3479
3235
1177
7048
1359
5901
6796
2230
6363
5785
6155
6567
6343
7149
6806
3129
3533
6186
6569
4375
2126
1345
387
4719
6621
2065
4984
2530
3531
6011
5090
5370
2147
6281
6678
2198
6670
3458
3601
5886
4555
3245
6109
2589
439
3181
34
1682
5280
2785
6720
2033
2410
1857
5507
5235
3618
1180
6966
5465
633
533
4896
2872
1550
5772
6119
1811
3008
5140
6125
5889
7283
7104
6031
1951
1342
4102
3327
4296
5127
2968
7035
5405
6040
6260
2797
4697
4760
3491
1259
5598
4581
3709
6322
5476
100
611
3932
7003
405
2742
1013
65
622
3773
5684
776
4037
1804
362
3440
2644
4388
359
3464
5834
7269
6667
3925
425
1436
4788
6477
4894
5650
1382
1288
1815
3460
1146
552
4139
272
1993
2418
1176
2964
6920
229
345
6989
3428
1185
782
1549
581
5556
4970
6832
2382
1121
4207
5933
3684
1120
1985
3689
2304
4281
2047
6586
4921
1115
1936
727
4759
1723
4308
1577
3672
455
