4769
563
4050
664
4227
1293
4794
3510
4435
5931
5688
4116
3465
510
274
5009
2329
105
3897
7361
1994
4157
3188
2156
6158
466
674
5508
2586
3369
4852
5492
1908
148
2427
6568
7128
1113
1186
4566
2489
18
1791
1835
4749
7382
1496
5035
559
2963
1973
715
1510
4014
6097
6388
6571
582
4823
6843
2046
1871
3865
5210
3144
4011
4884
5905
221
2685
2324
5148
3094
4219
639
5123
4627
2104
6686
5267
2227
3436
5655
1615
1788
1487
1909
5158
5751
4362
5187
5174
5670
2145
3223
3329
3307
3879
4817
7170
2340
1556
7485
5731
1580
634
1664
909
6126
710
5759
1387
907
1913
5750
6420
5818
314
2148
1830
4639
2483
3448
3171
6381
4277
2325
6304
1158
193
93
992
3966
5314
2703
3928
2041
3991
7300
3915
3779
4453
6935
6586
407
388
5772
5235
1549
1915
2797
5366
1734
1933
3428
3709
3021
5279
1815
3464
4965
2173
4731
4236
3560
5227
4172
887
5071
3231
805
6445
2387
7228
6873
6849
4646
4449
2597
4934
1602
3122
3100
736
2222
5205
6043
7201
3673
2464
2791
6321
164
4198
6315
249
1958
4090
2635
7378
5454
3927
3228
4284
7187
2289
1873
6810
5459
6858
2374
337
5653
5565
6901
982
780
4211
4853
4098
122
4925
1697
2877
5624
694
7249
5078
5433
6725
5320
1214
1302
1035
5025
5561
4576
346
4548
530
7338
7008
305
3434
6104
5129
2431
808
7119
6251
1050
7297
39
5075
70
476
2646
3237
1256
6030
7039
4446
6762
3881
5239
2977
6988
5782
4209
1525
5494
1498
1950
3608
3905
5049
38
3752
1640
2879
851
4426
6588
5827
2940
625
2091
5659
5586
4487
960
6877
4357
2181
4395
4557
488
2818
1582
6450
4938
4520
3304
3244
6312
1010
7192
1301
4980
4265
3452
6975
3562
5300
1409
971
3506
5426
6777
2992
5169
4879
200
485
7246
5284
4206
6529
1770
7348
3048
1198
3969
451
733
3632
6539
238
6716
3961
817
4152
31
5121
7242
4756
151
4907
7455
6717
1477
6183
4892
1623
2841
3227
2096
45
5119
4862
5877
46
6054
3127
2928
4245
3737
51
2566
4559
1126
6155
1342
6720
1317
5921
1603
345
5660
5785
2790
1811
6393
1857
34
1121
1723
359
3850
6832
561
3858
880
3533
1985
3181
387
4719
5370
1544
6416
4177
2509
5564
2013
332
4221
836
4599
1124
3877
6600
7464
5445
4737
4003
6998
5050
2134
4126
5027
3468
6937
7260
2536
3172
4844
6340
6738
5309
1851
5128
3062
2860
1757
4708
4349
7292
7062
641
1699
1612
237
1038
915
5840
4582
4181
2224
2506
3450
793
3132
6549
3774
3323
1625
3540
3131
6064
1043
5515
3705
40
3811
3980
2738
1042
4447
2438
6090
5940
4283
1793
322
6296
5097
3594
1878
1006
4789
2896
5778
597
6653
1842
768
6068
1519
3167
6222
5070
3395
4072
2166
1358
6330
4176
5553
2421
2209
4977
7100
3261
3636
2984
1595
6274
7392
2630
188
6967
1109
3619
1996
6044
6101
5225
3497
2607
4594
1455
1820
6453
5036
948
5397
1168
6207
33
3735
2114
1070
6591
242
6628
1491
6802
7081
1022
1069
4373
2733
761
6617
4455
4108
681
2267
7398
1027
2376
4212
7422
4842
4060
2393
5145
111
6809
2064
760
2199
3046
888
5436
4420
2873
4573
3572
6351
6332
5194
738
109
6780
4278
3463
1665
6143
966
7029
2328
5714
1548
635
658
2129
3001
401
4272
2384
2950
5868
5527
1955
7222
3444
1656
3002
7065
3489
1829
5374
2649
4774
1153
7196
7209
5125
3563
4479
2412
3010
5923
7183
5771
1389
3186
5113
5197
5442
1324
7290
1776
5621
4122
4618
7015
6497
190
1331
7437
3504
816
4466
1722
73
2947
7475
1637
3681
4033
5703
3867
744
4476
6811
3528
3118
3195
2624
4995
1714
5294
5337
3142
3471
3309
7391
3393
236
2903
5206
1554
4495
1920
2756
5602
1621
4421
4355
2488
2954
4617
6657
3047
5040
7325
3900
2713
6100
342
6706
2415
6871
5005
6190
520
2899
7058
7227
3914
5256
2132
5836
2125
2564
2219
716
6798
5668
6157
5626
2363
2351
7095
4967
6253
2422
1616
469
5233
3579
6552
1592
5183
5209
5054
3588
2908
4597
5453
4372
1490
3291
5942
443
3517
99
5399
3688
2912
2346
2845
2565
4483
1499
2354
5223
1183
4959
251
4994
4748
4603
5929
7079
936
5629
414
2241
3989
6923
4225
6425
5221
6566
3723
4442
4087
4318
7454
1724
6247
1325
3478
3863
6501
5137
5761
350
6327
7033
2077
5853
2665
4024
6879
2660
6228
7444
2821
4620
3670
4418
6760
2011
1901
3570
954
7010
1004
1081
6418
3191
3892
7167
5484
4433
7186
889
4391
4405
3206
5715
4162
825
5179
4669
2048
1402
764
5810
7136
2260
6956
3407
5596
1281
5640
3930
4591
6560
998
2068
3054
580
1975
2440
1743
3427
665
2330
1883
3554
4461
4161
2864
2323
6927
2673
6210
6231
7388
6564
6689
4952
4305
833
3305
6370
7313
950
997
6374
5589
1456
6794
5950
2812
3075
7113
5246
4330
1843
3834
6867
7126
4059
5375
2021
5518
4262
5740
5334
1797
7021
14
3249
4223
1629
276
1641
2807
1765
3288
1187
6872
6357
7159
932
4821
5839
5654
3
1528
1368
3169
1935
7041
1809
437
3209
6458
2606
6573
6518
1543
4681
1893
6349
6932
1131
569
3343
5603
1269
5407
371
1084
2152
1803
1178
6053
4717
5414
2004
2762
3727
3718
4244
6691
5692
859
5722
802
1680
3303
6743
6264
5108
2794
4166
5990
6669
281
1924
4722
798
3064
234
2084
5276
213
7169
1687
4585
5833
5262
6499
2986
7243
5382
24
3625
195
125
4936
3507
1076
6870
6436
1910
4671
7030
5758
4009
5910
4472
3153
4713
4940
4846
3530
7193
351
3798
1107
7229
5816
2608
471
2118
4076
720
5590
4068
692
4765
2795
2751
2599
1422
3568
6029
6943
2894
3605
5428
1450
4782
7107
4510
1440
551
4417
5648
3918
3353
4288
5788
6063
7435
4123
5358
3221
310
3028
3714
4036
7453
4954
5245
4741
7179
436
1002
695
7344
1956
4649
4304
6565
5623
1077
5053
623
7114
6191
1721
1226
3324
972
6953
1849
2186
2632
2771
2263
2919
7032
2491
2658
406
7456
7142
847
7415
4067
7411
308
712
6785
2827
3853
4365
1188
6275
3091
5512
1692
4931
1082
3250
3889
460
1419
2008
3944
5481
4937
6595
6414
4231
3140
5620
1573
6826
1654
2575
3987
6443
3775
130
1847
1884
5900
3214
1647
4498
1838
438
2525
2397
6827
4370
7477
4344
4544
7025
6504
505
1704
1997
7362
1276
4545
3556
6791
5248
4819
2305
2101
1231
3919
6807
1715
3079
838
3402
1716
4127
6668
4572
22
6815
6475
2385
3211
2618
1431
119
6124
5359
3380
3364
2080
3469
5195
906
2066
4786
225
3299
1513
3641
6637
4507
6470
5175
41
7208
3108
1593
5220
3715
1163
754
2822
5470
6391
2492
1930
4746
6561
5607
7284
5437
6041
6590
2056
7366
4911
5204
4694
4337
4583
6753
4691
884
3241
6403
3252
555
596
2674
2164
6936
1327
4652
1377
5263
5093
5535
6056
820
6750
3976
891
746
5000
1511
5812
0
2215
7353
1085
4615
5283
1020
1446
849
717
1827
923
1850
1277
2669
6301
6838
7345
4398
2055
553
5916
3777
6619
2936
5978
4914
6136
766
6908
1346
2012
7268
399
3902
4988
5028
6537
1344
5360
2584
5783
6745
6354
1320
3007
5555
5101
2170
3239
6523
7059
6582
3866
128
5509
6782
2430
3538
178
7419
6352
7333
2666
5124
5741
6362
2869
348
32
3112
23
620
2442
3676
295
7127
1333
5295
4777
3376
5483
6970
2826
2025
676
4640
4674
1553
6239
3154
6486
3940
841
6952
2792
462
6280
6188
675
7102
6608
796
4770
277
6429
2768
7001
1564
3224
5894
756
5996
5015
1262
6845
6214
4589
1054
4088
309
5948
2548
94
4354
2142
883
514
58
650
1086
6660
3845
5735
6023
3383
3792
1247
2318
2283
5479
7184
2003
5189
3848
2561
7199
645
2562
4834
3069
2333
1073
4406
5666
1466
3820
4593
4215
6060
1250
5237
3373
5575
6057
6532
6812
5377
177
4706
3516
4482
3274
5061
267
4935
481
7111
6999
250
7434
4390
5845
5811
6659
3467
318
6079
1147
6847
4695
3525
366
5365
3102
3701
3045
2798
1410
3024
6957
4740
5699
852
6833
4438
1155
6014
4327
6641
2435
5458
5593
6779
5114
594
4063
313
6211
321
2044
7438
5975
2874
2626
59
2696
7406
252
1841
6618
2292
312
1521
7257
1482
4881
3995
2596
2334
6196
1874
5378
6509
4432
2567
2612
173
5296
4877
1174
2804
74
2723
6273
4690
4745
257
3099
7334
1341
226
3461
3993
243
3259
7150
4394
263
4387
5164
4474
3839
4600
6173
3470
2062
6263
3437
5260
5977
6474
4383
5138
492
5814
2295
3629
7052
3938
3336
4026
6836
2301
5238
1864
4299
1047
6328
6180
5595
2994
4366
4266
6863
5842
3505
3347
6392
2752
1868
6684
2993
4946
7372
1991
2419
6026
839
930
2999
4257
4444
1472
4382
4041
2450
6506
6182
1407
4723
3931
657
549
5850
224
1563
300
419
7151
3499
6495
3624
1203
5800
6705
2255
5438
4300
4154
4113
2766
2336
4828
6649
1481
3110
5201
5002
730
1486
1503
335
2472
4492
5651
143
3503
711
2401
7061
3082
5013
6279
3474
3101
7447
2544
4974
3653
815
7172
5522
3648
2089
5664
4233
5676
411
4324
2067
6337
6818
529
3196
1405
3399
282
2927
254
231
2165
2514
2244
6199
2990
1200
1464
1606
2905
7083
4729
3901
7031
7168
6528
585
2349
3386
186
3182
4295
4073
2852
2938
4322
2049
1398
2504
5899
5244
1523
1605
2434
4171
5038
7473
3984
2969
3445
3043
3107
1475
2910
3371
2689
3201
4606
25
3873
1395
4078
6962
3184
6438
3162
6844
5635
5095
5272
1008
4443
2784
5683
3366
7017
336
1106
1199
4151
4709
3233
1660
3060
5345
4511
4259
1195
2229
4074
1763
4328
6865
5332
7064
3363
724
1977
7272
2153
728
2262
7441
6428
71
797
1406
2678
2617
4194
7063
7231
4170
3410
389
2953
7002
2996
7239
5349
5354
6663
6159
3283
583
2639
1856
1805
5728
5511
463
4287
3011
4747
6048
258
2820
2457
3642
291
4489
1459
3003
7014
1535
2748
2361
1502
2167
3761
821
2988
1332
2057
2547
5498
1334
4841
5911
7259
924
5241
1465
2331
5384
7125
1062
527
4218
7046
6035
7430
6924
4214
4381
456
2581
344
1270
3911
939
6688
5618
4069
487
1306
5882
886
5379
120
678
7215
1449
1212
3361
5086
579
5784
4519
6708
1244
3078
7315
1962
3000
779
4004
5471
3012
6138
6765
2754
4814
5537
5958
1148
905
1497
349
4553
548
2686
1191
4085
5952
1072
5830
3049
7466
1633
5766
5789
6290
5117
6727
7356
3880
2360
1653
5080
6098
7012
2500
4905
4764
1961
4392
1088
991
182
6683
6888
2592
2656
2359
5860
4186
6647
5967
1116
3425
1978
3246
876
3174
3615
1759
6364
1390
4481
1441
6361
5274
1696
5306
4996
1030
3634
5353
5333
721
3296
6839
6369
134
4452
5737
7019
5290
2706
3279
3654
4175
5902
381
1859
4609
2394
1732
4401
5776
1093
5823
4658
2850
391
3111
6305
5456
2605
1964
2622
7245
3755
368
4904
4468
540
1145
2218
98
4688
5604
1707
7131
1260
7380
1622
5807
5957
6978
3926
882
5616
6764
5526
4292
2855
4493
1374
6891
773
2507
4431
1825
5250
5034
2266
5805
4664
4677
3627
2036
2202
2955
4525
6487
6597
4488
7309
6707
374
5424
1772
6633
1518
5135
4869
5636
920
6913
3783
5216
5777
256
7368
3581
5857
7288
95
4377
986
2888
2577
5523
3170
4561
2920
1209
2652
1668
489
4798
539
2727
1887
432
3216
5243
1003
3164
6372
2287
6127
5102
3842
66
1891
6272
3113
3614
2314
1428
2195
2541
5152
4795
2587
1157
6099
1555
3125
6994
123
5440
4252
285
3168
2829
5495
2024
1833
4185
5429
4070
2782
4684
4562
3726
2163
1351
6965
6955
6237
3037
6850
4538
6947
2805
1667
434
1242
6715
6662
5844
1821
3994
2758
7418
5089
2499
2225
6398
1565
3885
5118
4906
2917
1396
1292
7137
5854
1638
2876
7072
4094
4254
5874
5033
7067
2719
7320
7124
409
7321
2031
7023
1807
1674
6055
2293
5253
6949
5297
4757
7377
6167
383
7436
926
5116
1171
303
3306
3589
2604
1179
646
6266
112
4672
1852
6878
3828
4833
1201
6341
2097
4969
4598
3937
2943
1865
3179
2974
4027
168
795
1628
5303
7306
3899
3657
284
6010
2083
6113
6990
5768
2663
609
3815
1274
85
673
3545
4565
2882
6184
1213
1096
3431
2079
1764
3149
3360
6788
4360
4685
5852
3318
6093
4315
687
4385
5329
365
3942
4030
2960
6371
4309
3273
5748
262
6899
1303
4204
3833
6824
3582
5463
6876
2398
784
3668
5217
6747
1663
7307
509
806
1305
1713
2348
2248
5153
6701
1752
1828
2985
6213
5289
4772
1557
3178
4291
6646
605
702
1817
1756
5719
1591
2461
7280
1814
468
1585
2603
4704
3212
5418
7331
4260
17
473
6658
2273
4539
6221
5088
5799
5915
3370
7410
1275
6724
3861
4812
6130
6479
644
2918
3290
3549
165
4040
4614
311
4616
3809
2284
2931
4234
4771
3543
640
5043
1845
3063
2161
5912
4533
5298
5396
214
3678
7200
3860
6735
4143
4458
988
1268
3117
5361
7270
9
984
6073
5981
853
696
5202
5951
2787
6938
822
1746
1092
3999
6492
6613
3793
6353
6950
398
5122
1608
969
758
4784
6687
2523
2878
6944
6823
2254
1480
1501
3825
423
3869
6154
245
3289
217
5060
76
1143
5443
2194
2726
4491
7053
6086
6385
7090
7417
2982
606
3333
3813
1451
2825
2711
5172
7308
1542
1061
4276
81
1353
1452
2867
1290
1530
4100
1610
6107
7414
1193
586
5546
2962
4637
6775
1669
6203
619
1257
4773
1635
5186
3960
2258
3401
124
5681
3639
1800
857
6816
497
4956
1982
7339
4541
1911
1681
7481
7375
4497
1080
944
4120
4913
6563
1855
360
5155
1443
5149
4947
4071
7465
2157
3814
4981
610
496
440
6584
357
3862
3411
2835
4494
4948
3013
4866
6390
5726
6457
4092
6840
6551
6821
3416
6012
4273
433
3331
2436
2615
2075
3580
4240
5099
2521
4121
5532
289
3414
4008
3135
2135
1599
5930
2088
6400
4848
3090
1547
7381
4153
2006
3621
6740
3590
4728
521
7144
4101
565
613
897
2471
1677
6748
1066
6781
4611
794
4992
6974
7376
3025
707
3114
6087
1534
3423
4584
3888
6547
2745
7449
6015
1326
705
5106
4456
7068
7254
3161
269
3365
6334
4339
3704
206
5462
691
525
1357
3758
6161
5176
2482
671
2687
1617
2636
3238
1309
3189
2890
928
3631
4158
3996
3542
800
5600
3682
4521
1880
3856
3707
6092
5048
6105
672
53
4136
3074
5472
4404
4298
323
4514
1095
6718
3193
3821
4714
589
4991
3372
5057
2978
1128
957
940
3014
4055
1947
2817
2264
4001
6513
5709
6289
4006
4082
7247
6992
5063
7468
4715
7190
5880
141
2728
2239
3302
5938
2885
5190
6674
3840
914
6793
5271
3058
7343
684
3337
222
3524
5846
4201
1693
270
6424
6077
2881
1170
5711
4932
57
722
5986
3536
6773
2366
1812
6215
2196
1210
6544
2100
680
767
1149
693
5918
1506
4379
3139
2245
435
2715
6233
6910
3405
4261
5988
167
6612
1808
602
5024
7347
2296
4112
3679
668
1875
4364
1367
2753
1886
4647
803
7295
6505
5177
6102
7305
2140
6088
2976
7234
5229
2539
2110
4843
6008
3720
4799
3301
6078
2601
1238
2175
1430
5763
5791
6156
298
2335
5056
228
1420
7069
541
4131
3578
4516
6731
6345
4630
61
4850
3878
7293
4873
4629
6242
446
2379
4321
869
7112
6526
1413
1063
2777
127
4666
6202
3207
7203
3348
4399
3382
2205
1299
3388
3796
1785
6577
7403
2552
4195
963
6987
6933
3923
5617
3053
5965
212
2585
983
1375
6459
4484
2485
6864
7335
413
1104
1385
1462
1304
867
1154
264
6462
946
6960
1739
1461
4450
7304
5312
4465
2889
1813
4441
2408
6650
2479
3349
1795
4200
1125
4878
3990
6139
1119
215
6033
240
246
4944
7384
725
6270
7162
2392
6655
3789
2207
2887
2839
4518
3831
4286
6530
7194
4333
3486
5969
7133
6907
6070
1099
6786
778
4796
4264
1111
5813
1059
412
4587
1790
1709
7189
5641
4876
5757
1771
7057
2468
3656
491
1330
4107
6240
3384
1645
2655
3854
4845
1211
3674
118
1822
5716
5513
1662
3824
1397
6626
4997
3483
3791
4147
6267
6484
116
294
6984
3077
2286
1350
3165
3356
5742
1869
1889
5963
6496
653
6742
5226
5497
3397
5369
726
4847
854
5412
4023
6036
4558
4502
781
2042
7316
6919
5330
1280
2184
5477
4258
2789
2282
5559
5756
6540
6018
16
3988
4056
382
5806
6268
5165
3287
4523
6276
762
1894
6132
643
2162
2347
4160
6951
3797
7105
801
1690
5632
5638
4061
567
2730
5504
6218
1287
1775
161
4118
5026
198
714
1424
2776
799
7016
3558
5687
2594
5404
6892
3722
6795
6229
11
4350
1588
5473
5698
5851
3495
3220
1672
4000
4038
4825
1609
2352
7327
6065
506
4325
6022
2220
590
3912
3019
6285
925
7276
3081
1740
3903
5310
6347
7123
718
1300
1041
5928
5801
4124
2246
1339
729
6848
2238
3292
4951
4928
223
7248
126
3819
288
828
3036
7351
1611
1960
4179
5584
171
977
1224
306
5184
4909
1646
28
3667
5173
247
6728
2481
2670
2458
3762
5160
2505
3409
1343
5171
4091
5829
6046
885
2127
2808
5837
7047
2824
6517
2997
5794
2090
507
4513
747
3163
3973
201
4057
913
7116
6448
6319
3143
1758
3661
3816
4187
6483
2549
949
410
757
1560
79
3694
5161
1619
5646
1079
2069
4989
975
685
5467
537
176
2141
5439
5150
2720
7397
3016
6830
5252
2002
4289
6757
1421
6019
5764
6118
3640
358
3487
2732
4891
6160
7084
4550
3453
5622
3606
5030
6262
3696
7452
2965
7408
92
2061
5572
742
1221
400
1773
2303
568
6005
3766
6000
1001
3066
2039
3158
1802
976
2697
4679
4837
7078
4462
4150
6856
3920
7121
6866
5004
4423
544
3713
2373
1626
108
5323
2854
3185
3130
275
5970
2621
3835
2344
4831
2281
1540
4651
1731
4882
7130
5411
427
5021
5657
4872
6664
7252
929
6071
2362
2271
367
4306
5752
3541
3417
1824
5749
248
4692
4923
6394
7013
607
6713
341
140
2951
2294
4242
1566
5677
5193
3808
6212
4471
1140
7371
6223
3439
1634
772
6243
5301
4699
6287
4247
4824
554
7202
1786
21
2155
2093
1442
1279
5499
2113
1233
1053
4437
5658
333
3314
2107
2813
5643
2816
919
4705
6413
3059
4188
6027
3316
4229
1108
3400
962
7139
7165
1284
2028
6977
550
3492
3801
4535
1706
5847
4917
898
4515
117
2698
1476
4058
370
6133
3093
2664
6291
1130
7446
4
5583
6732
7077
5335
2319
4419
1045
1408
7091
979
3675
181
4703
5131
4196
6805
138
4025
2613
2315
4761
4851
2341
2396
1774
3795
5884
6294
6512
5423
604
3080
2477
5001
5198
3438
2391
4217
7318
3765
2470
6200
106
3285
5011
6636
6455
6255
1631
2498
3953
2551
27
6123
7250
660
2717
858
5402
3794
239
6049
6610
1101
3804
5008
1159
2240
3328
2288
5862
6081
4930
1926
210
1025
1966
7352
6599
6
3523
363
542
1164
6355
6615
5501
2736
2932
2285
1569
3514
1636
787
4920
2902
1726
5746
588
6277
5357
4010
6758
577
5259
3592
170
6248
1286
1457
4397
3119
5351
7055
2980
3921
6638
3884
1383
287
6804
5500
2558
6925
666
4804
6581
1876
5324
4053
2989
1844
115
2759
6206
1896
6283
5841
6542
5939
5336
6382
4898
5725
1863
7274
5875
2770
3116
3311
2886
5311
204
1904
253
2183
2744
3805
591
4509
6122
3198
3959
5817
3136
1433
3424
2693
562
6449
379
4347
6171
6589
1469
3313
1694
4469
2778
3502
6555
5858
1750
3603
5652
4504
5236
6673
278
5419
4341
4084
2957
3770
2680
7045
6592
5815
3977
7074
2645
5006
7219
5672
3070
1559
3753
7018
2749
2810
1392
6441
4205
7143
6665
3706
5994
133
3009
6736
2934
1710
1197
2619
603
6642
3355
1044
6192
656
2610
5389
626
7346
4342
3935
1613
5536
49
3123
1230
260
2213
3041
2034
6472
2358
734
538
827
2847
5367
145
6250
1337
7426
5893
1444
1604
219
2009
139
1453
1483
6350
4343
499
4736
4376
2935
5580
3832
7141
1091
1906
2122
1105
2625
5098
2407
6645
1598
5162
2531
5547
2682
2159
1329
7206
1058
3319
2844
1768
2204
6661
4889
6890
2169
823
4571
560
4255
3929
470
7191
3006
4237
5082
2557
1683
5143
5111
5831
6954
2251
493
3426
6434
1914
2130
1460
1151
7367
3750
4927
4613
4818
7145
4577
3104
4910
5392
7146
6979
4178
3392
5551
4619
1291
47
162
3055
777
2702
2299
1162
3683
4908
7171
7024
1222
4657
2892
7390
4016
101
2519
1265
5255
458
6602
5110
3945
6535
4622
211
7312
2765
1676
4224
598
2568
4604
2735
6710
3247
3262
3586
3352
4636
4858
951
3152
4334
1254
2512
5594
3784
5545
6359
2138
4776
3685
149
2893
426
3396
5103
2707
1136
5105
477
5944
6375
5112
3620
5461
5417
6756
1404
6032
7253
3734
2907
690
6261
1861
5803
593
3335
4529
3298
1744
7395
5031
5185
835
3267
7238
6478
4005
431
3508
4648
1988
4280
4203
3071
5041
3644
2117
4301
3898
6685
4840
4429
1581
4079
4210
35
6245
19
6596
2073
5363
1399
1972
4634
7474
2400
1877
6985
4297
3422
5543
5514
6050
2948
1659
1384
3721
4885
1381
3535
6151
4676
3826
4949
7365
3749
6862
290
3962
2692
735
3695
7363
3610
4197
5968
7241
911
2840
1484
3807
69
444
4809
3229
5288
5214
5085
4138
6585
1056
2843
3859
7211
1189
6465
286
3266
4329
6893
4313
840
3435
1352
2537
380
1354
4075
5897
3183
4473
2760
3204
7082
1691
5685
846
4978
2178
616
6317
6605
3692
706
402
1787
947
3141
4632
7470
7210
1801
631
1323
6481
4340
2676
7389
6490
1161
5067
3943
5980
6147
5192
5954
3772
6313
6643
743
2402
7087
1976
6454
5100
1574
912
1
4436
3975
3947
7220
330
5892
5393
2035
6875
945
4314
3085
103
5328
6634
5387
2573
4371
3202
5727
1205
296
3958
3225
6851
1624
6269
5251
1321
6140
1118
4066
4687
6520
5084
50
2688
7178
3708
6702
26
4430
4064
7399
2026
1923
2972
3637
4052
3087
3295
5987
114
786
2970
2783
699
156
1078
5582
3647
5287
901
1272
3968
1940
5496
1870
5342
3205
3645
3005
3128
7429
5644
6034
927
1166
4901
3527
384
2437
2515
2495
4929
3847
7433
6897
7204
110
88
160
5960
864
5898
6009
3565
1217
4540
1253
4880
2699
900
1895
2007
6059
6430
6306
2898
5292
1524
7122
5675
2535
6108
6318
5427
5385
2741
6887
844
1798
394
5051
2731
4096
5724
3607
5971
1192
297
1670
5656
818
6972
1583
5879
1141
302
1517
1432
1614
2946
2368
3916
3846
2259
1040
5908
1649
3680
6485
1414
7153
7198
740
472
4193
157
2102
7264
3180
5435
6423
5961
6235
5540
454
4097
6440
2337
1046
4386
6408
3308
3599
2123
2774
3633
5560
4013
1927
3786
985
5953
4638
2712
2105
3293
90
2591
523
5630
6759
4792
1014
4700
700
5266
7439
6209
4424
1941
7176
2522
1986
448
2200
6712
354
3500
500
3033
5571
461
3255
5871
7044
5182
2411
3344
1536
5447
6316
7185
102
2078
7230
4274
4202
2406
952
4263
6292
3664
3611
5391
6620
5706
474
3844
4754
5372
7289
3430
1552
4678
2252
1235
3109
1980
1742
4800
1946
192
3484
5881
4899
7034
1558
7236
5691
5448
3455
6152
4168
1839
1745
6493
2595
2897
4293
7138
1182
6808
6576
6426
4902
4916
5157
6461
4779
72
5400
7364
3275
2131
2256
6003
6737
2496
3771
4133
890
6580
1708
2185
3501
6303
6575
91
3257
1586
6236
2915
2524
4250
2580
5608
917
3827
6976
2217
1931
2345
2832
2833
2054
1348
4275
1467
7160
7310
5744
755
1907
1417
6929
6129
4667
4407
3652
7004
6320
5431
1695
373
2160
522
7440
1589
1315
2111
4556
5413
2233
2214
2995
2439
6410
5680
6625
3609
2030
6367
830
2071
208
502
1737
1492
1363
7486
1546
2571
2773
6427
6902
6386
7263
6177
6861
4727
6778
1074
1769
2856
184
2578
7216
4660
5645
5521
5649
1888
981
2420
6993
6767
4256
4962
1632
4130
3480
4693
1173
5717
4986
3472
1207
3433
2883
3381
1297
3264
172
7461
4762
3200
1098
5350
3963
558
6252
3390
7173
1639
2681
7360
5913
6058
6431
6730
4285
5934
6051
1411
3660
2620
2297
3893
5142
6912
2109
1974
4942
1702
6150
3754
2929
615
4975
7221
2275
934
5820
881
5614
2221
2704
2189
5277
96
769
1738
4022
5196
5605
3539
831
5821
6038
4409
5634
3553
6959
4960
2796
2987
3173
2380
4787
1700
2168
7472
4832
7287
5773
1493
4140
6178
3799
1412
3398
2403
2383
2302
5804
6480
5421
2708
566
7427
1541
1539
7416
792
1165
197
1522
5628
6558
1594
6644
3197
2945
5069
2517
3956
2579
1860
6114
5679
5562
7098
2070
2180
4802
1590
2487
3836
6536
7298
5665
5946
5769
2171
179
7323
956
3443
2933
3736
3277
3534
6572
334
2493
2484
6045
5696
3951
6323
2228
7303
5430
3663
4415
5269
1730
3957
1494
6135
6841
1227
68
3346
2653
3924
921
4813
4887
5045
3482
4020
4410
3593
7092
6401
2108
4128
5760
663
1854
2513
1273
5012
7155
1885
3320
5718
2367
5682
1652
4117
7110
3909
3728
4968
753
6609
6004
6194
3496
7421
6986
6958
418
5876
6895
5180
5062
669
1761
7147
6961
6648
6001
3617
993
5394
1245
6751
1505
2316
526
3954
6442
449
1570
1172
6052
2611
4628
1995
850
475
750
3745
4369
2466
2975
2598
5460
7188
7148
1365
6714
1858
7354
3852
5895
6254
5983
320
3375
4900
4380
6411
1685
1401
5985
2518
3838
7337
121
1026
1319
7157
6817
3699
3823
612
2849
513
2837
7233
2027
4733
5797
2298
3740
5538
4712
6579
7040
1016
6940
1938
6082
2188
6909
7322
1562
2924
2651
6407
3240
1468
5859
1952
3490
4222
5943
2859
4029
1512
4586
5671
745
6471
1160
6822
1064
3972
6356
6278
2032
2053
4625
3829
1169
2465
6039
1243
5973
4575
4463
1733
5087
937
3780
4537
2991
2082
1784
1620
5338
1762
241
546
4724
1939
2444
4114
5534
2533
903
5822
4505
1897
6300
519
6534
6134
1012
1578
4389
2574
150
4653
1922
5819
4670
3515
7407
1311
6451
2802
2072
6531
6803
5516
5156
5457
299
1049
5490
5039
5083
4475
3035
3997
7396
2949
4595
1313
343
875
6377
2231
482
2823
6894
5702
1965
6629
6699
5065
4871
6226
6726
3717
599
2307
480
1423
2961
5096
6432
6265
655
3415
6543
3226
1215
1944
3982
3659
3559
1100
3222
3587
7075
7262
4612
7000
6333
3015
1298
3429
5669
2
5745
6709
4650
2476
317
3263
5208
3941
2734
2441
107
1780
531
2103
3843
2312
5
5073
5770
7336
6067
6047
2494
7258
5270
6946
6376
2724
3518
994
3802
2559
6855
60
1949
6324
2480
3294
1175
2311
7425
5092
5017
2629
4460
2939
6106
7445
1495
713
5275
2309
3955
3030
978
5865
6693
6680
2278
4808
7369
7370
1261
1202
3623
5188
4976
5581
3622
1970
2623
82
3359
1990
3703
1223
3403
4109
1376
486
5787
7088
4400
3662
4361
4763
6095
4793
3719
866
1881
2308
1643
1992
2043
4095
2538
4856
6466
4316
6578
6903
5068
3730
2631
788
5747
4311
6941
642
1438
464
7266
5200
3756
5914
2786
6061
845
4590
1932
4888
732
2327
4105
1943
3671
1579
48
1658
3177
4137
7042
6982
5755
7022
5907
3441
5343
3138
709
1867
7311
2087
6016
3256
5998
2023
571
3176
8
5661
5993
601
7299
7386
7480
2846
3613
4721
2642
6066
2150
4164
6137
508
4610
6964
6168
3998
4702
703
6800
158
7324
5627
731
3874
5662
3547
2527
904
4448
6562
5506
3913
5826
5937
5059
6069
3841
1458
3806
4111
1627
5475
1122
1263
4439
5264
1648
2191
3512
4596
3677
3787
4106
3529
4751
3803
5864
1471
819
6336
7217
6197
7071
3038
4499
4950
4089
87
6835
5835
2473
7117
980
2321
848
970
6690
6527
2572
6769
6722
1630
255
813
4368
7166
6179
3358
3421
5326
647
4323
999
3187
4830
6884
5935
6166
450
1729
3651
1218
2076
1777
5450
2911
2602
5254
3778
4883
2462
205
2158
1150
3146
3056
1393
3379
6405
4790
3065
4758
6006
6574
5109
3739
7296
2019
4093
893
5733
7158
574
3051
3462
1892
6583
3159
408
1810
6606
1110
7235
6216
6981
5107
5257
2445
2270
6860
2357
2371
5792
4508
7460
1369
1071
1545
7156
4644
4755
4662
4249
2211
2582
6652
1135
331
2151
2570
3215
2257
6508
6121
478
4683
834
1831
3282
648
307
2967
953
3949
1258
2146
6089
328
4173
1903
6025
4915
3190
1285
1711
7226
1862
3459
3326
636
2941
6422
1220
4506
7154
6995
266
6928
4631
3253
1531
3743
4569
1736
832
1308
5076
6383
3876
2884
5734
3466
7255
892
6013
3748
1018
3733
3340
826
3210
5168
3585
1984
2508
183
5597
3725
2310
785
5286
2139
6538
2235
895
3658
5966
6820
3404
2372
4220
6091
4797
1479
2746
2834
4698
6397
4890
2628
918
3061
4155
2672
4282
6739
2959
4579
6083
421
5505
2317
3643
6525
7394
1735
2863
6389
3635
6926
4054
751
1366
6813
6256
5355
3488
5130
6882
5151
6749
5327
3148
3600
1879
227
3729
5753
1478
5166
5885
2998
6366
5307
5855
7037
1289
503
5474
3022
2983
4543
1371
2781
6734
1068
4086
5578
6225
5317
6698
3511
3271
1607
1753
6915
2094
2426
7224
340
1937
3985
7244
7393
1832
2913
1240
5856
3638
1794
2545
6502
2274
6230
4926
6969
1945
3520
6282
2661
2399
319
2455
2677
4720
7120
1445
3276
2459
528
1181
3097
5007
4859
3236
4411
4578
5808
3232
5341
5738
4517
7451
763
1934
4043
996
3498
6611
6546
916
369
2052
3095
683
5401
5639
1705
2788
2063
4943
3133
5010
6622
7214
430
5488
4855
3023
2192
4018
5832
1587
4624
5888
2092
415
4838
7328
4310
3521
329
4999
5786
556
4903
5710
465
6776
6510
4966
5212
682
4897
5022
2099
809
6752
1336
2074
153
2800
3952
6468
4526
632
4189
5539
1340
5493
1819
3145
7096
5896
5554
1720
4486
3550
5055
6128
2709
6238
7467
169
4374
5485
2322
2614
2831
7479
2550
6007
5486
6711
2058
5906
4654
4134
4605
2503
4241
2279
3251
4012
865
2010
5795
2425
1248
4805
4607
504
4551
7103
4783
2216
2838
5322
6331
4570
37
3034
5318
1948
2540
871
326
429
5455
2721
860
5873
5014
1601
5416
5339
2716
1666
2265
1866
7463
1703
5613
75
1642
7086
4182
6308
132
1034
5713
1102
7404
4270
1386
3476
961
1537
6498
2569
6771
4661
6396
6631
5577
4849
4522
7237
7314
790
4459
5316
5380
5956
5979
4416
15
1504
6939
5199
3199
557
6973
1655
4811
862
3757
2643
3767
4039
4864
7097
6415
2453
6344
7
1818
2467
5042
2223
3716
6789
2958
524
6829
4454
3412
4163
3297
516
1678
1816
5922
4422
4403
5730
6623
6852
1434
7281
315
390
7195
5058
770
3571
2679
5234
2018
7251
1132
452
7056
628
5974
739
1435
6084
1033
6624
6723
3272
3481
3970
5441
3345
6111
7301
6630
6144
209
4501
964
3020
6110
5451
4174
7483
4801
2280
3317
3948
2059
2212
5548
3031
3965
7212
3493
403
5136
5612
1712
5574
7089
3218
6017
2342
5567
1310
1017
6868
6869
1021
6246
3446
3669
6524
592
6384
6464
1749
2001
4642
1403
396
812
6914
1778
3341
5762
4675
5637
837
4478
2454
4208
1686
3394
2423
2895
6249
4165
7132
4730
3907
543
6189
4870
3760
2799
2014
1282
4445
771
7302
441
1848
4332
5386
3650
6002
5222
4348
2388
2891
4542
4045
5139
1618
1971
4470
1701
3574
3243
6700
5541
1834
4319
4863
4987
6463
4626
56
2590
4781
1766
1322
3983
5999
2106
2290
7355
578
3242
2761
6593
447
5667
3855
7357
3738
5146
2277
3451
3532
5694
1364
5398
180
4503
6945
1942
6911
873
6257
6037
2206
4643
5592
1584
1987
2793
3050
392
2556
6489
5304
2956
6729
4857
7106
1190
5707
1983
5144
6146
4964
2971
3724
4146
7482
2695
3485
4547
5544
7275
3790
2718
765
6898
1728
1675
10
4701
1872
6227
7413
3822
1429
933
652
5611
942
5406
2390
3408
6906
2381
2923
511
2475
2432
2750
3076
1596
3039
6417
6886
1900
3910
2353
3604
1067
3098
1532
7373
2143
6948
5743
6452
1755
3192
5064
2300
5232
3150
3310
4104
686
3447
5781
202
5278
2583
922
5550
13
1204
6515
2386
7182
1474
3697
3810
7043
1055
4778
6604
5721
3089
4554
1037
154
2463
44
5887
943
2269
2404
532
6675
5633
899
6435
7457
2683
5848
872
2944
2671
3105
1137
4253
6814
5120
7484
7180
5261
6181
194
7134
1015
5525
3576
4490
3567
2763
6733
6286
2045
3044
5420
877
4251
4312
2133
2086
7060
3419
4335
5796
6770
6311
1454
576
7326
6971
3702
2650
6719
376
7400
4775
2819
6837
2098
967
1792
5774
6271
325
6521
3817
2560
1312
861
1846
1196
163
3134
2904
279
3710
4425
6853
6284
4359
3782
2555
938
5446
324
4686
2857
6175
62
2609
4673
4017
3052
3891
7383
1979
5381
7273
814
4532
2414
1023
4049
7379
4002
5074
774
6831
698
6550
233
3759
4228
6094
2803
6325
968
5247
304
7240
7036
5464
7291
3868
6387
377
4739
902
2020
5104
5690
1007
6096
2553
1463
5408
2460
1349
545
416
5023
4979
3208
3967
5674
7108
3378
113
97
4213
1246
7277
5599
5729
7341
2478
1650
2914
3350
7256
4512
4893
3067
3939
5268
3557
1998
5315
5126
1718
1314
6444
2828
2350
3269
3612
1963
1083
4232
1902
3475
5765
6402
1898
3763
5213
5866
1741
791
2040
4592
5647
5705
2600
5344
2268
2906
3895
5520
3351
5997
355
4191
6885
6522
1416
3278
6446
6297
4574
3391
4477
2378
6473
5491
422
5016
2739
2627
1751
1928
3374
1488
316
931
6880
6024
1225
564
5134
4363
5466
2848
6635
1249
2276
2355
6783
6141
600
356
6696
1338
4115
3157
2966
2725
1470
4985
3548
6335
5863
5325
5849
1500
4536
1561
618
6996
3849
4958
1394
6176
662
3473
7005
4393
7471
2343
7431
935
1989
4563
2593
6439
4725
5390
5585
5533
2237
2668
661
2095
6703
6654
2772
2389
2722
5356
364
420
1999
5159
974
2930
2424
6594
1529
879
1391
6922
2806
2250
6682
1216
1782
6174
6896
6116
1644
6559
7152
6917
1538
3029
1103
7093
3284
1959
4428
5409
2136
842
3083
3084
5712
2005
6983
637
4732
7469
2729
7294
4480
301
3573
2332
2870
6145
5285
3626
4099
6460
1031
3882
1372
146
3564
3857
131
6307
2900
5019
5482
1134
4267
2740
5926
2836
5489
4156
3270
2187
4048
7432
6259
189
144
3851
4710
3362
6697
6533
2370
1090
1379
5941
6360
5037
3026
6488
6516
7094
4235
4633
1139
1266
7278
3406
6587
7317
6378
6042
268
5094
3591
3711
5723
2868
6085
4895
659
495
5903
3908
6651
1890
6766
152
3665
4326
3126
4464
1698
4933
1060
6062
6142
1689
4735
3332
908
3896
6672
4549
5191
2942
3537
3280
1255
220
829
1485
2675
6639
6545
104
5211
1129
5046
3894
2757
1568
2916
4457
6208
2409
3175
3342
6117
7271
2767
4317
6020
5503
5964
4159
4682
2534
2694
4983
5697
67
417
4623
1112
4358
5178
1239
6694
2654
2814
2121
7223
3092
216
2451
135
2871
2338
5869
2197
6295
3160
5529
570
5625
5588
6348
2016
5615
1036
5293
3194
338
5415
855
6193
1278
4922
5936
4125
7213
3546
4412
4378
7332
4290
1905
5029
677
5305
5991
5989
4635
2116
6692
3334
5736
4689
4019
752
6433
3595
868
7402
3166
6185
7285
2176
5452
2701
7027
654
1767
6258
2208
5793
1679
6503
4142
159
3230
3979
4129
7054
2201
2364
6797
4352
7412
1418
5704
2272
375
1000
7181
6447
7424
3219
4816
1117
4083
1929
424
3693
4955
6232
6395
4588
1899
4169
2925
5231
1508
4961
1156
7085
6500
5020
4645
1661
5972
7026
12
6553
5843
723
2576
3785
7164
5925
749
4141
2743
6755
3519
4971
7006
6302
3781
3732
5133
479
5519
3597
697
7207
5530
1953
5542
1167
7443
4665
4998
7423
1912
1252
7129
5154
2633
1347
259
1779
4408
6244
2369
4531
4216
4396
4031
4144
4148
2037
843
1823
5673
2640
2554
517
5678
5258
608
84
4065
5432
6419
2226
2313
3776
3312
4279
7140
352
4608
4785
4810
6164
4957
2764
3254
4167
5410
3742
2081
7225
1717
459
5686
4680
7265
4711
6072
3072
4103
5982
6131
7020
6991
5976
142
6165
327
6172
4564
5695
271
4356
1437
2177
2588
4742
573
6298
3978
129
3698
6467
5949
3454
1572
494
7267
5273
4867
2909
3494
5308
4192
6632
7115
651
856
5824
2154
3477
6607
6511
2443
3457
3368
1089
484
572
7218
280
244
6768
5663
1236
218
7161
2662
6379
5872
3420
2543
166
1378
7450
63
7387
1551
4042
6834
4028
1057
4243
175
187
191
6380
7359
1144
2085
3155
5568
5346
2017
1127
7050
7350
5524
2486
5838
5052
5510
6676
442
621
6763
1370
6220
5265
6234
5321
955
5576
6889
3731
789
3933
741
174
1024
4080
3871
453
5870
1335
5962
804
6149
630
6874
6409
6980
3367
3258
4655
7080
4768
1152
6358
3330
5081
2326
2691
1237
6224
6491
7109
293
6905
6494
5032
3596
3260
4183
7319
3936
5319
1229
4567
3744
4580
5230
638
3686
3986
2038
3088
3389
428
1267
77
3751
5147
483
2921
6921
5890
4021
6677
5579
3746
3922
5909
5203
2862
6373
737
5610
958
2769
6968
5242
1316
6219
64
2405
273
2051
973
5480
2842
5478
1473
1355
7118
7329
4434
5240
3864
894
501
3203
4180
2546
1400
1796
5919
5601
2193
5809
2497
5861
2637
989
5444
6671
2210
2516
4886
1356
3691
5373
3325
4034
3068
512
2502
3418
3027
1917
393
4865
4294
6774
4402
3147
5291
5528
3875
1097
4190
6293
701
5228
2542
5606
5920
1799
3687
2520
7286
6163
4659
4718
5207
185
6115
5249
4941
1361
6656
5984
3522
4119
4734
759
2659
1219
584
4918
2029
4062
4707
810
1019
7232
5340
2690
5947
3788
2657
6310
232
4982
203
3387
4803
7070
1957
2853
5224
649
4353
4384
7476
6326
2242
2755
4135
6598
404
6103
4485
1489
863
4743
3286
3552
6548
6299
5557
1425
2433
2747
4822
5281
1918
3818
2306
6201
5383
1232
3509
261
3700
6900
2866
6570
3449
3040
3032
5348
2413
5115
372
1954
7478
4912
2714
3268
1651
5708
6120
4826
1837
4836
5388
4973
3917
3655
4568
3830
4602
2182
2684
3741
265
5072
7330
7420
1415
1916
6842
1673
4248
4184
6080
2616
490
1921
748
361
5170
1029
2851
6881
3890
6916
4268
6799
4145
7101
679
7340
6476
6170
4239
5552
4081
5047
5468
6076
3217
1009
386
5587
2456
2737
2490
5352
4753
6309
1727
5313
5003
7099
6557
5558
3577
5904
347
3513
5883
378
7282
3981
5141
3575
4528
395
2501
775
3904
4552
536
7049
5403
207
3555
4839
1826
5609
6021
5376
4780
5917
4972
629
5720
6365
2648
1567
1011
4467
29
4835
6074
4560
3646
575
80
83
3764
5181
1307
6787
4451
5700
870
6204
4367
1600
2179
1448
3137
2510
6342
2115
3103
4815
5218
3906
4230
3712
2647
6744
2112
4527
3151
7428
2253
5945
6482
2469
3569
6627
2291
1919
147
4496
4307
1968
6931
3115
5091
1032
995
6469
5347
6614
3354
4641
5924
6314
235
2124
4035
627
5215
4861
6148
7261
1075
7076
4149
3526
4621
1597
5077
1781
4945
1783
3120
1052
5066
2865
55
3872
667
5371
1228
3690
2015
547
6329
3630
4336
7459
52
5927
5591
2247
5487
3551
5867
89
2339
1509
292
1264
5790
2172
2937
137
6679
6963
5802
1142
5798
811
5219
3300
4752
2811
20
1427
6934
1507
6153
1087
6437
1048
1657
3964
3017
2236
7028
614
1836
1882
2926
2365
2375
2529
1925
2149
624
6217
5878
2901
5767
6421
6028
704
2973
2203
6339
3583
4924
7401
5631
4413
5282
457
6399
5566
6828
4110
1296
5302
6918
5132
2416
5449
990
1028
1719
4524
2526
3321
1114
5502
6198
3018
6288
2830
5779
3883
5701
1725
5739
1295
5362
2922
5018
230
7448
5364
4791
2447
4806
3649
4007
2474
2449
587
1271
1671
7279
1138
6338
3602
2320
3768
2779
3432
5331
5689
1571
4939
3628
4015
385
5619
3234
1251
4820
4663
5163
5549
2809
1527
4738
4767
6772
3385
4860
155
1439
5775
6187
5167
2128
689
2060
1840
54
4199
3887
2979
5754
7073
878
3974
3073
7458
5959
3584
688
5517
4601
5992
670
2249
4440
5828
2119
3544
3747
518
6112
42
5425
5434
6541
4320
6746
5642
3086
1754
4427
3971
4302
941
7349
5469
3598
6930
6695
2511
498
1789
7385
3812
2120
6514
6846
2022
3322
6507
5422
708
535
353
3096
2700
4874
2861
283
1514
719
4696
6346
2234
1388
6825
199
6904
3413
3106
6616
3377
4766
4414
4963
617
2981
5570
2261
965
6169
1981
3456
7051
4990
467
6603
2174
4868
6854
6412
2000
7066
1194
2428
6368
1533
2815
7163
515
6205
1516
86
874
3124
4331
2705
4269
2563
4345
30
2775
7177
6456
3934
5395
2448
2667
1748
3281
7135
3666
7009
3870
6681
1360
2952
5563
3946
5995
4534
3800
6754
2190
4047
6666
4750
7358
2710
196
7011
36
6997
4807
5079
3616
3925
959
2033
1123
4032
6011
1133
1065
5140
1185
3008
2147
1760
3769
4656
4829
6556
4993
7197
1345
3129
4375
4759
7007
2126
533
5507
3248
6125
3479
5299
4296
6281
7038
6678
622
6554
1447
6670
1288
2742
3338
4281
6477
1184
4338
2452
2243
4207
5573
1577
1259
1550
3442
1039
405
397
776
6260
6784
1180
6819
2875
5531
2230
7035
5932
1515
3932
5465
1575
6567
6186
4716
2410
1115
1526
1951
4984
611
4500
4044
4555
5368
4271
1436
987
4051
4875
6741
43
4351
6343
5886
3531
7174
2880
5891
272
6109
3315
2144
6989
136
782
4246
1362
4894
4919
5090
439
4139
3689
6942
4308
3886
3004
2137
6404
3440
2785
1969
1747
5901
455
2638
4896
1094
534
1318
4921
6195
3327
6406
7283
3339
2304
5044
1682
445
100
6796
1013
4744
6363
2446
7442
5684
5825
7104
1177
3042
7003
727
4970
5127
2198
1993
1283
7175
6519
5569
1051
2968
1967
2429
6162
807
7374
783
1853
7462
1208
5650
6667
2395
4788
5476
3235
2872
824
5405
2047
229
6920
1241
4046
3213
425
2528
5889
1234
3265
2634
6640
3950
5280
1426
6569
3245
65
2232
5933
6075
3773
6031
2356
3156
4546
6859
4226
1806
4303
3684
2858
6857
1382
6806
4102
4037
552
6119
2065
6883
7149
5556
6801
1688
5834
6601
2780
595
1936
3601
7269
2382
6792
5598
2530
6704
6966
1576
2641
3618
5693
6721
2418
3057
3458
3460
5732
2589
4697
4388
3561
4346
1328
3566
3837
339
4668
633
4530
6761
6621
4760
6322
581
910
1176
1380
7048
6790
7342
3491
5780
3672
4077
6241
5955
7205
4726
1804
4827
2377
1373
1146
3121
2644
4953
1005
2417
2050
2532
78
7405
3357
1520
1359
362
1294
896
4854
1120
7409
2964
4238
4132
6040
3992
1684
2801
4581
1206
