836
1554
4769
3636
2536
7222
4060
7081
4617
597
1358
1625
4373
6811
2509
5097
3118
3471
4844
1776
3993
2575
5241
2024
2805
5015
707
3825
1290
277
4877
4468
1008
5454
4483
711
1997
5967
99
9
4548
757
2347
4882
3019
3920
3536
6848
3854
7347
5026
1224
1672
1619
1775
3791
6092
7403
6347
2100
4005
7141
2810
19
4678
6049
7044
2759
6555
734
2989
1014
7264
5288
7074
72
5746
947
145
4224
2307
4362
6405
5645
2302
1992
993
1784
3754
4751
486
1888
2439
197
6993
612
2053
7461
2371
5270
2425
1240
1033
4146
6652
3190
3650
6749
6631
396
4849
3031
4547
6752
3095
961
6789
2799
5592
2761
2772
5917
2775
5870
4148
698
5302
5697
6697
5215
4049
1228
1673
2389
3890
2490
3702
2291
1836
2060
1688
1241
1520
2634
1288
3121
3213
5955
229
136
2638
6966
782
2968
1126
5090
6260
100
1682
6935
5309
4050
6809
2173
5397
1043
4227
3877
3142
3681
4995
760
5145
4212
5227
1331
3705
7290
3186
4599
966
2630
4236
5050
7325
6068
4447
563
5036
2222
1994
1428
5201
3549
5882
2727
5483
4234
5034
5811
1188
1377
2766
6012
5122
6264
1446
4688
4337
6923
2855
6400
4695
443
4069
6701
1654
644
6785
4113
1300
4932
6977
3302
1739
747
7112
979
1408
3337
2207
1099
171
7133
5150
6088
6805
6267
5412
3722
5794
4516
7343
4419
1822
240
919
7091
925
3973
4687
3765
1050
593
3136
4178
5214
6862
5031
1432
5287
2259
302
1683
2712
4217
431
3943
5672
115
3772
6318
6542
4636
1457
3202
7206
6032
6050
4885
2145
3443
5679
6450
2611
1493
7188
7427
121
6730
5696
205
903
5983
6648
3671
921
4410
3529
755
5914
334
615
1487
449
1546
819
5985
3051
2631
5710
4607
7357
183
1556
1984
4155
7212
1607
5922
2891
3638
3243
5136
6383
3048
3790
1675
328
326
209
4897
3199
4189
4915
4642
5416
1666
4422
6489
2414
2350
2203
45
2815
4402
62
3583
280
5132
5219
3569
3591
1236
5261
5883
364
5798
1232
2269
5570
4752
3321
4103
5708
1957
5321
3413
7413
1378
5780
6883
3339
5299
6704
5507
4207
5465
6819
1544
3533
6859
5569
1857
7007
4953
4246
1051
1549
6806
2147
1094
6406
1515
2797
6477
3858
7205
4102
1184
3510
4272
2134
5527
3463
1793
4965
7391
3900
5206
1548
5205
2224
2421
3395
6849
6090
5840
2950
6416
768
5940
6222
5374
7100
2873
4582
6044
3528
4122
4176
5070
2713
2064
3323
4495
1637
3468
2384
5931
4278
3594
664
1324
1656
5194
805
6207
6296
3046
2376
1124
4731
4420
1878
4283
6351
761
3100
322
5128
111
188
105
4594
793
1070
6340
1820
7015
6738
510
2896
73
1006
5040
7361
4774
2267
6617
109
4708
2947
6653
6274
2412
888
5071
6101
1109
7029
4476
6591
7228
1455
2329
1389
2209
33
1602
2756
4435
6445
5445
1153
5602
2328
1038
40
7260
658
5564
1042
4126
2013
4108
3122
7196
4177
3309
3867
3001
6497
5442
7398
4646
2387
1069
3393
6780
237
6998
1595
3002
5868
4033
5436
5009
3540
4172
6064
681
3167
4349
4421
5113
3062
1665
7464
3047
1612
6043
190
7475
3261
1851
1168
3735
242
5125
6628
2488
2166
6330
3231
1027
2733
332
3465
915
2954
2624
738
7201
948
5621
4618
3497
816
1829
887
4573
3560
3619
4449
5197
7209
3132
2860
1621
2199
3504
744
2129
3673
2464
2597
5923
6600
7065
4466
641
1996
2393
1722
635
5703
3195
1519
6143
1699
2114
1920
3010
6873
4737
1491
4116
1293
401
4934
5771
6967
6549
6332
274
2738
3172
5553
7183
3489
5515
7392
7062
1842
1955
2506
7422
3563
4977
3897
3572
2984
1757
5225
7292
4355
6657
4181
3131
2649
5337
1714
4789
4072
5714
236
2607
2903
6937
3774
4842
6802
4003
3811
736
5294
5778
4794
4455
4479
2438
3980
7437
5688
1022
6453
3450
3444
5027
4221
5978
489
4009
2436
5607
6087
5783
7142
1687
2348
7150
3012
3407
586
5495
2674
988
3291
3318
5135
5784
1743
3101
371
5948
4327
3469
6962
342
123
7041
795
1674
7239
4092
6079
3892
5975
702
3246
5204
7079
5629
2988
6263
1405
4360
3416
269
1449
2603
839
1975
2658
1096
4593
5666
6509
756
6595
6391
4507
6871
692
4257
678
6955
5740
2263
7257
2663
3556
182
3579
1244
7333
1746
5768
6707
381
249
7186
2165
295
806
7102
419
1591
7280
1309
225
124
891
5575
6924
481
5911
6850
2031
5623
5354
4866
7321
1199
1303
7231
4153
5443
5741
178
7083
6523
1991
6687
4185
3283
6374
5512
1638
5595
1201
876
2521
7254
4204
2331
4959
3994
389
3605
1072
6950
1924
2491
5728
3815
928
7465
2927
349
7025
2587
3305
7059
3402
3188
852
409
1086
3386
7456
492
5523
4672
2878
797
1195
5479
5807
2062
6041
695
2068
4981
3007
281
5537
3401
1855
7270
3542
3113
1677
2990
3718
1849
5438
3926
4392
143
3347
3201
3715
4671
6943
5043
4728
1250
119
4771
6364
3445
2241
4914
4090
5492
7245
2561
5555
5038
1368
5276
3678
2665
6138
3624
4225
796
2626
2615
2639
6492
7031
3873
6213
3853
6660
6824
6584
926
374
606
22
2689
438
3777
6788
6093
7144
1486
4252
3250
5593
4741
6597
3761
351
17
3842
5833
4233
3099
2152
6403
5414
4684
1398
5250
4992
282
318
7032
2787
4911
3410
3885
3078
3049
5535
6836
257
6947
411
3306
3025
2397
7376
4024
1843
3911
4127
5844
6978
3366
311
2292
2564
98
3383
5248
2088
3296
4538
3657
944
6253
4685
3182
391
5297
932
2089
32
4254
4067
7046
5028
2248
6486
1305
344
2336
2161
4717
3726
6566
4952
1080
4764
4074
3075
3370
462
5518
6266
3639
6352
4381
2899
6564
1555
529
6479
5854
335
2622
4772
1827
3196
4370
6844
2660
6816
1518
2419
3889
2584
1535
81
6210
6753
2472
5509
4640
2822
551
6659
1179
2931
5238
6438
3299
7339
1911
1887
6618
3654
2678
252
3581
4652
6398
195
2882
1807
3003
3568
4406
2635
6501
1833
950
548
1606
4070
6957
3676
4936
1480
1145
134
4231
7052
4157
6196
3371
3621
6188
2919
4935
780
4869
5272
7366
6872
4852
525
321
2301
2565
2255
6154
1873
6107
5915
4259
5253
3653
4458
6029
4100
1171
2079
6328
6528
4472
6237
6063
4566
4948
3682
3543
4723
1891
95
6641
6371
1209
6927
7320
3
1874
5295
4123
74
1231
1327
1490
5118
1821
2986
5114
23
4365
6663
6913
366
7131
7353
6214
4211
5683
4078
7331
7019
1930
5233
112
125
6858
128
276
3191
4444
1410
4390
437
1088
1200
6425
7064
4553
1155
3538
580
3399
4658
4041
3727
1143
4706
2656
7418
1174
2186
4398
2592
1641
6944
7012
4260
6385
360
3189
7128
2748
1716
4497
423
6100
5005
3625
3704
857
1020
2807
7033
1276
5054
440
6279
5217
3634
3000
337
6637
5951
5735
7380
4782
3149
5618
1692
291
2218
5138
6745
6158
469
2820
4846
6815
2349
3798
4344
6369
4372
24
2293
6506
6159
2829
1247
5860
7227
3423
7477
7072
6765
6833
1814
5186
3336
7466
3589
6014
4937
673
2548
3224
5093
4905
2514
4262
2962
350
1431
1647
7362
5164
1157
1406
5086
2953
1030
5428
5216
7187
4299
6748
2782
6561
4008
6633
986
2284
1629
6662
569
4482
746
1593
3211
76
463
5719
3880
3861
650
5296
2305
6878
2471
687
889
7113
2999
3431
4773
1277
1357
5153
1633
71
1066
2912
6999
1003
2157
2604
4300
1982
2751
1116
3545
2687
263
6157
4030
4969
2798
2581
6414
5498
514
6228
1669
5361
620
4828
3820
1395
5377
3063
6334
7473
2334
497
3279
509
5095
6443
6518
1841
1668
2812
1958
2318
2666
3090
3353
4589
1113
3045
886
6280
6965
4834
94
1962
2752
1062
5748
5459
5418
3914
2795
3944
7454
2083
4461
5384
224
4713
3373
1451
3755
2586
3530
7259
2067
5471
2427
3082
2794
6870
2132
4330
6840
59
2461
1163
998
6953
5664
5274
2314
6775
1481
671
4745
954
883
5511
5329
6715
4292
2118
6619
6086
6458
4539
3783
5349
1528
3333
802
6372
1547
6812
4541
5902
5179
4218
5726
5776
7137
3290
2097
4765
3303
6781
4994
5407
3091
5812
5676
6818
4405
383
5117
7159
7377
7193
1859
897
5816
6867
583
2507
5788
4417
2525
613
2754
4266
2374
2219
1704
4747
3833
4988
2726
7168
2066
2617
3627
251
3174
4674
3938
2430
4438
4143
2415
5852
3209
1772
3273
1653
186
4498
5842
6470
7381
1681
4244
784
5458
2004
4493
2960
6247
1320
6747
7356
7107
6821
3866
549
5640
728
2135
4063
1081
5223
1501
2006
1660
3380
3976
3249
3343
177
6901
4071
596
2608
7208
3238
7447
2606
1592
2745
3427
5000
4474
6361
4853
1061
2852
164
4996
847
3168
5957
1935
1274
6724
3102
7068
7229
6474
3216
794
3758
7378
2359
969
414
520
833
539
7410
4481
6180
5620
1803
7151
2985
7243
5189
721
5396
2636
2398
2974
2936
6428
300
1680
905
7411
4101
285
1242
7406
3582
1082
2442
5596
6764
2618
2869
3999
6337
6865
1346
6646
7309
1956
2827
849
7111
2262
5116
906
262
3111
2360
4491
645
6349
3037
4240
3517
4004
4649
1553
5758
6161
4704
5382
5761
368
5263
6167
6327
5681
1054
4814
5424
5737
2826
5088
991
4339
471
3937
4309
456
4068
754
4166
594
2048
2577
882
6390
1828
2258
6495
206
7014
5616
398
2215
1523
972
6182
267
6845
7184
4094
2996
3110
712
1353
1402
4085
5155
6136
3184
4315
7023
4606
4519
4284
3107
2125
1721
7306
3989
6127
585
234
623
6949
6970
2994
243
6826
5699
3701
496
6740
2084
3499
3668
365
5298
3525
6932
2457
1635
609
4151
2850
923
3862
821
217
4681
2167
5332
4382
5243
4291
1752
2254
1543
5237
924
939
5202
6341
6203
6691
2867
7372
5378
1131
2229
6035
2706
7017
1186
4432
6418
1396
930
3503
7419
1073
2385
3478
4175
5590
2771
4318
7334
3228
6590
4186
1599
2194
5930
7167
58
2888
7435
1002
5850
2450
7436
2346
4489
6272
7268
5289
6487
6727
1763
336
3995
1838
920
5565
3775
6568
2541
4098
2361
815
6551
4387
3461
2993
5481
2077
3331
3918
2044
1292
1407
3809
640
6608
3615
3931
7095
6899
6876
5176
5635
3670
1901
1732
7063
2835
1563
6353
4598
505
6668
1573
6990
4748
6026
7030
5183
4664
5221
4154
310
3470
5653
3013
6436
1456
1513
1964
2354
773
1203
6560
3135
5668
4722
674
41
2500
5102
3054
4967
3614
7441
6199
2758
3108
1183
460
4946
4215
2905
434
6130
7344
7284
3505
1667
3648
3114
7444
1213
5830
5636
4401
4848
764
1482
4746
7001
399
6936
5108
3930
3507
3793
6582
1107
5508
6173
3888
4324
5334
5245
4904
5722
6537
5823
6669
7126
2057
2492
1713
466
1341
148
1419
3467
4544
3714
7136
2283
820
6275
2289
6532
1850
5399
2011
6015
2025
3942
3178
5604
1212
1847
6354
4431
3996
1715
2567
1443
4833
3987
6879
1893
5260
6053
2434
2170
3361
4615
2330
231
5429
2333
7021
432
4677
5766
4198
1764
7172
4786
245
5532
3169
838
7215
6023
1856
6647
4087
3839
1147
2612
6688
936
1092
657
2008
6563
4740
4418
4027
2955
853
3860
7481
7002
487
1332
1805
3064
6056
4088
6552
6994
730
5195
1756
4821
2982
565
6547
3723
3588
2164
3863
1511
7388
173
6392
5360
1503
4492
6098
1472
4777
1226
7453
7010
2723
250
1325
1616
1275
7179
1617
357
25
2075
579
3117
5333
1452
982
1390
4561
4709
1978
5839
3288
6357
2195
2943
1440
2440
130
4026
4295
6847
676
1864
1977
1257
3828
2632
4841
6048
527
5345
6190
7114
3927
2821
5916
5358
2394
5453
5958
4533
1759
308
5546
6863
3140
1459
3570
997
3259
168
7417
66
4947
4511
5175
2719
5522
1765
2673
6073
1534
4433
165
4545
619
3324
1868
5013
2845
7438
4304
4690
3642
6658
5437
3239
5990
2244
5283
1565
4694
7067
1707
1797
4354
2225
5651
5899
3411
4391
6782
3376
2784
6613
2351
3516
1521
4305
4770
6301
5463
1004
6315
4974
705
2012
6794
1530
5810
3792
5900
2153
1883
5353
4170
3028
3079
4040
5942
5124
348
6956
5262
4488
4597
4525
4366
6273
3814
4940
724
289
7345
7272
4616
5894
2422
5033
3919
5462
2918
5715
3170
5375
5290
1465
6055
6099
3474
6974
6888
1466
1374
6057
4798
716
2547
5777
3641
2101
2686
4954
4913
2908
2363
5149
5306
5648
3848
3153
2036
6689
1344
2894
2049
85
1564
3688
6565
6705
4059
7200
2482
6838
5799
766
1809
7125
5981
4609
2652
7127
5603
6798
2864
4276
3365
2273
4442
5209
4637
4214
4757
5365
610
1268
2876
2917
6191
1724
1326
4881
3112
1961
884
6938
6750
4931
4572
5996
605
6184
3437
5952
1178
6779
5692
1077
2080
1817
4377
3869
5303
4614
5440
2142
2791
14
4691
2163
4565
5845
5053
1281
1187
5800
3125
1262
717
4443
984
2055
4585
2401
2056
4073
825
4036
1106
3024
226
6573
214
675
1542
5379
5244
4223
3212
1908
1351
4162
6908
5172
1825
120
3414
7414
313
3363
2874
2156
5099
4194
1605
5857
720
7434
4956
1450
2938
800
3360
1076
6113
1269
3364
6231
1696
2825
2323
3984
1622
3060
6891
859
5805
4322
4611
2260
1085
4583
798
7058
1845
3252
7124
5526
5977
4795
6791
3214
7307
5089
2669
3154
3629
1585
3902
3043
5152
6649
3011
6743
1663
6010
3554
406
4076
436
6952
4394
6807
6823
6429
309
1628
4456
4494
3289
5456
2920
4452
6827
1148
2266
5256
5060
6321
2287
468
433
1608
2696
4620
254
4171
4161
7308
3221
2504
7288
6305
1093
6475
1270
1884
5912
4383
4729
2711
7449
4510
4812
3162
4385
5080
696
5002
6221
5470
7061
5137
2605
6684
5929
4158
6457
5359
521
6211
5874
1610
213
6810
3834
3069
4603
1910
4287
1333
7415
555
5853
6839
1306
758
5589
5814
6735
2202
1499
5910
1852
3161
2596
2499
2562
5789
2792
4120
3369
3590
4273
5836
2435
5950
6708
7430
2969
4591
5246
3580
1047
2544
7053
6706
3179
303
6239
1191
2295
553
473
691
3241
2890
1557
4121
1422
5484
5626
258
312
5220
5654
4562
2523
3813
665
1084
3960
1502
646
1865
6760
6499
3899
2768
1193
1334
2003
1441
7199
4784
3206
5101
540
4328
3631
1260
6290
1800
6124
3425
5061
822
1475
2762
3845
2599
7090
0
3274
6370
4906
6683
3233
4584
779
7313
3901
256
4600
2021
4288
6504
2804
4669
284
5106
7368
6060
2910
1464
7169
1497
4819
7375
7315
3940
6362
5600
3164
841
2887
7105
6102
5021
4404
685
3036
1560
977
7293
4147
3292
3077
2585
7371
2877
2839
6462
3816
167
5646
6160
5880
5756
1140
5433
5001
1108
2110
7008
4423
3093
6212
1385
1662
6071
294
3819
1059
1973
270
567
898
4001
963
6626
7316
1041
2715
6540
6732
7123
1284
4917
7190
867
3694
1221
2468
854
7078
6907
4944
7016
6992
1611
3492
6951
604
5048
3316
5847
222
602
3675
2965
6725
5310
5918
729
550
4465
6919
5559
5184
3835
4298
6036
1824
2396
718
5226
668
7203
6843
7165
1802
1690
4462
1125
1063
2205
1111
7397
2728
4150
6005
7327
3487
6097
684
3397
5763
3074
5806
7121
7249
4107
6240
869
1462
5970
5473
6459
7084
6276
3207
4333
1350
4823
6505
1280
4350
2505
4951
3766
4714
4651
5171
4247
4289
4850
6046
7057
537
4831
1795
3720
5160
3185
772
3130
358
3163
726
1211
4518
2621
117
914
4056
2239
367
5687
2392
5063
3014
5928
4576
3679
530
2670
3667
6008
5643
1947
298
7234
6483
725
4057
4715
4399
3541
7452
5709
4825
4837
2552
6022
4824
7116
762
412
6262
5035
4055
5472
1774
4484
2789
5801
2294
5173
2061
2824
5335
962
3524
7382
808
3661
3801
3640
1413
126
122
4872
4124
4023
6742
6118
6933
6987
4876
559
2335
5677
4450
4991
7189
940
1835
4843
1476
5963
5791
6718
5846
4025
306
2808
2997
5131
6268
5369
1339
5504
1645
5190
4118
4187
799
1170
4851
341
5129
1706
4796
1053
6223
1731
5986
693
3483
2184
2028
5252
446
4082
4997
215
1693
4587
3081
1773
7252
1130
5716
3796
5938
5632
715
79
6866
3388
3382
1154
5988
1813
3016
6000
1812
1886
4306
5583
6530
6612
7202
6773
568
248
4325
3606
2601
2813
6664
6960
5193
3656
7446
3400
1461
3372
4749
5829
3808
116
6070
6233
1626
3578
6139
2069
4131
3058
4196
6795
4647
108
4471
1279
275
1510
1740
3486
2776
5657
1287
2140
2481
5497
4630
554
781
2655
6156
141
4006
3348
5439
2344
5624
61
370
1035
7276
3053
507
4666
2196
6243
6786
2220
5561
3287
3349
5572
6793
21
264
6289
5851
2885
1566
1894
1442
2881
4558
3495
2408
3080
6544
1304
2539
1791
1330
491
5161
2155
7248
4321
6984
2730
2479
410
6133
5965
7077
1880
5301
7408
2549
2319
4112
11
6757
1095
3314
1869
885
3789
5477
3674
4242
6448
5229
2175
4229
1210
2379
6424
5404
4437
7130
3856
2281
4523
5030
4873
3988
4264
4761
3301
6018
223
6033
5764
6287
4136
6577
2296
161
1771
435
346
6394
544
6027
2477
1375
4014
1758
4201
6105
6345
382
212
3417
176
2286
929
2816
1790
6674
7305
6319
1496
7247
4038
3066
6892
2373
801
3409
2777
643
7351
5467
5057
3840
6517
2664
4799
7139
3713
1430
1128
1001
7047
946
2854
2282
4364
2976
4629
7468
138
767
4
4878
5320
427
7162
5024
957
913
3220
6218
3158
4200
6270
6285
778
949
5698
1079
3696
7338
5622
4925
6413
3831
228
5312
4258
2127
6294
694
305
6650
7194
5323
2352
3139
7295
4513
6388
3797
18
6242
5025
198
127
2698
5752
16
2245
333
6484
4058
7119
4160
5757
6728
2093
589
4923
2271
2817
680
6496
4909
400
2489
1808
246
1397
2963
6713
4550
4699
3795
5165
4679
3821
2366
5837
6655
1609
983
2753
2594
607
4179
6526
2246
2458
201
4703
541
5711
4515
4000
1104
6104
3707
653
3453
3912
2002
5411
2107
5617
6856
6132
4502
1119
1646
118
4188
4379
1421
6512
57
976
2090
2341
2264
4692
6830
1588
6571
3990
1540
6078
6202
3762
1420
4441
4195
4514
4928
92
4891
1960
1709
3384
1233
714
2039
3059
2613
5177
5749
4261
2362
1785
4286
1889
2951
323
722
4535
28
2431
1214
590
5271
4091
2889
1367
5638
2113
5641
6864
2303
7069
4989
5056
5499
5884
2238
2162
5330
6910
1302
2485
803
3356
4705
2732
413
5584
582
1343
5742
6251
6215
5423
6229
3193
6077
5969
140
1634
4061
3143
247
1299
5078
5513
7304
53
506
6065
742
3434
6731
6513
3903
3558
2720
181
2141
3165
672
7335
7013
5658
1238
288
4521
1506
1875
3923
4845
3405
1149
3878
1786
7384
4847
3439
2697
6019
3824
2978
1697
1424
975
828
2042
6291
5004
1045
5813
2315
5897
1235
1469
3807
1044
4301
26
5817
7185
6122
952
2251
6685
1254
6520
5898
4529
588
6472
4280
7470
448
6245
3603
3267
3968
6408
4792
3352
461
6478
3608
1025
3285
3119
2932
4571
7145
2972
1352
835
4397
2337
1164
2980
5644
1230
3753
6636
5881
90
1744
5049
6350
911
7390
5185
945
4376
3611
3430
472
4203
5571
3958
1040
5255
2117
2970
3959
743
7399
2774
7138
2519
6490
2765
1941
2735
6059
2470
560
5075
133
4297
4776
5582
1253
6875
7082
7241
5162
204
2046
5006
2897
5367
7055
6493
6313
2123
6599
2130
2699
3749
3183
3794
4255
5084
5011
1988
2437
5961
4263
4638
1927
1166
7153
6454
2934
1583
1768
5391
2358
1291
5551
1745
7045
2073
500
1392
6423
5435
5112
4314
4634
470
102
1354
2685
2411
4436
3847
6893
7395
2625
2595
7474
6171
6316
6426
1966
7210
2009
1636
2898
3087
5448
5393
1659
1631
7220
4978
1613
5496
740
2702
3426
4430
3006
2840
1870
1337
260
192
2847
4079
1914
219
4097
5782
6440
7363
4908
6485
1525
6441
1574
2400
1091
2736
2557
3953
1404
5100
5105
6610
626
7312
27
1329
1569
5008
5594
6269
3535
4613
3237
4818
2717
4804
1058
297
4930
2391
2522
3786
1517
3708
5182
5236
5363
3586
3947
103
706
6382
1399
4052
3770
3647
286
3527
1787
114
4700
4920
6255
5540
7238
6261
3116
3645
6355
5706
786
3293
290
1691
4386
3734
4329
1182
296
2102
7297
2252
2783
4540
6736
5875
7365
1614
6979
2034
2200
1161
2843
5960
5067
4274
3610
5342
1694
3685
4342
402
7429
2946
1
4902
7024
5400
5417
7211
3438
4858
477
3152
6430
5192
1460
4293
6248
1384
1101
6235
2610
844
4648
6759
3750
2977
3945
5905
5987
6702
2676
5210
1197
5841
2749
827
5387
2591
3396
4219
699
1649
156
2645
2213
5385
4840
2515
3262
5879
4313
1972
2035
4632
7176
1189
6375
6123
3104
380
6808
493
211
7236
1896
5727
7389
1536
253
2299
1742
6925
7250
6661
1976
3085
6638
3975
7146
3905
6206
160
1118
3041
3180
735
5724
2770
1581
818
6152
4916
3225
2026
3832
1265
1895
3144
1222
4446
2568
5547
1624
700
49
4676
3141
562
5685
6592
1640
1323
6985
476
3204
1217
3664
4096
5123
6465
5971
2573
5051
4010
6151
7039
3935
1483
3916
4884
1986
3637
840
538
1871
499
4627
5803
2535
1524
1192
1906
4899
5652
6887
1676
523
7178
5267
3298
5419
7171
1861
1381
2495
1136
5157
110
101
5103
287
5545
3070
4343
4473
4197
3502
210
6147
2406
3565
4910
3308
5871
5110
6673
4898
379
5944
1105
7346
3071
3804
4424
7219
656
1078
3229
3692
1926
2688
787
2707
458
598
6710
4138
1321
6192
3514
5630
4901
2886
6615
6535
2122
6756
5500
6585
6686
4754
5560
4334
912
6804
3683
5098
927
278
1256
4736
5082
2680
4927
6665
5266
5336
139
6200
2078
603
1552
4880
454
3881
1598
3846
7289
5892
985
3500
3844
4084
5239
846
4168
1559
1159
1798
5251
5543
5908
384
5372
70
2948
7198
3898
1272
4340
363
2744
6605
6108
2240
3205
3247
2907
7191
2138
6890
3784
5501
2682
3392
823
6306
1877
1205
5324
6277
3620
444
2760
3884
3805
5953
6596
2105
951
542
4016
3977
394
3644
3435
4202
4949
900
1414
5111
3962
3695
7274
1946
6455
7439
4210
3055
1670
3599
5148
106
3335
5815
7367
4619
3508
2512
5939
7034
3424
2778
1950
7352
5994
777
1839
6643
6283
4469
3929
2879
1444
1876
4429
88
6634
3344
3355
5392
4193
474
3826
1484
3295
6897
1604
6449
4809
2104
7253
6081
1056
3607
858
4237
5041
2498
2935
6645
3859
2902
38
2537
1453
2288
5461
6762
6
2646
2324
6712
6581
666
3128
5691
239
4066
5494
7018
864
3484
2178
4013
1162
4622
330
631
2285
2204
6030
35
3255
3328
5831
3094
4800
1980
7087
5259
5858
1383
3455
2183
690
1844
1904
5447
5536
2844
1558
3523
50
5580
4929
2619
1940
2892
3865
3921
4053
1726
3721
4657
3313
6589
6758
7122
6481
6009
4347
6250
2159
6209
3633
4604
6972
4209
5357
5402
5968
2741
7433
4509
5656
7204
7230
2531
6434
7143
5351
5292
4064
1801
616
5143
426
4889
6140
6317
3319
2368
6620
6034
5085
1151
5311
6461
162
4371
6988
591
1286
2407
660
1750
2402
3752
4504
1141
3422
1923
3005
639
6359
3033
3706
221
3198
1046
2893
1863
577
4341
1498
3109
4205
3266
170
1433
2551
5980
4779
354
6576
39
5675
4075
149
5328
5725
6851
69
2692
5862
6954
2169
3311
3123
2007
5198
7426
5893
2693
4011
5514
5954
157
3592
5389
6292
3680
3009
2731
4577
5427
47
2558
7318
6602
6642
1710
901
2957
3177
3472
4575
1165
1939
6047
5747
5702
890
6572
4311
208
4625
6051
2327
2189
6575
5254
5017
2308
2949
5797
4222
1769
1708
1172
5087
2883
1909
4590
3787
3998
5257
2465
6320
373
3874
418
6959
5827
3197
6903
6912
3433
2859
4361
5107
5835
4595
2297
981
3436
5430
2580
4475
566
745
5326
4499
2
7192
6039
6860
655
6431
7323
5755
508
6135
2533
2367
7235
1632
4960
5733
788
3954
3778
6179
642
1016
1931
7110
2620
6197
1492
2911
2168
150
3803
6442
6265
7440
5819
4508
3829
6323
866
1658
3421
6226
4256
7486
3256
2642
3035
1150
6216
4793
1630
2975
6574
48
7370
4105
482
6252
663
5628
4407
7071
7088
5605
1298
4888
3771
4029
4986
7386
1319
4808
980
6543
7148
4832
3307
813
5680
5069
488
830
7354
4093
4612
2108
3728
5275
6058
7022
2623
6680
5012
4275
6588
4250
2227
5073
1970
3429
7217
5859
4976
1652
2833
5188
3240
3381
5773
5156
2796
2316
1245
5662
2513
5943
1627
1648
6067
5062
6471
960
5534
2818
1730
6178
4813
3275
6367
2380
3277
7460
3838
6981
2027
5457
6841
3559
107
3827
5649
1810
7117
3138
408
5826
5142
1495
6004
6690
6531
994
4463
6976
6410
3699
3038
5506
7298
5634
2724
3547
4400
2091
3909
3518
5394
7360
1026
934
647
1315
1881
6964
5187
2473
1974
5460
3913
6150
1494
3375
6003
1897
5264
1505
5581
1562
1365
6527
3617
6177
1892
3200
1049
2538
8
5521
713
1932
3515
1160
6106
3703
1695
2602
1685
3663
2109
3501
3415
1100
5718
7322
1227
6377
179
5907
6466
6580
4369
7160
5059
2188
2071
7480
904
6722
2484
4357
3740
4975
1729
1733
6961
184
3490
7262
3972
4660
2256
7098
4693
1788
5338
2518
3651
2496
6407
3482
5490
7075
2653
6045
1110
6562
3736
2734
5804
2915
6356
6129
2171
3739
3941
4727
3587
6006
2221
2574
703
5769
4505
1995
6134
6958
2441
5682
2802
3534
845
2180
1311
5413
2298
3717
3843
750
4460
4380
1738
5717
4724
2054
5475
4763
3730
6411
6800
893
4900
320
1468
2494
3893
1780
4111
831
2856
5092
3799
7425
999
7000
3329
7337
6536
1737
1582
1175
4712
6986
1922
5865
6877
6726
5822
241
3852
3957
3263
599
978
6194
6751
5208
4610
526
4389
2837
6300
574
6941
7157
5174
2185
1545
4106
1064
4758
1620
2309
6625
6137
1169
571
1261
601
2087
6166
4020
6052
5661
6312
1471
2217
6940
475
2181
3841
3660
4596
3924
2231
299
7158
7421
3403
2493
4117
2524
7296
172
1273
3662
7369
5895
3398
2070
5421
1393
732
7258
3264
3823
1702
4285
3622
1348
60
4702
5751
2278
937
5998
3719
5937
1762
3441
5065
3346
709
6835
1401
5562
4802
1438
3836
5627
1297
6909
4942
2476
2420
6254
7364
3879
5934
5864
2929
7299
4980
7311
4653
6709
3780
2527
2019
6427
546
2321
850
2270
6884
3244
4883
158
2991
4323
5665
3553
4830
1423
4787
7407
6769
464
3802
558
4448
1512
3304
1578
5913
2158
4265
2933
3956
1539
4817
3257
3226
6336
2444
7324
5876
3223
5744
669
5350
7233
6095
4409
5614
1202
6069
5109
3963
7170
2383
5277
1417
7155
502
6929
3462
4426
3539
6534
1860
6236
4887
3951
2629
2823
2995
5096
6767
4968
4368
2579
3512
4667
6114
3159
7336
6451
2214
6699
6578
2160
5669
6822
1943
2517
3390
6861
6714
1949
5
6644
1412
1854
851
531
1122
2445
6066
6895
2846
4520
7004
1223
5200
317
1761
6606
6082
5608
4871
7173
4856
91
1541
1376
3222
1858
2191
4586
2466
1218
4130
731
5045
3756
5269
1594
5158
4395
2924
1010
7147
2651
3480
4316
1944
7445
6982
6693
1411
792
1590
1458
1615
2945
3379
2311
5516
5659
7040
917
3955
1313
4109
7310
4790
2076
1589
1467
1579
2403
2704
1522
2987
2030
68
5821
6609
3659
6061
1700
1243
7221
6737
6324
4537
3623
5538
5431
2233
2032
5671
848
769
5820
480
3173
4487
5935
6016
3593
1363
1965
6303
2773
4114
2275
1098
2961
2571
3176
2228
6629
6583
343
3030
625
2103
6001
4556
3358
4628
2357
4133
6894
2023
2487
7303
2786
1907
2940
4938
6432
2572
2345
1639
4164
7166
1938
5450
4140
2559
1643
2480
3320
5068
6376
5655
970
4670
7216
6803
4137
4650
1074
1012
1173
4128
87
3187
6778
7287
3806
2939
5770
2462
1586
5343
2708
5792
6817
1570
519
1301
1885
3745
7042
753
6579
6480
6902
4950
5670
1263
7263
4557
3613
7092
5973
3982
2131
255
5760
3146
5196
4089
7396
5180
5993
6333
3997
3677
6855
4095
2598
3015
2312
956
4439
5745
82
3496
1990
1207
6558
5083
1867
5946
2578
2043
522
6168
3359
2681
2111
5039
3294
1952
3652
6946
6038
6386
2082
7416
6401
4962
513
4733
2150
3609
4762
4022
4721
1369
7266
3065
7472
881
2849
2832
5586
5787
1071
4415
3056
450
875
2072
1215
1777
96
6278
4631
2788
5896
4943
56
7328
1948
5398
2895
1971
6939
2590
6882
765
1190
4517
6776
4662
3345
3743
340
4863
6593
4870
556
7154
3148
1711
5284
4173
5808
1198
485
2139
2941
4855
4579
6624
6084
3404
6529
4411
3550
2793
415
5488
1831
1942
6852
2223
862
2913
2146
4755
5386
860
266
6420
1818
3600
771
478
5979
37
4890
5613
1387
3020
7106
6911
1478
2884
3023
3341
6121
3476
5956
1584
4781
5832
2679
3485
4045
7086
1703
2959
751
3585
634
7355
1642
6415
3506
3760
6915
1479
4626
3481
5234
3520
1445
4605
2582
2550
6126
6711
5554
6089
2399
132
5300
3488
504
227
6463
2454
2467
6723
2628
6898
5401
2010
3643
4542
5786
516
4805
2958
1181
3493
3907
3767
6945
4720
6083
5317
2092
4966
2614
2718
5906
557
180
3034
4643
3716
3511
592
3757
307
2279
3451
5151
3632
5318
528
4624
7482
2052
5885
1587
6256
5130
733
2058
6389
6995
2211
7237
421
465
6502
452
1720
1021
524
4543
1310
2151
3729
763
392
5058
6331
1749
5738
1728
1403
6525
1531
6230
5762
4486
6422
5795
790
4683
1705
3022
1794
5166
6189
1816
200
5730
6928
5355
2265
2781
1848
909
826
4163
451
1409
4999
4220
6249
503
6246
7393
2001
5856
3498
2148
1068
6510
369
5548
4416
578
4570
5304
1678
2426
4270
895
1336
7467
1753
4208
315
710
6969
3215
1322
5474
1282
7451
4310
2834
4182
5694
5753
2998
2677
3571
3050
2290
871
6739
2556
1766
953
6820
3725
5286
918
5759
4926
6975
1664
6829
3394
1102
153
6729
3969
2322
4964
2709
1289
964
2545
4661
6007
5974
2206
6539
6611
6868
2661
916
5451
2992
7056
1258
6914
1434
4730
6344
6538
7301
5426
2235
5597
4459
430
4569
3961
2063
6546
7089
3232
6716
5855
3210
4903
834
648
6091
10
5212
3271
314
2956
5146
4797
3412
4039
2971
5567
2094
5888
7394
3466
1017
1618
4675
5441
2372
7246
5818
1819
6110
5380
2508
3459
6013
7251
7404
6257
5168
3317
7244
7132
6926
5316
5577
2455
5578
6623
6468
6622
865
5007
4241
429
5639
7224
4043
6225
2274
2280
7097
3669
5541
4086
6869
3236
7348
5341
7275
6396
5455
1983
2838
1220
2540
1018
5734
1987
3133
4018
3061
2983
4282
7483
812
3724
1945
6025
543
1580
75
1364
5873
5505
2721
5327
1735
4054
1285
7156
2310
3251
4374
6813
1601
1866
5139
4454
441
5612
4526
628
7
1340
4012
4811
2643
1308
4445
739
809
3297
4174
1435
2074
785
4134
6464
4551
837
5222
3985
5999
892
1712
3276
390
2831
7302
3855
2014
2388
2569
3949
4348
1832
6508
6384
403
2257
7195
15
3097
3446
3748
6282
4319
3340
169
3242
873
3282
1655
3532
1366
2018
1937
2459
683
1778
6308
1504
6777
7096
7103
3452
4332
3970
7281
996
1736
4654
4470
329
5322
5539
7120
1537
2099
6238
2453
3521
3983
6698
5307
1934
7479
447
4503
1903
1701
4879
3658
3952
832
4578
4838
5014
6144
7314
4478
6037
4403
636
1132
5707
7463
5042
2212
2503
3574
319
4698
5493
4864
6397
971
3272
2967
6146
5339
2192
1686
5731
6700
3876
2863
2342
5022
2423
3635
6973
4206
5169
3948
238
770
4249
5667
2746
6366
7255
1830
907
5750
5144
2277
6771
2570
3218
2340
3562
5966
5637
4857
632
4859
1371
3253
4501
7037
6128
1862
5485
1879
4522
5486
1034
3145
1770
4987
6017
3738
682
2800
1248
5076
6498
5199
4506
2106
3733
2216
5713
7226
4801
1386
6734
2317
5010
7485
2716
3965
4783
7214
1135
331
1834
2695
1913
2672
6111
6002
5544
5055
6524
3326
6630
4165
2059
4644
5574
5720
4034
3978
6115
7020
4739
6557
3032
2861
670
4413
2691
7177
142
3454
3068
2690
2149
4907
1954
4568
6116
2555
2543
129
3166
4412
1529
737
5867
4895
2416
1083
2339
3872
1968
2486
7350
7115
7443
1196
6744
2675
3475
4983
4957
701
1156
4718
6548
7101
6329
5023
6299
4527
7060
2737
5482
1167
5524
5231
5510
4645
7140
5346
7448
131
4277
4243
856
6208
899
5032
5887
1789
7242
4753
104
6507
2703
202
4235
3686
1872
3810
3026
1508
3334
547
1981
6766
2529
7240
3385
1959
2757
4080
4317
3473
3967
943
44
3751
3612
2405
7232
535
1929
3896
4701
428
1052
1846
2364
3269
2040
2906
517
2502
5959
2705
958
2701
5989
29
2365
5674
2811
457
6733
5029
5207
6681
811
1755
7300
1925
5115
3027
2659
1090
2576
4961
6176
2237
3067
6148
3456
1429
271
6439
6627
5723
4141
4230
1103
3286
1741
4766
6814
2667
3192
4810
1509
6896
3602
393
759
2326
6117
1009
2779
4836
6028
1295
5265
7341
5081
1142
4867
6310
3711
1137
2375
5552
4440
5390
5434
630
4110
7049
3710
2404
7402
2096
7225
1278
5371
4564
5903
6900
3604
4125
2609
372
3073
6968
5774
5052
5422
1902
2616
842
3906
2814
3915
6997
1989
1916
5104
6703
352
5587
5154
3687
2900
2501
5705
424
144
5936
2648
1644
113
6694
1437
283
4002
629
3700
244
817
31
453
1394
6482
7383
218
7180
6342
6853
3278
4574
1796
3697
5468
1028
459
4939
2650
3171
2115
5120
6309
5995
4245
5809
1840
6076
4922
2633
6373
7073
1019
7093
3203
5790
3281
3418
6232
2566
4081
4689
4682
5982
6514
3448
4248
2250
7423
395
3551
814
1360
1138
2921
4592
1999
4028
1725
376
4982
4791
1075
5576
6074
6854
968
2593
6719
7267
1391
3477
1651
5258
4021
378
6395
4159
6874
5619
2343
3759
3391
4990
1477
2767
4104
261
2098
7218
2868
3557
279
5170
6550
5828
4294
4119
137
6948
1898
2190
719
5520
3342
7282
3690
2112
6983
2020
146
7273
3377
3776
6930
3230
1425
5557
1568
5991
6594
587
4955
5609
67
6181
135
4839
7161
3883
6080
6288
4822
6917
3270
5211
2560
5376
5992
4464
325
3991
404
7094
2534
4567
5281
1571
1890
6325
6671
908
2922
2172
1338
5997
7135
12
6754
5228
511
1388
189
4336
7108
662
4820
4180
7469
5282
2037
7317
4099
4732
4356
2332
1783
2828
5690
3268
5843
1473
4239
7181
638
7182
6339
6378
3974
2208
77
4815
3882
1928
6360
5765
573
3544
2045
175
1127
7011
1792
2763
1532
3936
5599
4623
196
2015
2029
6314
4972
4775
2378
3731
654
2511
7066
1963
3406
2448
5019
4973
3575
2542
1439
4686
2041
5663
3367
6787
2553
7118
3737
1600
5743
6142
4434
5119
4734
4778
7286
627
3763
3576
6042
3746
13
6905
6164
6217
7076
6295
1036
416
2657
2654
749
4958
6419
3849
2154
3124
6682
6522
3870
6545
7420
5094
3812
6193
1538
931
1219
6676
5218
2121
1415
576
1427
7080
4144
3693
6980
483
7027
3917
2474
7152
5410
203
6559
4169
7164
3106
1255
1057
3666
5408
4190
7387
6258
235
4326
6460
4015
3712
4979
2836
1689
2928
7026
2851
3219
4601
2904
5972
5313
4803
2819
5018
338
1266
6783
3904
2668
5347
3597
5285
7054
3548
967
3655
1055
5872
4860
5647
2862
6387
6603
5869
4480
4496
2120
7431
4892
6695
5984
5159
6412
4886
5976
155
442
5449
659
4062
1572
6096
3208
292
1551
2973
1657
4428
688
4659
2916
5964
6889
1998
6348
3300
637
922
304
6916
570
1117
874
4312
5754
973
4816
5230
5340
3747
495
3322
5924
4358
6842
5446
498
6365
1718
2338
5364
5381
6165
7373
5863
6437
4048
6473
2201
154
6675
4320
5962
1144
6380
4767
1011
6149
2086
2085
4253
5373
84
1748
4756
775
2300
5633
1899
5409
6103
386
1418
7043
545
2853
2017
7085
938
2627
2253
6024
679
6679
2386
2952
1370
2428
7458
4635
273
301
5686
3096
6500
4680
6338
2095
2272
6931
7450
2694
5878
1533
4017
2729
259
6284
3083
2370
6145
5242
1314
5695
7326
5568
5066
6326
1112
2925
3522
6656
2647
1347
5383
4524
3851
5721
6435
4477
4279
2234
652
6163
2942
42
7285
1356
3986
5003
2923
7329
1089
4528
5729
4971
1919
804
385
3103
7129
2684
1698
1921
467
7265
3332
7459
6346
1029
5167
584
3018
2210
2179
1158
5549
2909
6746
1307
4531
2714
147
5529
1037
6755
3092
6922
6834
420
3351
2478
6515
4363
5919
3564
1500
6677
6244
1751
4307
1271
5077
55
5181
1023
5542
4912
6825
4393
902
6672
4963
5519
6112
4862
894
7070
6204
5503
843
5273
4378
3577
697
5601
608
4267
7051
3595
2306
6963
3284
3741
1779
2320
3857
2016
5491
5588
6488
3378
5444
7379
3040
3325
6635
1917
1826
4725
2755
4641
1781
941
4065
2236
1882
5356
3781
1194
5566
2520
3665
2038
54
7428
4457
6491
3419
4042
4933
5464
5796
5591
2119
4918
4384
2424
5091
5388
6797
955
3646
3922
3052
6918
3785
5141
5016
3120
2353
4738
6311
5133
3115
6379
3964
3260
4007
4868
4865
689
3126
5739
232
7009
935
5701
2554
6837
5305
5319
4924
191
1237
1485
2249
4156
1097
6692
6541
2449
1823
649
4560
4633
3368
6227
3822
5517
6476
2803
5673
2247
6774
532
5432
2739
2051
3817
5425
5134
3626
2475
4768
2979
2456
4232
490
2197
4735
3389
2637
3137
2313
4941
2930
4135
1204
3150
6259
4425
5909
1489
5348
3698
1918
2128
1671
3312
2750
5232
5478
5072
2640
6185
942
4302
230
5403
3895
2381
2901
6616
5420
6991
5224
6170
355
6607
3432
2133
7099
990
1355
1454
7340
2355
4183
2369
3768
5736
89
5949
6271
1754
4512
1139
1024
3447
5406
5779
600
5615
4485
3537
5037
870
6399
6772
5866
6446
5625
3175
5178
6409
2261
2226
193
3971
3258
4335
2937
5249
3628
7484
4559
1448
5502
3147
2413
536
774
2526
1905
4750
6402
4608
3449
3933
3039
3788
7256
3875
708
4665
6172
3374
6234
7476
6201
3939
4192
6421
5268
6169
1229
2005
5781
4353
3830
1067
417
723
1335
4785
2510
324
268
1060
7319
6358
3105
5352
1416
6220
5689
5213
2463
4191
7432
2914
6651
3519
3742
512
5191
5147
3596
4621
1463
6286
5530
2268
5585
5489
6570
2747
748
5344
7349
1727
1979
6696
5291
20
5525
2809
6880
6886
3782
2722
7050
2848
2830
6298
7028
4490
7478
3457
3871
265
4780
1114
1837
159
4874
2187
1239
2390
97
6094
3160
216
1679
2740
2469
3513
4408
36
2981
7213
651
5793
2871
327
3494
2432
3234
6763
6598
4083
1015
621
3086
6654
1216
4826
4367
2842
2857
4580
3350
2325
7279
5767
3910
2433
5452
5927
4396
3330
1379
4115
2177
1087
3088
3044
3868
7163
3134
2451
1717
7278
3155
5308
879
163
4893
6587
1470
166
3217
2600
4031
2700
2870
7455
51
6381
4534
1661
6521
7412
614
4414
1251
2176
791
3691
6085
353
4663
5890
4331
3630
2683
7358
2769
4711
4352
518
5642
6072
7005
207
1032
3509
1719
4290
4199
4019
6302
3408
7294
6904
6799
6120
1225
868
5480
789
4184
4707
6219
6297
2743
83
5861
4359
4742
1650
6444
1249
5920
863
2143
2710
4655
995
5533
3966
1312
361
1031
2866
347
974
6768
829
2497
6996
2022
872
3157
6307
6174
3254
93
356
4563
4998
5712
6368
1007
5579
5904
1900
6885
2725
617
3567
3934
5064
5926
1267
293
3227
704
151
6187
6452
5362
5247
5126
4149
2926
933
5278
2671
3800
2447
3084
5631
992
64
2124
5466
6846
1349
7332
3387
618
2174
3744
185
6503
2546
1400
479
5163
5704
5610
6881
6131
3598
5941
1782
6062
3420
6614
7457
5047
6494
7223
7471
3764
1000
5947
1129
3017
3573
86
6516
4536
741
5331
7400
199
3864
63
7291
4047
5925
572
316
3526
2483
1507
4549
5325
1527
878
4142
2193
6632
6021
174
5528
1264
1567
6639
1152
501
7261
4696
5315
2081
667
4467
6335
2116
6456
5877
4269
1561
6141
6934
4552
5314
4743
6469
1252
7277
5775
4835
5606
4554
7385
2516
989
3072
6971
4228
3280
3979
2841
2806
187
5838
5563
6666
4673
233
46
6198
3981
752
1134
6770
3362
3732
686
4807
2764
861
1474
575
4451
5550
4129
3552
6224
5824
515
4251
3908
7207
3127
6293
5848
6828
6921
6447
80
2588
1596
2443
5240
1767
5802
2563
6604
2136
1048
5945
220
194
4345
1361
7134
5046
2865
377
7359
52
7401
5074
6153
5487
2000
3151
2583
7330
1799
4945
4427
6553
2276
3649
1488
5079
1246
4639
3891
7424
6020
5558
3098
4532
152
7271
6831
2662
4145
5020
6417
965
375
2944
564
5415
3076
1953
3546
7109
1623
5678
4588
3029
3584
3354
422
4167
6205
3894
4985
1316
3194
6906
661
2182
5395
4213
5293
855
4152
1912
4806
3928
1296
4216
6183
6467
5203
5849
3818
6175
2966
677
6717
1372
3555
5469
6533
4710
4268
624
3946
810
4861
1514
5121
7006
3310
3089
5611
6511
30
7036
6054
877
2409
1516
1597
2242
2460
494
4602
6304
6433
484
5700
4035
3887
4132
5370
6796
6920
3618
6125
1575
6363
4744
611
388
3327
2532
4351
5366
2446
3338
1936
2144
3181
1065
4281
1985
1526
4051
5044
3601
1969
6569
5531
1933
3992
1234
1993
3491
2304
1362
533
3850
4827
6241
3886
2644
7409
4875
4338
3004
1328
6586
1915
2528
4760
4854
2429
534
4037
397
6640
3479
1811
4759
5140
4271
581
6011
6519
4044
5650
6784
776
3531
5279
4296
6075
880
1951
1259
824
4894
7442
896
1342
5573
5933
6556
3156
78
6554
1967
2050
6761
4726
1318
552
1115
2742
5405
7038
6667
6393
3460
622
6281
1177
1603
6031
6040
3837
727
6343
7269
3566
595
987
1804
1806
5127
5772
5660
5280
1133
2858
4555
2875
2382
1577
6678
4346
3057
4788
5825
1039
4046
6621
3932
4308
4139
5556
5693
4993
2964
2780
2880
6155
807
7374
6601
7405
2377
1317
4829
4238
2047
1426
2801
272
1380
633
43
1382
3769
2395
1815
5834
783
1208
1550
6832
6119
455
5684
405
1734
3315
7283
1176
5476
65
7342
3779
4303
5732
1345
1123
4453
2230
5932
3709
4226
7035
7048
439
2137
4530
3021
4697
1206
407
1760
387
4970
3684
445
3672
1684
4716
2232
1576
7149
4921
34
959
1359
3357
2785
1005
3129
6720
362
6792
1373
2065
2452
1294
339
2872
910
7175
6857
425
6404
3248
2410
4375
3428
6567
1121
1447
7462
1747
6195
6741
4077
5235
2033
1853
3265
4919
5901
4719
2641
2790
5785
4656
4668
1283
3616
3689
3464
1146
7174
4388
3008
4500
5598
2126
6322
1120
6186
5891
3925
7197
1180
3245
4581
2198
6670
2530
6109
561
345
5889
6989
6162
2417
1013
2589
2356
2243
3773
7003
3442
4032
5368
359
5921
2418
3458
1185
1723
3440
1436
6790
3950
4984
6942
6801
6721
5886
3235
4546
3042
7104
4896
3561
