5527
793
3681
7222
948
4060
2329
5337
6653
5931
7391
5778
6222
3186
1793
4108
4435
1625
6068
3735
3117
1667
1838
7032
6048
5498
1555
2864
4418
3380
716
1704
5811
5201
4328
3445
3987
6750
7444
391
6459
1099
3831
4518
1880
7105
3856
4878
3349
5173
4306
1619
2887
427
140
6483
1111
413
1785
3524
1230
3183
4436
6408
6756
3123
253
7289
2843
5893
149
4858
660
1926
5031
6702
2204
5311
1056
6673
1594
2312
6254
5943
4962
6004
1207
2087
850
1512
848
6324
4832
1010
6442
2256
2168
449
3787
4400
4165
183
3218
5786
7086
6926
4045
4547
5286
1584
6007
5144
3023
6882
770
1285
315
7097
1132
319
3971
2757
4080
3026
6170
54
7387
3555
4352
4152
5774
7181
3387
3473
3875
3227
2177
2249
4017
2119
3357
362
4453
2232
405
7374
4346
1380
1915
4296
3618
7197
3837
1603
987
4530
34
2532
6404
3479
6143
5070
4212
3897
5553
6330
6591
111
1022
3131
401
5097
3563
2173
2393
1070
3619
7290
322
1038
6967
7464
6738
2903
5602
5128
7015
4221
4449
1757
798
5349
6863
3989
4491
1377
2754
6827
7320
1617
1171
5233
1660
3755
2605
1451
4322
5620
1847
2011
7046
6130
7333
6370
6182
3049
5260
4935
7079
5093
885
2140
772
722
3990
5742
5129
869
1367
7295
4997
2286
2341
370
4195
541
6291
6294
4471
1706
2664
693
5716
7194
2594
16
6910
3796
2881
3674
3784
1904
6147
1801
4604
4899
5501
5691
2573
5803
3935
4504
2879
2537
786
4178
5971
4657
379
3295
3116
6317
7399
69
2213
5011
2034
5582
3426
476
1897
7258
2019
2484
6583
2441
5670
3403
1643
7117
1227
6058
7088
1907
546
1492
3651
3472
4721
5039
4887
642
475
6726
3529
750
2911
7369
5059
6471
3729
2679
7037
2590
5380
6128
200
4579
2139
1903
3506
2503
6510
3481
4332
2800
5166
7355
6422
7132
4859
1818
5398
2971
1879
4206
6002
209
5753
3276
4820
1953
3106
5487
3812
7273
4807
7267
989
547
199
4496
2921
2534
2208
1137
1024
5018
6286
4532
6271
1416
2247
5557
2511
6142
36
3849
4345
6232
3129
3440
6792
2968
3566
3932
5886
6162
4132
533
6040
2742
3992
5299
4581
1760
6125
2785
1447
7283
4829
2047
1176
4032
959
6670
880
1206
136
3008
4495
3047
4737
760
1776
5040
3560
4995
3900
6332
2328
7398
1665
190
1109
2267
3395
3572
3122
2649
4479
4844
3444
1042
6549
6101
6600
2984
6453
2134
188
3867
4573
3468
1612
5225
7325
2199
7292
5309
1878
2114
7422
6497
3540
4003
40
6809
1955
4789
4116
3132
5940
2873
2222
5564
7475
681
1602
5923
4977
33
3877
5050
3118
4050
2129
7228
73
1168
6937
1389
768
3463
3046
1621
2713
510
4349
3010
236
2166
5515
5374
744
3261
6617
2464
3002
3489
888
4126
2209
6416
3471
3673
4618
1820
3142
4447
6628
6998
7361
7183
3510
6340
738
5206
4176
4646
7260
4934
4774
237
2488
761
1006
2733
6445
5714
4236
5036
6043
915
5113
5436
5445
4708
7201
1920
836
4355
966
6044
4033
1656
4582
5442
7100
7196
597
4842
6780
2756
2013
4272
3231
4455
4421
5125
4965
7029
1358
5397
5227
664
3636
3450
2506
3323
2954
1491
2376
109
4181
5194
887
3980
1714
2738
1519
242
1324
2387
1069
2064
1548
4731
5197
3167
7209
6657
6296
332
2607
4476
5703
4177
7437
4227
3497
4617
105
3528
6873
6274
4072
6849
4122
7062
2384
1554
4373
5771
2412
1637
5009
1996
2224
563
4278
1595
3393
2438
2536
1699
6064
2950
5071
1851
641
3001
3594
5868
2896
1331
4794
1043
1124
1455
5840
274
736
7065
1829
3195
1293
805
7081
2597
2630
2509
3705
4594
3172
4172
7392
816
6351
5688
1153
3062
4283
3309
4466
3504
5027
2947
3774
3811
5621
6811
5145
1027
1842
4599
2860
4420
1722
3465
3100
6802
6207
5294
635
2421
658
5205
2624
6090
4769
1344
5221
6660
438
2565
5535
4120
5654
1131
6191
4113
5354
3469
5546
3246
6999
4677
295
2229
4658
3862
5618
928
3360
924
2436
6425
6301
6210
1805
6745
1410
6010
383
5616
2867
492
371
6568
1606
6970
2079
4377
5459
695
3648
3291
5626
3211
1564
6707
3289
4405
6845
4493
7150
5453
1864
5916
4069
6506
1431
4024
3994
7353
5186
756
7449
671
3783
4695
2855
3960
406
4713
2218
3064
4385
6504
7430
606
2500
4914
5629
7366
4481
7229
2820
2969
6701
6867
6974
3108
2805
2943
5118
7418
1756
217
3063
1163
3668
5243
168
5209
6124
605
1157
5283
4866
2768
4492
2936
4276
6879
6457
1680
2215
1250
4094
6228
4913
6470
5437
41
3942
4233
2125
6188
7456
2632
5272
3474
4952
5332
5842
4078
6029
419
4996
1843
7307
1849
650
5253
5589
71
6138
5575
5183
3793
6990
1490
5456
6315
7111
3383
1668
5748
398
4748
6850
6823
1209
4398
4383
4214
7041
2874
1654
4553
2804
2548
1687
3353
178
2195
4747
1066
148
2960
3
4085
1608
6641
4828
6026
5462
2401
7127
6362
6824
7465
5038
7186
1975
3516
5683
4671
434
4040
5359
5223
6706
705
58
3639
3625
3621
6871
76
2359
5857
4372
6743
6782
4254
676
3828
130
2284
3590
1852
5334
4812
1062
6565
6239
3170
1721
5152
4538
14
1503
580
640
3343
4717
4684
2567
2334
2248
5289
2499
1405
853
4691
300
797
1956
5028
1605
6949
551
1449
5975
1088
5607
1641
7124
717
1292
269
4722
4616
374
195
5948
3627
1303
4087
3461
3024
4292
969
3402
5424
436
1472
2056
2931
3303
496
252
4175
3007
6349
2255
7067
2504
3984
1260
3238
17
360
2067
1924
5101
4315
7064
7019
7466
3926
3688
4498
1497
521
6818
267
1277
3259
5195
6582
213
780
7033
3274
6093
6573
841
821
4937
4688
3914
432
5303
6833
1638
1226
1653
2293
1480
6564
5217
6891
5164
2057
3556
3140
2794
4330
673
2696
3037
954
7270
6938
1072
6354
1004
3996
350
5276
2807
3082
4291
5495
1466
7345
1901
6014
5241
5428
5378
0
5666
3361
1669
4284
206
6060
2994
4382
773
1930
764
5361
3545
1893
1964
6658
1633
7193
2617
7356
5726
7014
262
1148
2905
5135
5470
525
3045
3099
2336
5900
2025
7030
7417
5114
6872
2993
5005
1855
366
2561
1054
7025
1178
3873
4741
2986
2036
1341
4652
6962
1856
1333
7447
4664
2663
1674
4154
1884
7159
2652
1270
1274
4392
6876
3331
309
6436
3299
2882
2292
3363
3423
4456
7254
5060
4098
4598
623
6924
3930
6551
1845
3869
2323
6839
3153
4365
6391
5788
4252
6492
1077
2048
6735
5623
6161
2080
6475
3931
94
1309
5238
5298
5810
6747
5860
3168
3233
847
4157
4166
4186
2771
2012
4834
2021
4956
1850
1961
4561
4244
2167
6798
5175
2419
5080
6532
1320
2161
7481
2622
66
7125
1003
6927
4458
6190
876
2055
3775
3371
6613
4706
4764
4589
5172
5715
2985
1213
4151
4911
3013
1663
644
5910
6584
1276
5454
7021
986
2723
6495
3777
226
4009
1610
1203
1076
282
5399
2004
4185
1681
2066
5483
6865
466
3726
5836
4304
310
2049
285
7151
7184
2852
926
6403
2990
7410
7102
2422
3283
7142
5379
6486
6272
6840
6098
134
7063
3839
1743
497
4468
4593
1332
1183
5274
5676
6663
4614
4669
6107
4225
3201
318
3634
596
25
2266
6838
1530
4123
540
2608
4287
3670
5799
7362
6953
4833
3701
3927
6753
6523
6341
6087
2869
6487
4295
1262
4906
645
112
1978
1082
822
2706
437
3290
3727
1428
4300
6055
4615
1020
3191
2587
32
3976
4406
5512
6263
6812
7231
784
839
620
6279
6659
4881
1908
5086
579
2586
795
3154
4324
6173
7280
186
4992
7017
3189
2798
3364
6528
5053
5492
2894
2955
3554
3902
6357
5511
6443
1106
6649
1573
7179
5537
1450
5590
2635
4786
7434
7012
4070
2762
6247
1247
5823
692
3676
5600
4685
6063
7380
3918
2784
3125
1482
1528
5990
4784
473
3110
6273
1085
6157
4438
6353
1147
5061
1281
6334
6057
7187
81
4740
6807
4231
1047
4299
1002
24
4841
6305
2845
5418
2164
2656
1084
5942
1982
4215
4746
3090
4819
6237
3704
1459
5636
6815
2982
2850
696
4674
5882
5565
2363
3135
4266
6760
3431
852
2289
1353
2726
2626
3196
1707
1511
1244
6211
1591
6352
4472
2330
4067
3296
3911
6688
4488
6836
5000
6158
1772
1962
1874
6385
5263
5244
2604
2835
5153
5532
249
2258
720
4101
3075
1155
7114
3478
349
779
2044
905
3028
2825
4344
1593
5262
3944
1991
2541
5635
3792
4765
802
2314
5099
5414
2097
886
4305
1523
4694
1599
5845
6321
6015
3579
2878
712
4519
4572
4100
123
833
3174
724
3365
3919
7227
389
4257
5812
4967
884
1396
1195
4494
2826
1188
291
5800
2581
1446
3467
6167
2349
6647
7375
4074
6035
3149
1797
972
5484
6136
730
849
4565
1422
6537
256
6994
6041
1390
1833
806
4771
7268
4158
3043
514
5852
3653
6785
7010
7053
2829
6715
6689
1257
2525
5382
5911
231
2132
95
2003
3386
5054
243
1807
4728
5854
2435
5360
3834
1201
2360
5124
2752
4027
4544
3588
906
6888
3568
1547
1732
6595
6361
4681
594
289
3250
6791
4337
6952
3888
1553
6127
6438
3538
6781
1275
5375
5651
3499
6844
1715
4757
1080
3366
4387
1828
7435
5122
1752
5844
3114
5789
794
2751
2434
2918
4620
5396
1887
6203
7339
3809
2673
2153
6816
6199
6705
23
7436
4309
1841
5508
2170
2665
3079
6392
5095
469
1763
6371
5358
6590
2899
5179
1859
2318
1419
1452
2603
2787
4905
4988
4259
5978
3614
2792
4640
245
6687
1911
2135
548
1868
2430
7477
728
4798
5377
3161
4533
5043
2089
2225
3860
1513
3416
2492
5805
3184
5604
2687
2920
7168
4223
5443
796
2457
3107
1696
5593
6280
5830
399
2346
7239
4936
277
5833
7257
7438
2521
2912
321
4940
4090
3761
4541
4723
4194
5967
4059
5912
2639
4497
3889
5648
2351
6099
6561
2564
3414
3178
6154
4432
586
234
6965
7315
3880
2544
6957
1116
7419
7058
6374
6740
5106
4489
2577
5245
5458
2101
5306
2938
5777
3714
2142
6748
997
5248
6810
5776
7415
2361
2748
7107
1008
4036
3324
5902
998
3305
182
2084
5758
2812
3401
1764
4171
5509
3993
1092
173
5149
5930
2491
2908
1827
2917
6100
5463
7031
4443
335
6231
468
4127
4262
2194
5977
4597
920
1475
257
4088
5002
4417
6184
2301
665
2333
3723
5471
4649
6196
4853
555
2482
3239
4354
7378
3188
2273
3657
1724
3179
4442
7131
883
6213
3525
2636
7334
565
3101
4483
124
3682
1407
1268
3853
2910
1306
351
5664
1629
4846
3549
4609
2927
7059
520
462
3407
4004
342
2919
1357
2397
6932
5088
1073
313
3605
1443
312
1093
2686
7388
2953
6618
2156
3581
3012
1585
3252
2068
2471
119
889
939
1186
3631
1200
3221
6328
1800
2219
443
6662
5365
6821
3629
1977
1891
2262
2606
815
6775
2083
6764
766
7023
1994
3164
675
1374
721
6266
6727
7090
5216
276
2678
5256
2415
5526
5089
897
4583
4821
4218
923
758
4795
6023
5523
7068
2711
3112
4452
1143
944
936
4637
4994
4946
6364
6390
177
4444
7368
4848
3589
487
3715
6978
1565
5784
1535
6073
3091
4381
2962
5722
414
2795
4709
225
3845
6012
2596
6943
6923
6053
3814
2348
711
2118
838
3011
3000
4240
5850
5853
3861
3863
746
3842
381
4390
6669
5204
6501
4954
4974
3507
120
365
1635
308
6788
3530
509
5996
250
1179
1368
6566
125
7061
2075
5741
5013
1592
4869
891
6563
4852
2758
3624
2562
7245
6913
4566
3892
7136
7376
2674
800
4211
707
2575
6290
5740
2450
5033
3815
1193
3820
1825
2157
6936
6870
4773
2547
657
471
1191
678
463
5438
5950
2745
2394
6056
4273
569
481
74
4008
754
3899
284
7284
85
4591
3025
440
6908
2658
6878
2241
6668
3102
7454
3833
1910
3336
2031
7411
4339
1107
5479
6955
4394
6275
2062
7128
433
619
4370
6608
143
4474
4026
2996
5034
2374
5894
6327
1501
4041
4772
3228
1622
3813
4704
1814
5353
2719
3111
3995
1081
820
6180
1269
1456
1557
4288
4904
674
3543
6947
3542
3654
5952
2876
1406
263
1997
1873
281
3642
4672
6637
6552
7309
702
6847
4782
6086
6079
4076
1628
2689
4611
7001
6956
489
3505
4327
4391
5116
7344
7243
5407
98
6221
3306
411
254
1865
3615
5220
1395
6337
3848
7441
3885
59
4260
7259
857
7137
1398
1809
5640
3078
3399
3758
7321
7377
4585
7331
7272
7453
1346
2472
991
3162
2008
5155
1486
1616
6691
1351
529
3206
2514
5653
4433
3273
4063
7083
553
3427
6560
2766
4068
5296
357
4931
3470
2077
1935
5735
1677
2660
7167
2988
311
5874
3503
3425
4162
859
1465
7052
2186
2263
984
5555
164
3999
1212
5440
3901
7473
1542
165
527
5728
2202
4947
1061
5737
4431
5295
2821
6369
1692
348
1326
5102
585
1030
3212
456
3241
4584
2385
6474
5719
6159
3214
609
4092
2260
7002
3580
2615
4360
214
3003
5329
5297
7199
4562
6858
4545
5429
1499
7144
3570
7072
646
3113
2791
4170
6499
505
5814
2584
3369
5246
1803
2295
882
5108
99
2599
7200
5899
1325
3825
303
6779
3641
4161
2890
5951
5929
6724
3410
2006
3376
3411
4198
7126
1716
1534
1563
3069
1440
2727
5176
2461
5768
7095
3288
5333
2999
1713
4745
3182
6418
3678
4461
5138
1327
6264
2592
5117
5957
4071
4603
3060
1145
1174
3318
4030
4981
6429
5481
5189
6518
5237
3798
1464
7113
5692
1441
5783
2254
6547
982
1518
687
7414
2305
6597
5816
3373
2507
6113
4877
336
539
224
7208
2283
2152
3370
6901
5915
5290
549
6479
3940
1481
6619
4969
344
5958
3249
3718
6509
5807
337
1199
5839
4606
1765
1958
6646
4401
1746
423
583
6899
251
2331
1883
6684
5250
128
825
4539
1305
4507
3054
460
4234
610
6214
9
6826
258
1821
3937
3517
6414
5596
5518
1113
6428
5345
5761
1402
6458
6253
6765
1242
3333
4777
7313
6372
6633
2523
2354
2024
1187
2440
2165
2163
3216
2612
4959
6400
2427
2244
613
3938
4600
1290
7372
1334
2669
2088
3209
4366
3866
3582
1502
1521
7381
1086
7288
6950
2782
4690
3437
1647
5522
3279
409
4770
5384
5137
2822
2442
4814
3347
7215
6794
5595
950
6708
4121
5766
7169
4482
3169
5603
7406
3224
930
5015
1759
988
5699
1096
2618
2974
2888
4143
7306
4729
4318
2666
1817
5981
22
5681
2398
2827
6944
6398
2287
4948
7172
4204
5668
368
7308
4510
1231
691
4153
1543
4525
5202
932
4073
4511
6683
6984
7190
4023
3541
3384
4321
5271
176
1413
1693
2808
3405
118
6674
3878
6102
913
21
3912
506
1476
718
4699
6505
2549
1709
4247
333
6267
5467
685
949
7351
5638
1813
2697
4825
3766
5829
4749
4082
4873
726
7202
6793
6027
222
6019
725
6319
4891
5035
977
4514
6951
3220
5369
5928
4823
4229
2489
5752
4437
2951
5709
1634
270
1408
1802
79
4056
3816
2479
1079
1128
668
4136
898
3382
1330
5320
1812
6132
4847
5433
7130
6270
559
4201
643
590
5335
171
1233
7335
2069
240
4200
161
3397
6484
1869
854
4001
1496
1774
2319
6000
1510
2655
2505
1350
5310
4925
5763
4550
6773
2777
61
5965
2127
247
4850
2090
5561
6987
3301
3495
2485
1224
6571
6728
6088
2107
5063
729
6977
5226
4715
7446
2205
3713
7165
6544
550
1302
2141
5617
4147
5504
412
537
6612
5497
6251
6233
2976
4333
5411
5190
2296
1808
1790
5252
3130
3675
5177
4264
962
7121
4364
288
4025
3163
6394
3920
1771
6843
6262
2220
6540
1442
1125
828
1611
2042
4187
6005
3019
5698
3439
1740
3973
1960
5794
607
2431
3808
1566
3988
2889
1786
4000
6757
5687
6650
1420
5184
1214
6160
2824
6018
2162
4666
2335
4124
2789
5646
1211
7371
6526
201
1588
4876
714
963
212
11
3066
4379
4057
4118
803
1773
7397
7338
2110
6268
672
6218
6866
1795
6070
4441
5078
4055
3923
7347
4058
18
1824
2264
1609
1889
4705
3139
742
5641
5918
181
5193
5749
6795
6577
2271
3903
5404
298
4006
4630
1299
4523
1461
6496
5757
3316
1343
5847
126
5584
2539
7249
6388
1035
382
6240
6156
5658
7123
5624
975
5851
3824
2458
5048
4951
1758
1130
4298
7304
223
5791
5806
7384
4799
1697
781
6933
6448
6077
6022
2585
1001
4258
6097
6424
2776
2344
346
530
3656
2315
3348
57
1287
1506
2715
2028
2997
1063
6413
6513
4404
3302
4944
7276
3707
6105
6212
3486
5884
6462
5412
4
2392
1339
3453
1059
4188
92
4131
680
5846
6008
4513
3696
6289
7077
3158
294
5160
2978
446
4761
6655
2196
5171
6830
7139
4845
2245
6287
6223
4515
5021
3722
4831
6786
5938
6892
6805
248
6732
7162
1095
2839
6848
4150
1791
6133
3795
799
7327
2347
1947
5030
5330
6742
2854
1300
5004
554
4872
2303
3185
5559
1238
4703
747
5024
367
1210
5657
2816
4350
6919
1221
2730
4038
589
3053
358
6242
198
925
2294
4112
7116
3081
2366
2817
1397
1304
4419
5643
4502
141
1731
3483
4484
5057
53
228
4325
264
7452
4796
2670
3558
568
3036
7234
919
604
6104
3058
5229
2238
4837
6992
3287
5583
138
1119
3014
4107
6285
2184
6036
7305
1421
3337
4462
2155
6078
6347
275
4558
3356
5632
5025
4714
3372
5477
1886
7133
6713
4909
7084
5711
1053
5988
7119
116
323
7112
1560
6345
6664
2698
3417
167
979
6276
1540
1775
7069
1140
684
4851
3080
778
762
801
4651
6139
5756
3093
1822
3667
2362
246
2239
1149
4692
3536
7293
5161
983
1154
1626
7248
1973
1894
122
4824
5026
6229
5880
4261
3059
4289
2813
757
4576
2965
1672
6071
2373
5622
5986
2963
914
1284
4679
5312
929
2720
1170
127
2039
306
5472
2100
400
3193
1662
2753
1280
7382
4450
5131
3388
410
6725
7252
2621
7316
2613
2281
2113
3840
7408
2732
5969
117
4882
4629
3661
7343
6907
2175
767
1462
215
3694
694
5764
6960
305
7403
4286
1835
3165
4917
3640
3143
3409
1424
6517
435
5439
957
507
6243
3797
7203
2061
3762
2481
7078
3314
341
6864
6530
5813
3791
7247
7016
867
4091
4928
5513
5473
2352
5301
3074
2207
2093
7057
2477
3016
1385
7047
2282
3835
602
4399
582
7008
6626
1690
3434
108
7013
491
3492
2408
1375
6856
4014
4179
3606
4196
7189
6718
4423
2728
5056
5677
3077
3400
5165
4989
2601
4843
5963
3207
1104
4932
3487
4160
3789
1645
3292
6202
4923
946
6731
6065
653
4647
1279
5001
5423
808
2379
3679
6118
2246
6092
1430
4587
3720
4521
976
1646
1041
4548
3578
3854
6033
6046
1108
544
4242
2468
4535
6512
3821
4516
6215
1739
3801
5801
4061
5572
5970
28
5837
2877
2885
7091
5150
1875
1045
2002
5499
4991
2396
3819
567
4465
2552
715
7468
940
5323
4202
5724
7145
3749
2749
3006
7426
5685
2009
2407
6988
2765
3586
3847
1291
3765
3141
927
3396
1254
3610
3119
777
2251
3968
3794
3772
6032
2736
6478
4678
4529
3255
5514
1444
2847
1871
2693
1896
2078
5644
5288
1404
1986
2178
4397
458
2699
3204
6804
3430
6123
5858
6261
1058
7122
542
593
6245
3523
5706
5968
1683
4005
5342
4209
2358
1166
864
4371
3881
1078
3620
448
1691
6318
1694
472
1744
2183
5897
603
3202
1118
3500
2169
2893
5871
6897
901
1040
2402
523
5075
2977
7206
6620
945
2932
2240
6736
6762
7198
2391
5266
1927
588
3706
6542
3335
3071
3527
1742
7470
1469
827
4540
6423
1581
1877
454
6610
296
5746
3592
5987
5815
1235
3085
4910
1484
6209
2105
19
5817
1151
7211
1105
6972
1745
1676
3844
1636
3826
1552
700
5385
5387
5960
4885
3144
4473
2285
3484
5324
2522
2682
4329
3859
4343
354
4341
2411
2252
2117
4313
5980
2406
5393
3959
1950
2712
5961
3734
5545
7474
330
5447
499
1161
2897
699
6589
6665
5041
133
1906
6638
3750
2692
3644
2707
5881
2625
102
6925
7395
3608
1222
2519
562
5540
6206
631
4469
4263
114
538
2551
4376
6
4237
6049
6576
2130
1914
1256
2498
4634
1941
4779
38
3514
6615
2646
577
3975
4010
3865
1659
4687
1381
2007
5560
6250
3041
2989
818
2512
4052
3508
6248
2935
3680
7390
4916
2898
2844
5908
4347
5954
3319
1558
6643
7171
4949
7219
5098
6430
5782
35
145
6449
1253
6954
3786
2437
5110
1525
2288
947
2948
6200
911
6050
402
6030
4334
2595
3977
5389
1861
5905
3136
39
6661
1798
1574
2741
1895
5357
5652
6520
2717
5328
2531
5182
4205
7191
1014
4301
3266
5551
6862
3237
7318
6454
4429
3104
6152
3311
2515
6985
1483
1101
591
6269
6440
1453
2759
7045
6255
2731
5251
6535
3647
4193
2102
6645
1321
210
2972
431
5006
4217
3198
160
6434
5255
846
4927
5536
598
6759
5841
444
3392
3352
1182
666
1844
7220
6481
3692
5363
3009
1460
1559
4613
7389
3807
88
1876
7143
461
6059
4011
1726
3313
5105
4210
7250
4627
4255
5875
1337
286
157
2907
5192
1870
7312
6461
6642
4075
2200
4619
3752
5123
7044
5259
115
4297
4622
5112
7365
2688
1323
287
3943
6893
4776
5103
3945
5892
7363
735
1433
5143
2324
5571
278
6634
787
3205
1159
4818
2735
4097
1976
384
3087
2046
2840
5100
3422
5417
2104
6710
7176
5084
6441
6585
5879
2495
3285
1050
3262
2138
6490
6382
6555
985
5994
50
380
5336
7024
1192
5085
1414
6316
2368
2645
1217
1613
4898
734
740
7153
6375
4066
4792
4929
1604
5292
7238
139
101
5157
900
3094
6359
4809
4509
3565
1966
4632
4446
4084
1352
5239
4274
290
5236
2957
4978
1631
2610
6455
4754
6472
5049
3128
2568
3599
7074
4571
3005
7241
4636
3298
3308
2778
5461
639
3846
6465
2770
6493
5210
5351
4340
5862
2337
5400
1205
7230
1272
7352
3438
2259
5944
3958
1649
2946
2886
5496
3884
7034
5630
6808
4064
3502
7204
3770
110
4203
3455
3611
6081
5494
2902
297
1524
6151
912
4342
90
858
6875
1141
6581
221
426
1710
3070
1946
6596
3916
5391
743
3355
3953
27
70
4700
7138
394
1614
2783
500
7178
6851
7429
5267
4096
4224
5111
2702
4013
7433
3804
952
1136
4901
1286
2159
7367
5675
3603
5287
6306
835
2557
2400
2970
5419
3695
1162
2299
4638
1972
560
4902
6350
5008
2619
6355
3929
7253
4386
1329
6313
1517
1624
5500
47
477
3921
5082
4577
5402
951
260
1046
3435
4736
3685
106
5367
103
7082
4930
474
844
5214
7185
1399
6235
493
706
4138
1988
3805
3898
2558
2470
3664
1980
6605
6592
7297
1583
3832
4016
626
5831
5898
1354
7141
1839
6034
7346
7236
5067
1457
3293
6171
4908
1383
6283
3633
5672
3109
7018
1164
1384
5427
1923
5392
2980
211
1265
4800
363
3645
4676
5656
7039
26
7087
4053
840
4880
1940
5580
1640
3344
1189
302
7055
2760
2073
3962
2535
1569
5372
170
3683
5198
4293
2774
1091
6758
6602
6292
2035
2676
4889
6979
4648
6636
4197
4314
6890
192
4219
49
1863
3947
3225
1
3152
1432
4804
7439
470
3247
219
656
2892
4280
3708
3229
1197
239
3328
6122
5051
6192
5547
2685
5953
616
1498
6277
2934
4424
3637
1044
5543
6599
3033
690
1787
6712
3721
3607
1025
5185
7146
6009
5448
1768
1750
2744
3267
6426
4079
1536
1598
7210
7264
5727
6485
3424
162
4884
5148
1670
2026
72
5435
204
4920
5594
3535
6887
2810
156
6685
5162
3905
2680
6140
6686
2123
823
3055
3180
4430
7274
5939
5725
3753
4840
2591
4168
1392
2122
6108
2103
4702
2949
5773
6194
4871
6964
6052
526
5087
2933
1049
4975
3941
7425
2642
1938
3736
2611
7216
1150
4106
1627
4114
3065
1695
1172
68
1615
373
6803
1365
5158
978
7071
615
6976
7098
5864
1769
6575
7396
2572
4111
5671
4856
7416
6903
7324
7092
1762
7233
2380
1888
5679
8
1708
4751
5450
4275
792
6769
6178
5430
731
5208
1160
1505
1348
5562
4888
5895
1639
6006
6166
6993
3482
4499
2321
2145
1169
2327
3226
5645
7337
6106
1620
5460
1780
3955
7336
2111
7386
3838
1071
3829
2070
6082
5792
3038
1417
3197
2302
5934
1393
5096
3240
5819
1738
6320
7303
1298
4712
2602
3756
7173
4395
2496
4505
3304
669
7155
956
2786
1223
2708
2961
5627
4463
4093
845
1175
2071
7148
3671
1243
5661
5187
5475
1974
1165
5092
4105
2160
2439
2131
1401
3256
4625
4109
208
4727
1122
1702
7000
6333
2383
6982
566
5581
5770
5717
3957
7360
788
2524
5865
2297
5394
6377
5935
3056
5769
3263
558
150
2538
1562
513
709
5733
317
464
1909
3717
6427
3593
3677
5659
1648
3997
2623
1218
3320
2518
5907
7158
91
1858
6407
2796
2043
3662
2270
1737
3963
5196
3490
4029
1931
6699
3827
2357
4610
5254
3874
3462
3244
5200
6135
1471
819
5649
4790
2859
3771
2371
1658
2228
7440
890
4439
7311
4410
5655
2975
755
3719
3051
4802
3982
6001
5017
5751
3739
5264
6817
6531
1949
1245
4813
1545
522
1541
934
48
1026
6038
3617
6051
4357
3613
3754
6841
205
6680
6961
6722
2833
5946
6197
5820
7364
6877
1263
4557
6376
5605
3909
2308
5973
3138
599
6432
601
1892
4596
2403
7445
4369
3443
893
7217
6579
82
5826
4285
6767
2704
4938
5682
7480
6800
531
7461
3802
1729
6039
482
4758
5431
5516
3951
571
7427
1970
1074
4733
107
5586
5662
6527
4117
2030
3547
732
3480
6134
6047
4793
3035
7370
1098
3346
3730
2517
6386
3652
7170
2091
519
4448
343
981
6714
5876
3381
1652
5859
2734
3956
3277
3030
3778
1965
3257
3390
5012
3806
2054
4311
2227
6466
4020
1579
7322
1761
830
2480
450
1632
6940
6534
2527
1944
921
6861
917
4950
87
2214
4137
6894
6588
6411
3703
1546
5747
1885
5534
2832
1493
2345
2846
2631
508
6451
4628
2939
7235
7221
1273
4140
4575
2651
334
4095
1411
4830
3159
612
7472
2493
6693
7310
4368
7486
6252
3823
3622
2171
6912
4612
4133
1582
6929
5188
6367
4900
2231
655
6405
2
3659
1992
6822
5937
4380
3307
3200
4787
6216
2032
6986
1301
2311
6648
3275
881
6003
2420
5914
5804
2533
970
5998
7287
3176
6450
6580
1589
1467
6236
663
3728
4817
753
4660
2185
4808
418
6095
3375
7263
3609
5755
1784
2559
1313
5069
2189
5490
4976
3879
2598
2309
7296
4883
6323
2513
4389
3998
3264
5174
4361
3146
1369
6562
1110
2856
2653
1202
4222
1630
5343
6558
6629
3972
172
6730
4164
5269
1297
6356
4653
3660
3421
3173
5696
6860
5993
5827
7110
1100
1788
3663
4537
2150
1412
3780
6226
5665
7042
2620
4968
4590
5413
5760
5156
2307
6016
3954
937
2158
6751
1173
3379
866
904
4128
3799
5506
2053
6574
1495
2188
1578
1777
5718
6543
5744
5062
184
6410
5835
2233
1952
625
6855
2837
2367
7421
1881
6572
1215
7323
4323
1438
3836
2275
7075
6303
5142
4693
4460
6835
4762
241
2494
2929
6909
320
5257
1730
2221
1423
179
2181
3294
1487
2476
4130
1016
3913
3841
647
5822
5
6045
4667
1932
6709
7298
3415
5180
2823
480
7004
2818
1700
4362
1854
6902
2991
3398
6061
2445
2076
4556
7460
2987
4595
255
6609
1261
4670
60
2883
408
2681
6114
5326
6690
4763
5745
96
3177
4724
4475
2940
7262
1376
6278
2316
5457
1570
6300
4407
4250
4980
4265
3501
2580
1311
4089
574
3745
6981
1860
4415
5614
3512
5277
960
6336
2462
703
1363
2995
6179
5702
6312
3699
6959
7040
2574
4520
5045
3587
4022
1494
3441
903
1586
1315
3539
5350
5107
5787
2109
3623
2487
5538
197
3436
299
7266
2473
5608
3222
3740
1458
1590
2108
3559
2217
831
2629
994
6644
1990
5634
6401
2945
4960
7166
3893
2298
3518
5628
6941
5275
2578
1064
6067
1685
4986
7354
2023
2924
6737
1939
7157
3924
3429
2802
6778
1539
999
993
5068
6536
2849
5521
2465
1943
5985
4426
4586
745
1867
713
3515
5073
2191
3015
4316
2571
6168
2072
2278
5065
121
3843
7299
1522
5083
2579
5797
5338
7022
1733
5680
813
6265
769
2915
851
5421
502
488
2466
6895
486
1468
5669
4487
3534
3496
5821
3359
6066
4256
7192
3553
3187
1012
158
6129
6946
1810
2180
6150
7407
875
3433
6606
6884
6431
1319
2773
3803
3329
1995
3358
7188
6958
5983
7160
5270
3223
5109
6480
7147
6137
4942
6069
3852
2724
2027
4508
2082
6578
4650
6625
1922
5913
2444
6177
4409
980
918
907
3034
1021
5493
478
2212
865
6025
996
4926
5355
2192
1664
2148
5339
7483
2677
4605
331
2257
5055
5639
2788
6489
7482
873
6037
5731
4811
4348
4755
2014
4189
710
1675
4720
6752
2265
2958
771
1819
1364
6723
4569
6089
307
2582
2001
3716
6739
6420
7096
1937
4155
5169
4422
4879
2799
6829
180
6622
5922
1258
785
683
7463
5885
6776
485
3340
3738
329
4542
3466
5544
6144
7251
4039
4208
2569
5795
2454
6995
328
1948
6498
4626
451
5592
1832
1778
2838
3969
5300
2223
5058
5667
4470
4416
396
832
169
765
1736
5146
2018
1945
2274
2216
3632
7103
528
3297
6538
4643
2467
1531
5010
3476
1987
6508
5441
4270
3760
3970
3048
2094
430
5304
4249
415
1135
6928
4855
6146
2508
4578
6700
6344
7302
4522
7467
3658
3341
1984
7154
6945
6749
4454
6630
7451
5222
2279
3532
1248
6911
7244
826
1017
4086
634
3855
3585
3757
2423
592
1479
6308
2643
739
5316
4503
4319
4018
7275
5966
4943
3520
6624
1830
961
340
6525
504
3190
6502
3451
6282
1735
4730
7394
1068
3983
1033
7089
5317
4054
543
4863
6820
1587
2052
3498
3412
4043
4182
964
5318
5014
4797
3148
6777
1034
2010
6366
6111
2556
1336
1831
6539
3317
2092
4411
1848
5855
3600
1601
6331
3031
2831
6868
3253
5710
7156
763
1478
1686
1971
3985
4642
5956
3097
7056
1282
4999
4012
3215
6915
516
1537
1409
6257
4801
6225
4661
3404
3326
628
5567
4683
557
2793
421
3790
733
6973
751
5130
5896
682
7314
3061
3952
790
3452
6652
3643
6939
6389
2781
2913
6121
7393
7281
3571
971
4543
4783
6463
1618
3965
2661
3095
3949
5979
4781
3733
5707
1913
6716
1728
3271
2746
7328
3446
3282
132
5042
1770
1766
37
3345
1701
5486
5327
2317
6969
56
5284
3459
1942
3961
3210
3521
2956
6524
2672
2310
3767
7214
1190
578
5759
4220
266
6238
6813
1181
10
1834
5455
392
6126
6898
3724
2761
4173
1198
6789
2453
3050
4570
892
7212
2399
6729
7357
6017
6869
2967
6593
2425
3948
5139
1712
7479
1862
5637
5738
2206
1289
5474
1240
4654
2721
7237
5574
4526
4486
1711
3020
895
3493
2211
4624
2099
4607
5401
2342
4445
4146
5730
5613
1018
953
6230
1403
5151
4631
5597
5007
6529
5832
860
5578
3562
5168
238
6631
1387
4890
1322
862
6975
1642
5199
6546
2716
636
2146
2322
4241
5076
6852
6698
5554
7226
5548
5541
916
4915
7224
2540
1720
2718
3725
871
429
6734
6091
7
2895
7485
5694
7246
2545
2884
4174
4501
5451
3199
3133
3485
5386
2058
5234
2983
2106
6396
465
4459
5612
6084
809
2459
5734
4134
2455
1678
5322
4478
2834
7120
524
6711
4662
2550
2992
2059
5906
5341
4864
4966
4675
3394
3748
4838
632
6383
2063
3907
7348
3145
5505
648
2151
6083
452
326
1371
4163
4698
447
1749
2891
3488
1934
5713
6246
4644
5022
1435
2959
6249
314
369
5488
3272
2863
7195
2372
4903
1794
6468
837
4282
1866
4870
5750
6415
1445
4897
3574
1753
6189
834
7301
1386
75
2709
15
1308
2570
5426
4551
4403
5416
1655
6771
5856
3236
3242
6013
2628
3635
812
3876
2074
1220
7404
6256
3669
1340
2614
1580
2695
3243
6384
4964
2388
1666
227
4805
5808
2941
3550
1705
403
3743
6110
4987
5485
4506
2998
3022
390
2235
1556
1703
1310
5136
5307
3251
5873
153
4849
6464
2277
503
5818
2426
4857
6914
1102
909
556
4517
2290
6623
1504
5539
441
5974
1366
3232
5762
5212
7255
1434
4310
6611
2340
3511
6397
1607
3650
1983
2280
5888
7106
1816
3638
4374
5577
5999
5708
4775
2203
1532
4958
1689
7282
4750
2979
1400
6916
2809
5502
2081
6695
5319
2237
6172
63
7108
2627
2542
992
6217
791
6692
3137
2187
5695
4402
5866
7049
2456
1799
1067
1015
356
5723
1921
5207
3334
3150
4592
810
3628
6165
3922
1673
4279
6746
2555
4527
194
6181
5887
856
3088
2268
268
207
1527
6338
5936
6632
774
2115
4425
2909
7478
3419
3710
6201
4945
6365
1114
3576
6889
2922
7076
2659
2486
6175
512
3286
3068
5074
4180
220
2475
7070
5585
6148
7232
3731
4686
2923
5126
4434
1872
2040
2339
2236
1158
4232
3192
2779
5464
6421
5802
1596
6293
4034
1355
6131
5924
5964
3092
3890
1129
1437
2193
4907
2306
45
6381
7115
7383
1167
7256
3557
789
855
4742
2871
4290
1981
196
159
4408
46
5383
3039
3567
1228
6380
5203
1028
5736
5331
3693
1917
943
5213
5356
7006
3368
4580
3377
748
2174
4007
829
2705
4042
2378
3768
894
2763
1011
62
7026
4413
617
174
2667
3700
4560
6996
4467
6310
3166
5520
6491
5422
1196
5249
1792
4990
5528
5697
6163
4490
4145
2386
5352
6307
5425
2729
7005
6766
4552
974
5047
7286
1237
4277
2819
4752
4559
4412
5754
1267
1232
5420
2051
7420
6378
6387
1571
3584
7182
3979
1271
6983
4939
6488
2116
361
3040
3254
5989
515
5828
2501
5519
4574
3219
1741
878
2179
5849
3477
80
2942
1727
3776
6703
7330
355
3759
3017
4663
1356
6733
7443
4961
5364
4184
5995
4099
3764
113
3788
688
6435
1748
2937
1509
1623
4536
6553
2647
6373
3687
1134
2242
1470
4251
4169
1767
4331
216
4665
1204
6696
3864
1239
1295
6368
1138
5466
2510
6896
5344
6963
4815
386
6020
2381
1846
2038
3350
2433
3612
6335
1194
2276
4135
3978
7431
1415
6921
4359
52
5346
5408
442
6635
4149
7471
5293
6339
614
7051
2609
6103
129
6550
1719
4588
6516
6149
3597
3712
6559
6439
3934
1360
3946
1836
3522
4567
2543
467
2172
6837
5081
4635
4918
3915
6288
6444
3882
1507
6409
7458
259
5976
97
573
6476
4633
4528
4659
6854
3374
5959
1246
3746
6116
5533
189
2443
244
624
203
5340
1600
1650
7285
4335
6176
4564
5215
4711
2086
2560
7054
6193
6797
1335
5962
2112
5446
5863
6533
6880
5579
814
393
6054
6120
4485
7101
2404
7271
679
5415
4451
146
142
6672
2930
6885
395
4621
1075
2478
2045
3546
5219
1500
3732
752
4384
5403
4524
698
4963
2121
661
3127
7349
2447
7319
7332
2981
280
1957
3509
6456
4862
4002
6208
1000
6074
6227
1837
2806
7213
3389
6846
5224
4739
6204
4378
5992
649
4738
2424
2740
2868
1755
13
3986
3270
4791
5721
584
1489
1912
3120
4955
5947
5170
2952
4743
5576
2563
7484
2966
2684
1296
6719
1394
3157
1999
1979
5530
6980
3904
5032
517
7373
67
1048
4941
6198
4839
7413
4142
490
6814
3781
6080
817
5211
958
3747
3230
3330
749
4785
3203
5869
2390
3744
1718
2338
4806
4213
7177
2326
6545
4822
1307
719
2313
4065
7043
6774
4268
2413
6971
325
4767
4680
375
5281
2767
2750
5282
271
4922
5489
3665
5020
1117
5558
6675
6326
5941
2143
6694
1725
7448
5705
741
2694
4440
2916
4190
5878
6514
453
31
4457
6787
2469
4707
5321
6548
1899
2866
279
4148
2154
163
4924
1316
3591
3332
422
651
1840
5432
5982
3171
5348
4756
1007
868
2842
6906
193
2085
4601
2906
6666
166
353
2022
6467
4810
459
6917
5240
3391
7009
708
3268
3448
5909
931
7225
265
2853
484
7163
627
2182
2668
4554
5273
6930
4367
3604
3702
677
479
3691
4732
2416
5305
6997
44
3974
131
3029
3457
3432
6412
6169
1473
147
1439
4141
4778
6234
6825
6342
5949
908
5625
4865
7379
3686
6185
2848
3810
6607
385
404
5181
4049
576
2502
4245
2926
144
6991
5231
1052
3646
457
6900
3342
4021
4602
2593
3310
3260
4957
3655
5647
377
7109
4710
12
4230
5563
5619
494
5134
230
2739
2675
1144
3751
5743
1032
6598
5926
5793
3851
5308
5550
935
5861
202
5972
5066
689
6433
501
5790
4982
3577
7457
3564
135
5064
5991
870
6799
5409
3872
5729
2870
3447
2269
1781
545
3896
6460
3552
1916
4701
2343
3076
104
1255
2451
7152
3602
4861
7359
4780
2654
3103
955
3513
2448
4464
5218
77
29
137
6220
6452
1754
7469
902
5371
5395
5373
3870
570
7060
5037
6948
7218
638
3908
7402
273
3537
3933
3115
1657
6570
6783
2554
2755
3418
2811
6299
2041
662
86
1954
2369
3052
7455
6304
2250
6094
6676
2743
6772
4689
292
6360
2633
1036
4239
5228
5838
670
2700
6931
5347
5542
654
3284
2769
1060
5642
5052
1902
7432
686
2463
3096
3475
6153
1905
3217
5568
3939
4803
1023
4336
6886
4836
5265
6616
3906
5610
4766
5587
1968
3258
3456
51
5390
4192
879
2566
5867
5046
5570
2389
5079
5314
659
83
352
2332
2772
5480
1229
1429
3175
5701
2546
2133
5704
1919
3280
5159
5478
1225
3325
7341
2901
2474
4358
3583
5524
6402
3312
327
6346
7294
5720
2291
4971
3742
1152
3630
7223
4062
5503
5615
5689
4860
804
4269
6603
6062
218
3891
1717
6515
3966
3785
4191
6141
2375
6656
5141
1918
2600
7028
4972
6358
5313
7428
6717
7401
6503
6494
572
1890
6085
3711
1009
7385
7350
5997
4104
2483
1572
2409
6679
1651
1139
2149
5115
3281
1474
2650
304
428
759
7261
4531
6219
6874
4826
6768
6297
1370
1388
3519
1448
4353
1679
185
495
723
5984
5482
2857
967
5775
4895
618
5529
5525
3917
4534
6348
4816
1378
704
1514
89
4414
7093
4979
5925
293
5178
7129
4886
637
3018
3928
6076
6557
5154
3830
2096
416
5599
973
6918
4428
4983
5904
2691
5765
5132
1508
261
1314
1037
4035
1551
667
1251
2725
4083
3981
6968
3857
3626
1568
2320
4302
2814
4696
1103
863
4317
5712
6284
3300
5517
652
2490
2764
1561
2300
6754
6302
3413
1782
3105
6587
3494
1779
2261
7277
6298
6834
1959
2136
4028
4933
7340
2405
2364
3649
3084
4549
4645
6697
64
1485
2253
1266
4868
6112
3269
233
3089
7099
187
2325
6511
7118
2861
6115
3964
4235
5552
6325
2350
7020
3134
4243
7027
5449
7180
6521
1538
4512
564
1454
376
3690
7450
7140
701
6447
3666
6627
1156
6379
6473
5133
4267
1989
4753
6329
5870
6244
5376
3573
5023
1928
7279
4639
30
1998
7358
4156
6072
1090
6681
3408
5003
3782
1216
4047
4912
630
4396
4356
5469
7161
6482
2460
152
6446
942
3098
5883
3351
4031
2000
5232
2526
1338
7400
1488
3569
7066
4199
5468
7317
2029
1264
4326
4167
6183
2851
1249
1529
5903
5601
4320
420
4119
301
2690
1391
3741
7329
7164
1347
3737
1312
5191
5779
6614
7011
4103
2098
737
5091
4608
84
4363
5673
3818
5843
5663
4480
7291
2015
4183
3544
995
42
2197
2914
1597
7094
4641
7135
3449
861
3991
3698
6763
1925
7459
2005
941
2900
4015
1796
2714
498
2365
3887
7085
7424
4159
5242
5767
6021
1112
6311
5381
4081
2648
6417
2226
2017
4893
3194
4253
1789
3548
5167
1644
6522
3871
2576
536
20
7278
4768
4892
1882
3454
5444
2616
2701
3072
5388
5631
7300
3822
6853
3073
4874
5690
4129
316
2370
4985
6205
5278
7240
3086
6314
2775
424
4682
3598
1516
2060
6187
7080
3894
938
2640
2657
842
1477
5674
2120
1219
6639
3800
2904
3083
1826
6145
697
6654
5302
4725
2662
5147
2037
4228
4393
5452
3420
2815
5325
6042
6905
1898
151
6395
175
191
1089
5700
6309
155
2747
4973
1900
3321
5945
1055
4110
1379
5291
324
6904
2710
3126
1823
154
338
6828
3596
2703
3910
2234
347
1418
6604
4734
5410
3027
6399
6881
2973
1019
5434
5019
5029
5104
872
6028
5686
6469
968
6174
4998
1057
1031
5406
5872
5285
283
933
6419
1463
235
3155
3067
6541
4477
5163
364
5678
6259
2865
2722
5077
2272
4294
1963
3378
3322
3124
2210
3234
2353
1142
5121
1029
2944
5315
2432
4312
2529
843
1236
5016
3868
1427
1929
2355
2449
2683
1751
532
5633
3354
1425
2176
2128
608
775
3697
4427
3967
4307
511
1349
3208
4019
2016
5611
55
4673
7476
5120
4216
5119
2497
922
6744
587
2020
4125
3883
600
3406
93
5824
3763
5848
3551
5796
3278
6096
7242
2588
417
621
6651
6117
5798
3367
965
2925
7326
6295
2190
1252
6682
7134
6677
6258
2414
4048
4655
4568
2830
2671
4563
535
4867
232
5230
5247
7050
3032
5606
1783
1698
5268
4115
2516
5919
2583
6164
6842
3895
6594
3385
1097
4835
3526
7073
5510
6671
7265
4248
5739
811
3147
5591
6922
7036
5549
3160
5588
1671
2637
4718
5920
6934
4623
7207
6507
1533
877
1372
2841
1661
2095
6437
3044
2803
2737
5877
2520
6500
5809
5566
5491
2428
575
1567
4735
483
899
990
6024
5261
2862
874
4144
3595
2553
378
2828
6770
3575
3936
1083
1127
1278
372
2201
5927
5890
5258
2928
5362
1087
7423
5781
5609
2836
5072
3151
6755
5917
6224
6831
5094
1361
2124
518
3362
7412
629
3817
78
3213
2243
2875
65
3339
2446
534
1426
5933
6363
5507
43
5127
5368
782
6260
2964
2872
1359
552
4246
727
339
7405
5573
5834
5780
4993
1259
3265
6075
5235
2644
1065
345
7038
4500
7003
6109
3181
4759
4970
407
2780
2410
2801
896
1126
6678
3235
7342
5825
3850
6790
6640
6554
2230
272
6119
1575
4697
6195
6343
3858
6519
4037
3886
4921
6186
3769
4546
388
5476
3428
2356
3709
6942
1184
1177
3245
2050
1549
1013
2147
1180
6920
3021
6393
5921
5531
7174
6989
4046
1853
3121
5569
5280
2528
4984
3248
6322
1985
611
633
6832
5660
4875
3773
7149
2452
4953
2880
1815
387
4351
1094
1051
4555
2858
3042
6761
2198
4077
5598
3779
1039
6857
439
6031
6601
1241
6704
5405
5556
3004
1318
4388
4760
1969
2033
1806
3057
6720
3156
4375
455
4102
6741
4656
1362
4338
6556
1115
3561
6155
4207
1283
4744
2418
6801
7205
7462
1804
3531
3315
1185
5140
1688
595
2065
6586
1577
7409
4894
1576
7048
910
2634
1734
1936
5366
5772
3464
1526
1723
3533
2790
2304
3601
3327
776
7007
3491
1682
4716
4044
1288
1550
3338
2137
5955
6241
5465
5090
807
1146
4919
3950
4854
5732
7442
1857
2417
4271
7104
1436
6621
2382
3442
3684
5370
6819
1317
6477
1382
4726
1234
5901
6966
2377
2144
4051
561
1684
445
6667
581
5889
4668
1951
4788
6859
2797
4238
5693
2395
6011
6883
2589
824
6806
4139
2429
4308
2641
1123
229
5279
425
6567
5684
783
5891
622
4226
7175
3460
3925
397
3616
1967
6281
4303
7035
5650
1993
3672
1342
4896
1005
2126
1120
5785
1747
100
1373
1933
6721
3689
1345
5932
1328
3458
5044
1811
1121
6569
6796
6406
359
1520
6784
4281
6935
1544
1294
1133
2530
1515
4719
1208
7269
4827
2638
