4108
7029
4212
2329
1955
2947
4495
2421
1554
4599
6332
3897
401
274
1714
6222
3705
1022
6998
761
2385
4344
6785
3259
2287
4606
3407
2804
4492
4494
6745
2088
6938
1179
5295
3793
85
939
6683
2618
4629
5021
6160
3207
3795
5846
3080
1300
6294
1385
4136
1947
3819
1108
21
6291
4057
2817
6065
5504
7210
1659
1946
5372
6808
3085
4209
5075
149
5898
7238
588
7087
426
477
631
6283
4889
5831
5875
5679
255
5275
2611
2538
5350
5973
5506
3443
2403
1261
6377
7299
6320
5628
6699
5649
5669
5017
1630
3948
1504
1587
1720
4470
4018
1102
6128
2998
4805
4644
3493
2317
6344
5544
4241
6975
6110
238
441
1347
7109
654
174
861
6435
6768
5838
4028
5480
3457
6491
1048
4352
2016
3448
2291
5959
3747
3286
3156
2968
3950
910
2429
2797
6393
6162
4555
7003
405
5370
1723
6406
534
5785
1234
5684
6796
1985
1069
5923
5206
1070
563
5564
4033
1612
3463
7292
4646
5125
4172
1595
1519
7183
1168
2412
2114
1842
1027
6453
3681
4349
888
4977
4177
1757
4573
7065
2894
1002
926
4510
2295
2587
4748
2398
3848
6794
7200
6504
6565
695
423
1441
7381
2910
4370
2784
988
4620
6927
2292
4260
4481
4782
5033
1743
2504
6097
7248
5323
6347
18
2697
5160
5617
6276
5970
7133
3074
1771
5404
3762
3835
2239
672
1758
6413
5330
5513
5035
1330
2585
5411
1035
2720
1822
6664
2759
2680
27
1624
4210
1941
5960
1025
5447
3945
6050
2183
5897
2879
1614
2104
660
5496
4010
4901
4053
3695
1404
4301
6985
1552
5571
458
6440
3455
5605
1860
3663
3613
2574
4733
3015
2308
7000
5069
7088
6367
5907
2309
2559
6860
5096
1939
4389
5645
1494
3030
1995
5835
3379
2939
107
5
82
851
3760
5734
2582
7463
4683
4626
5966
3550
1948
1607
6698
2052
7328
5750
3511
6083
1584
3969
5667
4506
3215
2746
6502
5885
543
4662
6468
3738
3097
3520
6654
6185
6028
5352
5673
5849
2648
3781
4414
1400
4554
4742
3591
5207
6112
7070
6409
4534
5487
1036
5877
5796
938
2930
6482
77
2819
6358
662
3312
1526
1373
1184
4246
3042
581
6519
4894
7174
7462
5299
2198
1603
4719
2452
4346
5598
388
272
807
5127
4896
1382
1577
6343
5650
100
1447
3533
6155
3261
2393
7015
5227
7464
4449
744
2376
1124
4447
2064
4176
4582
5621
1389
5113
5931
4221
816
641
1548
1625
5009
190
5205
3046
2624
4618
3444
332
7398
5868
5071
4050
6044
6937
3131
5225
4479
5527
7475
3504
4842
1455
2506
7209
4373
188
7391
1637
1996
3673
6967
7290
5703
3047
2954
1665
5714
4116
4737
3118
5940
4126
3122
2013
6809
6738
1042
2209
242
2224
2166
3735
105
5294
768
4476
2597
5771
5515
887
2713
6043
2896
4769
1358
7196
4355
237
2199
1293
3395
2438
3877
1820
510
4122
2607
4003
2756
6591
4789
5337
6143
2536
738
4594
2267
3540
4072
3867
5145
2738
2387
1621
6330
1153
3572
5040
966
4995
6416
5027
3062
6849
6497
2464
2488
4934
3172
4455
4965
4774
7437
5688
6351
1043
5050
6802
3489
6600
3811
236
4283
5128
3636
2129
7201
5197
6628
3563
109
6101
5036
3100
2328
7100
4420
2860
3393
3167
4708
664
4617
6068
6811
2509
3774
2630
6445
3195
4272
7392
5194
6657
1878
635
2222
3309
1602
3450
805
3528
3010
3980
7062
6617
597
3142
73
6340
1006
3468
2984
2873
1776
7361
1793
3594
2950
3619
3560
3510
2173
5309
3471
4794
658
6207
3497
1656
4731
3900
33
3465
2649
2733
5070
4060
4278
3002
6549
5553
1331
836
5436
6296
6064
793
5374
5097
6090
5397
3001
1038
6780
2903
948
3186
681
4227
7422
4181
3132
1722
4435
7228
760
5840
2134
5778
1324
2384
1491
3231
1109
6873
1699
4844
5602
5442
6653
7222
7081
40
1920
5445
736
4236
4421
4466
322
1851
6274
111
1829
915
3323
7325
7260
5246
2626
7079
6188
924
1977
7321
2706
4784
5086
5306
6590
5382
884
120
462
758
6130
4339
6962
1116
687
1147
1407
1200
1732
182
5595
5361
1868
6782
1605
3003
1765
7466
7151
6073
6740
3657
1020
6669
2057
4252
7307
6833
6041
4085
214
1962
3639
3401
6637
4994
6781
509
5015
2167
5116
6231
6023
3813
1633
5748
7465
4090
4956
3902
4538
6532
1257
6812
594
6060
3170
4566
178
891
2666
6328
4092
245
66
4305
505
1628
436
3642
4158
281
3911
954
7284
4365
2021
6908
1856
6182
2215
716
186
1924
7127
4615
4231
2305
7150
5360
6618
2314
6932
4745
5653
972
6815
3984
1663
1803
2938
6688
5053
437
2334
1096
7113
5636
5272
7067
6779
3668
2908
1475
6474
6266
4008
1809
119
2596
7172
1451
6372
249
468
2548
1106
6879
1713
3386
5399
1821
3182
5176
6878
5454
7184
5812
411
391
6823
5854
2575
4498
6597
277
1797
6087
2635
291
4284
4497
4458
469
4300
3153
4276
712
1353
4482
5365
852
3411
1564
705
5088
6093
5333
4030
3336
806
3365
4088
2652
6012
1406
2523
2012
4764
7418
2083
3474
2696
6099
6374
414
6563
6788
4593
4161
6952
1450
3621
258
5179
4690
3331
6561
5471
551
3370
6658
6210
4157
4931
2986
1534
4713
3543
4392
7136
2876
4291
5093
6253
1092
5407
9
3505
1978
4770
4377
2541
6753
1274
5290
5957
1565
3214
6138
6436
7159
4681
7031
4214
4328
2225
5967
4717
4572
6595
7372
5839
5722
4288
986
3082
112
252
4382
6899
263
5590
7014
383
3117
489
7288
4098
4309
5034
3995
5783
7010
5668
4671
4076
2792
4946
4074
4101
1341
3899
5784
4354
7046
7320
721
5289
4225
5699
6827
4786
6305
7033
7375
4059
3704
4911
5186
2599
3718
5836
1707
2354
1807
6211
3111
309
4974
800
2461
2436
2152
930
6701
2758
5975
250
5013
2118
3839
4533
5114
7095
6199
7388
98
4828
6564
6876
4444
920
2665
143
5379
4327
4442
95
5456
5737
7345
300
6608
1669
7268
2262
3212
5852
3556
41
6214
257
4186
1843
6641
4652
3110
22
4372
1667
795
2567
7306
2920
1262
2360
284
1956
4315
285
3614
5902
3140
4704
3470
99
5618
295
678
4259
2218
2794
6272
3590
3554
3726
1082
481
3246
3250
905
4027
6385
5719
2852
409
3178
4069
342
2960
555
6443
6687
7231
3306
2687
1333
4723
1547
6582
2067
766
932
2055
7002
2507
5244
6818
5453
3987
6279
1910
366
5189
4366
3184
3653
5623
4729
3252
3994
432
3624
2820
4609
6537
5526
7438
1186
3216
5241
6715
1398
1086
5589
3238
2869
833
5248
5523
5253
2101
4009
4391
1209
6523
5844
3842
1991
6263
7447
262
2663
3363
14
6190
3291
2751
336
4877
6947
2805
7272
4185
3228
1752
7061
3135
6509
4905
128
1893
5860
5874
2771
4024
6888
2617
6501
5000
4674
620
3188
1859
2135
5429
2349
623
1395
6191
4852
310
4669
5345
2260
815
5002
1326
6901
6487
471
1592
5262
1482
5741
4996
702
357
4491
254
1281
4772
1247
23
2850
6275
609
2011
5377
5038
74
3125
496
3416
997
3366
1072
7454
2867
6428
1817
3627
3503
213
529
5789
1276
5296
313
6659
3431
2430
3303
1066
7259
1305
797
1193
540
4834
4597
3993
3369
5274
7023
849
1472
1849
2263
5028
311
6429
4814
4198
224
764
1961
2918
4295
2336
7376
4677
1428
1724
4688
2561
5195
2318
2766
3241
6334
1303
419
5565
399
0
7083
6063
6414
1275
7208
2855
7169
3078
1654
3024
2936
4360
1231
4798
897
1396
3025
4616
217
443
5245
7477
4545
2097
3437
4073
4640
2762
3901
7053
460
6750
7239
1084
1327
269
1145
165
549
6361
5666
5183
2864
7315
673
3007
5221
4324
7378
2195
4337
2608
6798
3815
3629
6438
711
4821
2953
438
527
2745
3678
5462
1203
2825
6213
5814
6337
164
2348
2415
2985
6371
5603
1563
1244
2604
243
4685
928
3324
134
76
6157
1062
267
7041
7168
5676
3682
1357
7353
2434
6055
4432
821
5101
3288
2874
4262
5108
2202
59
4614
6273
521
1157
5495
456
3530
6486
2394
2969
2492
3376
2419
5238
1188
2829
6136
1334
6280
6264
1143
3211
368
4507
2229
1746
579
4127
5201
2219
4672
7339
825
6707
1847
3863
3996
906
1131
1464
5811
25
1850
7377
3174
1309
4603
81
4398
2547
4406
1542
4914
6247
5535
6748
2990
3792
5900
6221
6844
463
4405
3938
2678
3869
3634
3814
3364
4539
1061
2994
1199
3423
5095
6807
6321
4254
520
6327
5799
2004
1677
5640
5153
5777
2044
5233
4562
6492
1344
4304
4565
335
553
784
4722
746
883
2450
3927
1518
7368
7356
2660
4598
1513
3274
5899
5508
944
5354
6127
2603
859
3976
4383
3113
4100
1958
3777
2024
794
7430
4741
674
923
1638
2822
1873
3049
4706
3833
4913
1530
2807
1523
5378
6100
3860
2882
5375
1759
7434
5833
3654
7064
610
5600
2686
2719
3108
2068
6499
7366
3169
389
1845
4121
4472
2890
841
984
3944
7215
6425
3209
4234
5428
4519
6633
2674
1191
6765
2622
7481
6743
6847
671
5089
2826
5256
4387
5788
2999
1270
6863
7333
1306
7068
3461
3834
7102
3931
780
1680
4123
6159
3538
1887
565
6470
613
1833
3045
2615
58
2562
6573
5334
6646
6113
6506
5216
231
696
3828
5043
4401
724
6706
1994
1908
7362
707
5118
2482
6727
4068
5758
650
4684
6913
4728
5424
1814
1226
7032
1763
4589
4452
2361
5483
4390
640
1076
5060
3641
7380
3517
756
7124
5654
1390
6691
5629
4154
3579
3999
7309
6048
4417
3101
2791
950
7417
4330
1332
1410
6551
2255
5353
2283
3989
1884
3353
1855
7406
1351
2993
7308
1187
5155
2673
2974
2795
3279
5349
3892
5978
5958
2727
5830
798
497
5850
1148
5204
5152
7059
7021
2006
5768
5816
4394
3589
2080
124
3942
398
6154
5172
492
1557
6826
822
7449
371
1465
6475
1715
3688
4967
2754
1864
6173
2606
1004
4881
4937
4585
3360
5332
6390
6668
4036
1346
6821
1555
7186
1535
6056
2955
5122
6369
3371
1828
2471
2351
2142
6953
1178
6403
5805
6364
5810
605
5511
2912
1481
5951
6057
168
2584
5414
1440
2500
6098
3099
350
1402
5102
1377
1480
3410
3
5776
206
2905
5857
1599
2025
3168
2996
4266
2943
882
7179
6816
3625
4215
3000
1080
1030
4078
7419
1608
4233
6053
3162
5509
5492
3427
5977
2049
3380
4204
1891
4846
2333
3889
5930
4981
3107
5853
5604
1277
2331
6619
3615
998
1212
4988
1641
3090
308
2048
3960
730
580
1459
4223
32
7313
4561
2056
3064
344
2632
1668
3755
7114
838
6949
4094
4087
2982
94
4244
4553
3888
5664
1687
4848
2988
2472
1503
6871
2248
3825
5054
1674
6479
6124
3091
3930
6391
6228
2077
3631
3299
6353
6035
586
3588
6341
3723
3545
5596
1431
2917
3937
7254
1501
226
820
6014
4541
2827
7270
2525
1446
5135
6865
2435
5683
5099
3798
2330
5220
3179
720
991
3542
3580
2062
6724
6158
4385
6944
6955
4600
6370
123
5138
303
282
6315
3079
6584
5651
2427
1443
1874
2592
1054
5950
3114
4171
5518
644
5481
125
5418
173
6560
4468
839
6518
1456
4959
195
2258
1635
4433
6184
3283
6870
4143
3516
6161
5512
4489
1997
4287
5396
6354
1419
4431
6392
5620
796
1883
7167
1368
5929
440
5438
3914
2798
4071
5555
4833
4695
5437
1591
3727
1213
3670
6994
3196
7444
5726
7193
4746
1622
4969
2812
7227
4418
1171
6965
779
1077
1935
6950
2919
4906
1825
2363
2899
3919
6086
4299
3054
4322
3845
4947
6196
5575
676
1805
1195
3221
5137
6747
6760
2163
4584
606
4747
1800
4040
7063
5237
7090
4292
6791
2003
1093
3581
1911
7473
4544
2636
3568
5607
487
6735
6079
1292
3525
5800
4162
6705
5823
5728
3715
4153
148
2401
4773
1163
5359
1325
514
2301
886
969
7280
2254
6838
7453
7344
5223
5498
348
17
7414
1499
2153
7187
3507
4194
2457
1610
4740
1629
7257
3201
5358
2656
4812
1320
251
1756
1081
3469
5952
1681
5117
585
6990
6810
4795
1692
583
473
2491
3318
6647
6290
466
337
5735
2514
539
225
1497
2723
6970
1573
691
3333
4952
7017
4664
5005
548
1653
4935
2293
7137
6457
2266
2521
2031
2186
4240
3013
2066
4611
6418
5990
7144
6956
853
5260
7411
3347
3862
5061
1502
4841
773
2878
3605
5996
1088
3880
6850
3648
692
717
4381
2577
5593
7435
3043
1422
5443
3361
4063
1930
5484
2079
3239
6029
3853
1490
6660
4757
351
3467
5911
2669
6010
4211
754
4318
5329
24
2164
6867
1553
4853
1721
3289
2768
312
5648
4474
6026
1616
3570
6999
5209
4067
657
2156
71
5915
5124
5263
6936
4691
6708
1838
7125
2748
3940
847
1008
525
665
3012
3075
2359
2422
1452
1585
406
2586
2125
1290
5384
3445
6568
6943
6836
5894
6689
3164
3102
360
6662
2036
5463
5283
2612
2605
2888
2194
3037
1466
7111
3224
936
2132
1543
6974
3290
2752
2374
2821
6352
2008
7229
5250
321
5149
6180
7331
2787
3478
728
6923
2241
5981
5882
7072
6400
1250
645
1374
5080
3154
2442
7415
2084
596
619
7436
5845
4866
857
6203
3149
2499
3011
4583
5635
6957
3189
381
4041
6237
1593
4273
318
6357
2440
4765
4869
1982
3885
6613
6547
1405
2658
646
6840
1113
1716
6495
1155
6924
5626
177
4637
433
5440
5537
7334
5276
889
5807
7456
6528
7199
2711
3926
5715
4658
5546
5106
6978
3233
1827
7131
1704
1449
2544
6891
4443
6872
5766
434
1183
1521
374
3191
876
3161
2089
5470
5761
3820
2273
4004
4175
365
3714
6845
3399
2931
1660
7441
1047
4120
3305
4525
2284
2323
3918
4904
5297
1772
2689
5910
2639
1003
6349
3296
2075
4511
802
1242
2564
4218
5164
2170
3873
5681
5458
2157
6663
4461
5616
3373
6398
130
1268
7030
1647
4166
4456
7245
4438
1528
1174
3273
5692
4170
5942
2165
5916
3112
7019
3060
569
3383
4948
1260
7243
4771
6824
276
6649
1486
2289
289
5948
7012
7126
349
4488
3069
2244
2397
3343
3861
7410
7025
1107
6107
1696
7052
2927
6684
3775
1511
4026
4992
3809
1617
4113
1865
6167
3783
6239
1606
3866
5842
3758
675
7001
7058
3028
6458
3206
4151
7128
5298
1764
4819
1085
3676
5532
5303
5202
4777
5912
5243
5459
3063
2962
4709
5175
4483
3761
7142
3414
6775
5217
5479
5522
2161
1073
2835
6566
1901
6301
2845
4936
4940
2782
1841
3549
234
4591
7107
3701
4257
4070
2581
1852
982
3402
3499
5740
2346
6552
1201
4954
256
1269
6858
2726
3249
1964
3582
6764
3425
4694
6839
6362
4649
4493
6015
2565
1975
3439
507
544
3356
925
4761
1774
1211
7382
5677
2207
2505
6856
668
4548
4831
6285
2140
5641
4160
3808
1304
913
1233
6394
3316
3384
3713
6036
4264
643
3314
6864
4006
1773
2431
2061
1154
1302
3766
684
1886
4991
4058
116
680
6105
6133
2730
2885
4107
306
3163
5025
3434
5757
1214
6018
506
6496
4423
5024
2264
7247
1221
1672
382
5986
5229
3536
4229
138
1079
6462
2141
5369
2854
4325
246
7130
3558
5499
5963
4200
275
4714
264
6212
5813
3578
5624
2813
4705
2489
7084
803
3988
3541
7351
604
3453
7202
2107
537
5884
4847
4188
3016
5193
7276
1238
6202
714
4404
6848
1869
7343
6388
6251
589
5752
7105
5716
1408
2732
4056
1588
6655
270
223
1125
3302
6000
4025
4837
5742
6626
7057
240
1791
5423
6022
1375
5030
1795
6139
1279
4286
1880
2670
2281
181
6992
6242
4014
1287
5412
1053
4845
3789
2347
1875
5794
3679
3923
1339
117
2162
1059
5335
3348
6118
4261
5171
6843
2715
762
2220
2155
602
2341
5150
212
4699
3220
3791
6070
1461
4364
2315
4258
198
5658
2335
305
5687
127
3675
5477
2028
2621
1812
1442
4518
2816
4997
4587
446
6757
6571
3066
1284
767
201
5173
6223
4
5165
2889
5439
757
6544
6218
5063
2664
7408
914
6132
4196
7295
4513
6102
1506
2175
2468
2613
2978
1224
4082
1045
1626
1128
4306
4350
4150
4038
7069
3707
1634
2539
7016
6951
983
801
5467
2373
6977
4000
7446
5657
3674
4951
3349
3720
5584
4379
3139
7371
5226
3193
4749
4516
141
854
6240
118
4399
2552
3014
1835
3796
5473
3337
3824
6027
2303
919
2601
6793
491
3405
3486
6728
2245
1397
4944
7008
3524
4462
725
5026
341
4876
2477
742
7194
3821
7203
6424
2408
869
6267
2319
554
6892
1430
5131
3667
3130
4484
3059
6526
5271
3409
1095
4715
6319
5559
3694
7249
1740
5938
4521
1104
4925
4851
6517
288
5190
4055
171
5001
3053
5048
161
6071
6731
2824
2286
977
4437
1462
61
1802
2396
6459
1299
3058
828
2238
6742
6448
4878
5056
929
5918
3912
3696
122
6933
298
2728
4124
7293
5756
3640
1739
6907
946
4873
7327
6046
7234
4179
7119
4692
6577
4558
6233
729
2246
5301
6019
4187
3990
7335
2655
3661
722
7403
5632
568
6910
435
4989
4799
6725
6268
5709
4576
1646
5643
2594
2887
7468
5622
2205
6795
1111
1973
215
5561
979
3495
2127
718
4001
2965
4195
410
5801
693
1566
3797
3492
5880
5763
53
1149
5078
7013
247
1424
772
4523
7316
6033
976
6270
2196
6505
7304
963
6078
962
2362
1510
550
2479
3081
1063
4923
2976
3816
5698
7189
4450
607
2271
885
5497
1645
4118
5184
3093
2042
4321
1824
4502
4666
7190
3019
3831
1420
799
1476
2113
176
2296
3165
4147
1119
5711
6215
3292
2392
1894
2485
5837
1611
4298
4535
2963
3372
4651
2951
6866
2458
3606
4932
5847
6805
2110
6088
2881
1540
6008
167
5969
2789
2877
7112
3920
6987
5161
4201
6960
7047
3287
590
5583
7305
2481
5177
1619
5312
1560
1709
6919
747
6674
346
4843
79
4061
7338
108
2100
2549
1775
323
975
6650
898
6077
16
2002
4091
5057
6773
653
3722
715
2039
11
2698
3382
1041
1693
4242
1496
2366
7397
3397
3036
2093
685
6345
7091
781
4679
1813
5764
4647
6262
5829
4465
6156
6713
5572
5252
4825
957
4550
222
6512
7078
2069
6243
3656
4909
541
6104
3801
4112
1413
2282
6092
3903
5004
400
5646
6005
6786
2753
4289
2777
567
940
367
5310
3185
370
7139
5638
726
4471
5965
4850
3388
6287
4333
6289
6612
3878
2352
3854
4796
559
1421
6484
6732
1706
867
2776
5472
5851
949
4515
582
694
3840
7123
6513
1170
2294
778
2808
4824
4872
6984
5433
7252
4441
6718
1960
2839
6483
2997
4703
126
7452
1130
1367
1099
1343
3077
6229
4891
2184
1001
3973
1889
1280
1140
248
2344
3301
413
808
7116
92
5988
140
6830
3400
3487
4514
7384
3856
4630
1786
3158
333
2090
57
5928
358
2379
427
228
4023
1808
5749
1785
4823
4928
7121
7165
28
5320
5129
5791
1210
1697
1731
7077
294
6530
1350
4419
4882
6540
412
4131
3143
1690
530
4917
1609
7162
1662
4247
3417
7347
5806
3483
1790
1323
7039
3565
6009
1044
2251
7395
5292
5968
2692
384
5560
6493
5182
2897
1444
7219
7178
2646
2026
3502
219
1683
5342
6642
354
5082
7153
4927
1750
5871
639
2495
5706
945
90
4858
2035
3975
5954
666
7399
7230
3255
5100
2902
1091
858
1352
5162
1182
5803
2391
6140
3968
499
3514
5448
3285
2645
6756
3422
3202
3592
1768
4013
6478
2731
5543
2741
3599
2407
3335
3784
2886
7250
3608
2892
5724
3680
6206
7312
3087
5267
297
5214
7024
2810
4978
115
1484
1354
740
3298
1453
2498
1151
6520
6255
5435
1414
603
1598
6887
3229
7241
394
4202
6481
6235
7141
1976
1105
6355
2522
2573
3205
1744
656
1798
6758
5536
4205
363
4313
5582
6602
1050
1383
787
3430
3706
6542
6643
2159
7045
2537
1392
1801
2402
5336
5892
5494
6890
6292
1291
2105
7289
5675
3104
3352
3765
947
3247
6736
6423
3033
985
6030
5266
6359
4619
2736
2437
287
3183
4804
3610
1164
6897
1432
846
4792
6490
1694
4776
5084
4329
7034
7365
4529
5239
4638
4678
6147
1895
743
7055
2285
3144
7236
3152
5905
3832
2934
7429
160
6979
5514
5879
6248
6032
7363
6862
1676
6
6759
2948
3586
3692
3977
2970
5041
5547
6665
2178
4386
4916
4138
4885
4342
5746
7352
19
7138
1272
3620
4613
4347
3958
2619
3311
1046
3109
1460
7198
3859
6316
3267
470
591
156
735
4016
5198
1896
1162
6034
88
6441
157
1581
6762
4314
4627
476
3204
699
7470
1399
562
6171
6426
5067
204
2400
3935
5251
3786
3484
3647
4604
5049
5051
4540
911
4902
145
6192
6313
1161
1253
5402
1166
4217
3424
3119
1631
2009
1235
3734
6636
4880
170
101
4193
4657
4700
1381
5391
5815
3770
7146
139
2204
4676
3128
6615
3826
2073
4064
444
2557
3523
2558
1604
2406
4178
598
3611
296
1980
7426
5500
500
5858
49
6535
6408
4577
5110
4371
6123
6151
221
6461
6610
2843
5501
5288
2213
1861
2610
5672
4097
2625
1189
4430
1710
2337
2770
2765
6804
4297
5685
1329
162
2123
1337
6673
6925
4293
4818
6269
6261
2324
3136
2847
133
3041
1433
951
1844
1966
3123
4504
5148
4397
3527
1222
5594
3198
2676
278
1787
2989
3070
6317
1613
4884
706
2946
2735
38
6710
5324
777
1256
4334
472
3847
3898
690
3846
3633
330
6382
1569
4571
3804
3607
1986
4648
4052
7206
2512
1636
47
3262
5157
2682
4636
1988
6661
5893
2568
3953
3664
6685
2972
3116
1118
4920
1640
1649
616
4632
50
1877
1950
5031
7143
4929
4424
2749
3535
2531
5417
1559
1670
3749
3313
5881
1914
6576
6620
560
6988
2712
6485
593
2977
5691
4280
6875
4197
5236
1321
3009
7018
2760
6893
4237
5111
260
5644
239
2288
542
3959
6049
5551
4910
5727
1524
5782
2935
3683
6245
7122
3438
538
5351
1926
1483
734
5419
3141
4622
6702
5461
3807
1940
7044
2138
5971
4429
3319
1876
3881
5255
2980
1384
3884
4203
4066
461
4779
2693
210
6200
952
6152
3237
1
7204
5311
2898
4800
4079
1972
5944
1927
5357
7211
912
6555
5953
474
6455
7389
5817
4446
1923
6686
69
827
5400
3006
5259
5862
4168
3180
2591
7220
1870
4219
700
5112
1040
5185
2117
1498
1839
5392
5908
6350
3947
626
2200
6712
7274
4509
5085
2907
110
6972
7253
2470
1726
5427
1517
3071
2078
7191
5143
3308
3293
2699
1469
2783
1906
6430
3344
2252
5652
5630
2702
5961
4263
927
1205
2844
3708
4908
2932
102
1159
290
1056
864
5098
380
6851
5725
103
577
5841
2515
1192
7346
900
6306
4930
5540
3355
3921
4469
5210
1871
1863
2519
2551
3500
3005
5980
840
1265
3426
3508
3266
448
7318
1536
3637
3392
2774
1691
835
2007
6454
5385
3865
1574
3916
379
1904
1525
3055
4075
1058
4736
2778
1583
6605
5105
2358
6277
5192
5367
5987
2046
3753
7176
7082
35
4754
3603
7390
3295
1558
2717
2957
6059
3943
3685
1078
6638
5939
7185
2840
2240
4255
5328
5545
3794
6472
7145
1457
1136
1217
6596
3962
1286
3225
6581
106
4809
5580
4840
211
2893
5656
2368
4341
2169
6589
786
7297
4634
2685
844
2034
7474
26
4224
901
7367
3721
1197
6209
4274
5123
2259
2595
2535
72
3094
3750
3435
454
253
5387
6375
2411
3328
6465
3752
4899
6318
5287
6250
6434
818
1141
5011
3844
4005
2122
3905
5008
6081
1014
6585
1742
4096
5393
6122
493
431
7264
4687
2744
3772
4376
6108
823
6592
4084
6449
402
3644
6645
3645
5103
302
1745
5363
4436
70
6599
2130
523
4011
2102
7074
192
7433
2299
1254
2688
6634
5389
4343
1230
1101
286
3396
114
4949
7171
3929
4898
5006
6954
4340
2707
7439
4473
3805
39
5994
848
7092
1492
3739
1401
2846
241
7427
2493
5581
488
1049
3346
993
5864
3730
4448
3662
6767
819
6629
3501
7386
937
2227
6531
6129
3264
850
2444
4250
3593
7158
6884
3913
2071
408
875
1202
3358
6226
6265
6855
2571
3829
2681
1150
4721
5943
6722
601
3512
4802
87
179
7440
6166
2572
4222
5670
2228
3699
5257
4556
4137
4763
6709
6038
5059
2473
2072
1652
7221
5343
2030
3787
2859
5490
599
7157
1495
3717
1700
6817
4311
1762
1570
2054
5562
5744
3390
5277
2150
2380
1594
5655
1512
1858
1992
625
5614
3778
150
205
5039
1423
334
3197
1562
6940
2975
4960
343
3257
2933
6534
5174
6572
2987
3329
3553
1064
1493
6179
769
6680
3728
5450
1685
5659
531
5751
3799
3972
4976
2598
2345
3617
1648
450
519
1369
5586
1012
6606
7262
1761
1411
5421
2940
1098
1810
4499
418
6803
3836
299
7188
2312
4114
3496
2924
2949
3381
1582
1639
4660
3823
6333
3756
2070
3200
6216
2171
2833
3177
5760
2231
3874
2214
475
7486
1263
3226
1273
6895
373
574
4093
5180
2642
7461
4439
5804
2579
6336
2580
7296
4883
1780
6061
7148
1016
6981
2883
4323
6993
4762
750
2327
1243
7369
6625
1026
1218
4702
48
7160
845
4508
5993
2480
5200
5109
1471
647
3159
709
2832
2995
2651
3559
3852
1297
6401
3838
6648
1885
1881
2623
4790
956
3320
4670
1245
4140
5662
1854
2445
669
5065
1301
5534
5627
6480
7192
4724
5717
1522
788
6527
6134
1393
4357
1313
1363
526
3941
1788
4395
6356
3954
7298
6982
6751
2108
7310
917
4900
3256
3462
1907
7425
3719
2518
3806
6051
5457
732
3146
4368
5769
3275
4888
6466
2297
7117
6194
612
6562
1412
5998
1227
3307
5394
4586
3398
6052
6609
881
6902
2158
508
5876
6407
7233
3518
2111
2256
4653
2168
1938
522
994
6726
558
3651
2439
3736
5797
893
5062
4595
1376
3472
68
5208
1315
4793
1909
6066
3997
4938
3244
6959
2311
2796
4487
6894
3359
4020
1931
3539
5338
4111
7235
3490
5895
1620
4832
2524
566
4808
3771
1922
981
4022
6558
2091
5755
2032
1215
5826
2145
4106
1695
903
5787
4537
934
1949
5671
7364
4362
1586
5773
2082
2441
1100
6168
464
7360
2961
4856
1702
3659
753
2076
7322
2180
6376
2527
2371
2602
1122
4409
3893
6909
1733
3803
2233
1974
5820
2278
3065
5634
2823
2856
5821
5682
2019
1165
197
2191
866
6946
2494
1505
713
1990
6941
2631
5107
482
5702
2383
6405
6580
831
4029
6986
60
1348
731
4758
4667
6714
3240
5254
3963
4128
1010
1071
5934
6961
4164
6039
1160
1298
4813
1737
1730
5913
3909
6178
184
3652
4133
1658
6252
5142
4887
6877
3745
4109
8
2217
3998
960
7336
1365
792
7075
2786
3780
4105
2188
5045
3294
2708
2221
6536
5516
1438
3176
6058
1643
4557
3956
7416
2517
5188
5430
7173
5946
3957
5985
7354
4275
6095
1932
4575
4975
2849
1578
1110
1589
4117
5827
6067
2911
4369
830
2109
5092
6579
320
3671
970
2466
6254
7324
4407
7460
7337
1943
2270
1615
4625
6835
6016
6575
642
5935
6177
513
6082
5865
5937
813
6442
4610
7263
7216
2724
745
1487
172
4693
7166
1777
5083
3660
480
486
7217
2704
2629
2316
3841
2734
4817
6903
5460
4505
7040
663
2578
2496
6861
1169
6964
6644
6114
6411
2462
3436
3924
5770
4612
5068
7004
1539
4463
1965
2487
6737
1708
5718
904
5538
2043
1729
7287
5914
3534
5521
1319
4400
3051
6427
4596
5792
6693
6778
655
3187
3587
999
2929
3403
4265
7022
6432
980
2915
5661
6047
4871
4628
3304
1769
1417
6312
2620
6912
6069
3703
1467
7370
5745
3754
6451
4712
5270
6730
7071
5608
6976
5087
6574
4380
978
1632
1944
3173
2945
2802
2367
6150
921
546
2023
7147
5012
7110
2653
6006
2053
4316
3441
6431
1738
317
1892
1541
7445
5413
2420
3609
4460
6929
4650
755
2275
5326
1627
6386
4475
1970
6137
1173
1074
5733
3740
4426
571
2181
449
5196
2087
6003
6045
5269
4520
4980
6769
2476
3482
4095
6135
1579
3263
1311
7258
3375
5983
2484
3982
7407
1590
3038
7155
1468
2
2160
3223
6822
6323
502
2321
4089
4830
6236
4415
4968
3222
3429
96
4986
5156
3677
121
4950
2513
1867
1546
703
2773
7396
3827
5158
6278
2837
7170
91
1175
2533
7472
1897
3138
3955
1784
3515
5073
4727
6588
6958
5822
1545
6690
4787
4942
158
7311
6543
3480
6197
6841
3623
4130
2307
2818
1458
6004
2465
2991
2298
7303
615
2103
6303
6578
2357
1172
1223
4285
3035
6001
2131
5680
3879
2189
2185
3277
2302
5431
208
6583
1888
4962
3547
1207
5819
3421
5187
3622
7421
3802
7098
3951
4751
3056
5747
4361
7323
4590
6410
7480
5665
6450
7042
6324
5859
3843
6800
1952
3433
7266
890
5264
5475
4256
6106
6471
5696
2027
4410
3529
6300
3415
4811
4570
6420
7393
809
1068
3965
2545
634
6631
6734
2992
1132
6611
3716
4206
2677
3297
5169
6415
326
4643
4054
5474
3600
785
2503
7451
5956
4445
7154
1794
961
4642
5222
892
1445
6257
6508
1434
2018
4174
5574
5485
200
307
7120
5808
451
5144
1017
6464
1403
4863
3638
4870
2672
7246
2277
4864
1308
1703
5710
628
2793
4781
648
4249
5426
3506
5759
6777
7056
1830
7106
2643
2216
5753
5014
6749
2206
7275
2956
3034
832
6868
4501
1971
5327
1240
4943
4999
6308
2223
2614
3271
4915
2718
5451
1983
421
5505
862
1987
5888
4755
2799
3282
2139
266
2151
4282
6623
2014
5199
4720
6939
5316
2106
5055
5922
964
2983
4526
826
5058
4208
5416
7404
5493
6995
4783
3190
396
2310
1310
2761
6539
7357
1766
1753
2192
528
1340
3983
1435
918
5730
6238
5539
3022
1198
5731
2781
6037
2059
5341
6013
5304
4607
3485
6225
4661
3585
2884
1678
4578
340
4542
5639
403
2265
5999
3635
4478
2556
6593
2716
1409
4411
516
3643
5076
6230
3757
15
1945
1711
503
6524
1248
6525
4086
1937
6384
1618
7394
319
5398
4551
6915
3498
7156
5873
4859
1816
2570
1848
1879
6716
4522
4855
447
7212
3340
6111
4730
2679
6729
415
1832
1478
4675
3341
7483
4987
770
7314
4146
1034
3251
4459
1033
5146
6498
7103
3876
2453
6331
1371
5486
6820
37
5818
837
6463
3952
5022
7244
592
4964
3481
1601
5786
4569
1984
5317
6829
329
5577
4849
2426
4403
6025
4897
2340
3023
4503
1736
6739
6017
6002
4348
871
2388
1285
860
909
7467
4486
2010
3404
7237
5637
2146
3748
3133
2092
331
6246
5974
6007
953
2800
2235
4903
1664
6813
6911
2831
5234
6538
452
4517
3949
6249
1728
5307
5007
430
1021
733
3466
1934
1258
75
751
6422
5738
227
5488
4454
328
1675
3725
3650
5896
3532
3236
765
4045
390
1282
4543
1770
6914
3210
5694
1735
6771
132
5795
7281
2211
2455
1903
6752
5707
2967
3345
504
5906
7479
6383
4579
1712
1818
2834
3020
5597
3317
5042
6396
7037
4039
209
1834
907
1862
3276
7195
2257
3961
5130
6256
3574
2863
5613
2342
4182
3394
4926
2508
6776
1190
4189
3632
2099
971
557
1749
3733
5322
4043
996
1705
10
183
865
4310
636
429
3048
7355
6700
3326
1322
4422
169
2838
3724
6711
5166
2467
2540
3571
153
4332
1537
6852
1686
6121
478
5979
6630
3767
1366
6928
6969
4857
1666
834
2212
5455
5855
2454
2280
2063
578
3476
2425
3452
6723
3729
7
7132
3218
4631
5856
7089
6282
1479
6898
5139
5380
1819
5541
7097
6622
1655
2959
2550
5339
5592
2094
2459
2001
5318
3095
6489
3272
5286
3031
6089
1701
2148
3148
1913
4173
739
2590
2569
4165
5168
3446
2695
6882
5284
4624
1018
771
5762
1778
5548
4319
1336
3232
873
2423
4838
7086
895
4654
6510
682
3253
1220
6397
6189
763
4547
4605
3855
3145
7302
4163
2399
2971
2958
6084
315
3199
2721
3451
2279
1289
2074
3061
7224
465
1580
2913
3669
5010
3521
632
6126
812
2941
485
1386
3050
5713
7226
4797
6926
7482
2895
5355
4801
1866
3907
3243
369
56
3658
916
1387
6624
4374
6389
2661
6091
180
2628
4220
314
2891
5401
5151
4134
6529
6546
3412
5441
3985
6973
6869
1135
1364
1642
4890
7348
3970
6652
556
7251
4155
683
2058
3743
1556
3562
7485
7214
5136
2788
6945
2709
2372
5554
4012
4879
5212
5567
5612
7096
3790
5386
5300
6789
6144
2274
1181
3459
710
392
1531
2290
1942
4966
524
1831
5578
5832
2322
6146
4270
3242
4416
790
3488
7301
7255
4698
6366
5903
324
5347
4245
7300
113
5579
3284
1024
855
5774
3933
4645
4835
2862
1075
5482
2201
6153
4062
6651
6412
1019
532
2684
1448
1429
2868
6379
7085
6378
2365
2389
6174
283
5585
1391
5019
4665
5964
3378
5982
1229
6387
6307
7330
1129
6515
4552
261
4335
6149
4971
1255
1037
5281
4345
84
1361
6020
4277
3160
2553
6339
4806
5984
1507
1516
5134
5941
3332
386
1488
4803
2861
2520
3052
2261
5890
4922
2772
2560
1979
5315
564
1338
7011
3513
2690
4239
3768
3732
6295
4048
3084
6533
5566
6754
4602
2136
3883
6244
5736
4191
899
2836
6360
4169
1370
2809
943
292
6342
2172
7278
7005
5434
4413
2190
5104
2942
1725
3759
6997
5273
5824
6880
4384
2501
3106
4592
4216
3551
4780
3800
2306
4251
301
185
7177
6828
3509
618
4320
5364
2814
1792
5558
6559
3126
3278
2497
3418
4290
6507
4427
3322
1929
5701
5464
2112
7431
5115
4512
3630
2700
2588
3584
2866
220
4103
6842
973
1597
3105
624
6500
416
89
4115
5408
2177
1127
5525
5409
4839
5524
1139
1671
2193
3321
293
3763
6120
5557
352
5721
2338
5549
688
5872
6227
5203
3577
3891
2041
2179
2779
4633
6284
442
6169
2015
376
1489
6922
3978
6797
5697
6676
1314
5213
4451
6783
4081
547
1439
7443
2842
1378
1568
3871
512
7420
5601
3134
3583
2806
6204
5633
5909
3374
4601
3067
1028
5388
5867
3693
5625
4567
7028
7359
2000
5866
6594
5121
2404
4972
4110
2916
6799
5072
378
811
3785
955
3872
3906
989
2460
5261
5348
5064
3544
6755
1196
2747
1103
902
5383
1508
2659
5609
2390
5781
1718
3377
2386
3974
1144
3032
3194
6076
1783
4457
2428
2432
4639
2149
5178
4580
6719
2769
2060
4528
259
5446
428
3546
3979
5802
3076
2300
2593
5972
1425
4213
3018
6293
4682
7484
63
5926
6217
931
5700
6488
5599
6632
5552
2121
1751
2143
1741
199
842
6904
3939
1561
7218
4865
3966
2914
5570
3917
1355
6473
304
163
6142
2133
5258
5936
6208
4536
2637
870
2803
1796
3526
817
5678
1500
207
5211
7282
467
749
6885
1312
2313
4945
1840
748
2364
4021
3096
5308
2901
4563
3027
3567
804
2691
3851
3157
677
347
1204
3764
5285
3217
1156
4711
4820
7317
7385
5321
4477
6548
5444
62
5529
1307
5790
2355
6921
7428
1089
5695
6587
4145
4753
5743
6446
6271
6814
6074
614
1007
4412
453
194
2037
5809
6607
651
6201
7458
4524
3362
4861
5003
2853
2906
6395
630
3741
5976
6679
2583
2647
230
7256
166
5563
2474
1278
6302
5170
868
1097
6853
3595
511
4766
5576
7277
1266
4862
5610
7387
6696
5568
4816
5381
5947
5091
4049
2447
4807
741
5047
5415
6368
5708
5869
5420
2923
420
3812
6469
1372
3971
159
3522
4353
1779
1698
6541
45
3895
4035
7423
2486
5530
5403
6164
5376
4440
3602
2609
5037
4785
5094
3368
4396
5232
2326
1167
2763
5468
7099
7051
7265
3103
1651
218
5133
1600
4002
2086
404
5466
575
2944
3166
5663
7450
1267
1228
3810
3124
774
6176
5917
4428
7164
3475
67
1194
5861
6881
5502
2757
4393
6085
1216
1719
2737
316
1650
6346
5674
5126
93
4243
4248
1264
4269
2654
31
1031
7279
5215
6874
637
6514
2543
2815
3387
6675
1717
2096
2830
2811
2925
2449
5992
5432
4588
3737
1009
7036
6380
6224
2045
6694
908
4152
1032
5247
4985
4268
5331
3690
7163
5314
353
1527
4267
216
5319
55
4232
1898
7161
5159
4955
968
4532
2633
6193
3098
5410
1567
417
2469
6170
1836
6770
2405
2511
4099
3626
649
7459
3127
6062
6550
5023
3268
1781
1514
280
6258
5074
5510
4750
872
5765
5704
5686
3137
7332
6545
6766
2529
1252
1899
1090
6447
4142
2922
5631
3086
2234
2563
573
5373
459
424
1137
1112
2237
6627
1921
5325
5870
3575
5949
2236
5542
7027
356
2478
2378
129
1767
2657
6511
5550
933
1989
6348
2725
4199
4184
941
7009
6886
3991
2871
2203
6717
791
6042
759
1114
232
2750
152
584
992
3420
2116
6697
652
6311
7180
2694
4496
6131
7182
863
2576
3072
6692
7140
7066
6298
1673
1727
3260
3744
5390
5449
4680
6503
1000
4767
6297
3269
4331
7232
3967
187
4756
5305
2900
385
3150
6096
3391
894
2475
97
5120
5729
1473
6402
719
2841
203
572
5904
279
6930
3868
3039
5224
2870
3419
2433
4696
1349
3477
4527
4230
6299
1902
4559
5147
4358
2332
6831
1083
501
7118
4125
3894
338
5032
44
5517
1905
2375
3254
5843
4425
3986
7101
2566
1152
6444
3219
2921
3281
7076
3350
4907
3934
4895
4307
5478
151
1644
6373
7242
4623
7448
3334
6172
1679
7291
7402
6522
4939
3576
4822
6900
775
6165
4359
6288
990
570
175
3171
7341
4083
5052
498
2616
2247
3454
5268
2463
7319
670
3776
4467
6672
6682
4686
3822
3092
1571
6219
2249
4738
6553
2369
7207
4560
5997
4007
935
704
5619
1957
189
5371
4031
3655
965
6338
5181
235
2909
5828
1023
1529
6854
1900
3928
5154
1246
4874
6846
5720
6744
7060
4326
6934
5647
6639
5995
1158
3711
701
6148
3882
5422
6259
3389
2979
4963
3564
3300
536
4924
6163
3258
4080
2937
4641
7152
7093
2038
3040
7073
3698
2668
1237
1823
2154
3751
3936
6616
2973
2516
2182
5291
2526
5249
4778
6774
4739
1623
135
3044
7267
6681
147
2775
2040
3697
2128
2851
6220
7080
958
1249
271
7373
6570
1754
6175
7432
4017
7476
3413
3548
1251
2456
1919
2124
4402
6991
6381
484
4732
661
2320
5962
1826
4886
2242
6080
2952
4735
2546
6234
3083
6963
4990
3628
4149
6116
1485
325
1060
967
6906
422
856
2703
3342
1360
5141
1296
6181
4752
4718
1968
5723
1418
2865
457
265
36
4998
6452
2710
6187
3904
483
3494
7108
5878
1912
2022
1799
2671
268
1551
2325
3830
6183
1755
1470
5313
2534
6326
2640
686
5883
1011
3449
879
3473
1117
273
4235
2926
3175
6419
6304
3155
667
4434
2174
80
3665
4867
2085
193
3702
2443
3120
7181
6896
5705
6494
2667
7050
5848
3147
7478
3557
4689
5029
4979
1335
2187
3710
3519
4531
4734
535
7457
5302
697
104
1067
2250
5503
3017
1509
2627
5079
617
1415
7413
4336
4378
3029
1918
1388
2600
5132
3367
1925
1596
5228
6746
490
6145
1295
2208
377
361
5218
5991
1533
395
2095
5615
1882
155
3849
7471
3552
5945
708
1477
1572
5519
3910
2197
3700
6205
3788
1837
3351
4815
1134
3325
6198
3555
4156
5712
3915
1981
6325
3456
4119
6635
659
4034
922
6141
2743
2176
6439
3946
6666
1316
3026
86
7094
5767
7286
627
5927
64
6968
3604
1953
54
3598
2701
4228
3964
4564
196
3280
1872
154
4725
6476
2226
689
517
3088
4836
13
4775
878
6917
5587
995
4141
2904
479
4042
5346
6983
6103
3597
2210
6286
5362
5356
3432
2269
4129
5344
2928
5293
974
4608
6703
3234
4957
5588
6918
5611
1138
3908
2339
3742
1657
3203
6467
4019
5340
4490
7412
2051
843
4047
3922
6916
1057
6996
5066
4159
4868
7383
6232
3310
6763
7026
1379
5230
3151
7020
364
3887
737
5520
2739
1474
327
2370
6516
12
5919
3385
4893
7400
7006
3686
5925
202
4279
6309
1087
6677
4367
3192
137
6117
2755
3115
3596
1890
2424
2675
874
2981
5606
3537
789
5642
3817
2029
5924
2020
5020
2081
6456
355
2510
752
6656
3875
2683
2554
5242
621
3666
723
7223
1236
576
7225
2767
3612
2722
2409
6557
6931
6314
51
1689
7049
4464
6825
29
5779
2848
2555
42
3406
233
814
6614
4621
810
1999
1271
5163
7469
1219
5046
545
6598
3818
2705
7134
7350
2272
1532
4958
4148
6072
6335
6837
4768
1416
2490
6115
4167
4015
7213
2120
7401
2857
6417
2483
5265
1463
5240
3208
3896
5754
2098
2451
6399
2268
5406
515
1917
4408
3691
5395
4973
4253
6054
6889
191
698
5690
2764
7273
6787
5081
244
2729
4356
4810
3870
5469
5191
5887
1052
7271
2253
7326
5278
5167
1789
1232
4961
7349
3731
52
6437
4710
3447
4707
2828
146
518
3712
2714
1239
6024
1959
7129
4918
6905
4912
3857
5591
5775
5689
4312
4480
495
5528
4892
6094
6971
7329
1538
7294
3646
5989
608
2966
2416
600
3270
4983
2115
6021
4104
2017
7054
587
7240
4941
372
2502
4659
4568
3073
375
5491
4860
2542
7340
5863
4549
3649
2662
4673
4982
4574
83
2448
6329
6365
3687
2350
877
3227
5119
4363
4485
7115
2740
6695
7285
5533
829
1437
4190
4294
5282
3981
144
46
3864
1055
5489
4144
7135
7043
5798
3408
4192
5793
1963
2119
1916
3573
1356
629
7455
1998
1427
5016
1954
1225
4635
2005
5231
1928
2343
1015
5920
2381
4317
393
6772
6433
4135
3330
5219
3890
30
4791
5077
6421
1846
6460
6948
6604
942
1748
3068
4826
7358
3354
142
1454
3569
1661
4065
3089
5018
7261
2276
4933
4655
20
5452
494
7424
1394
4183
6671
6834
5739
6310
4701
5425
3230
131
4743
3746
6980
4663
2650
1142
2413
6603
4302
1029
1782
7379
638
6733
6521
4180
3782
2414
679
2353
4921
5569
5235
4308
782
4303
5465
4984
4726
1126
2641
3460
1520
5921
1115
2801
1933
561
6857
3616
4697
6322
1094
4102
4759
959
4827
1857
533
6741
5889
6556
339
1120
5834
6621
3601
4296
5279
4271
7205
2047
727
4760
2377
1318
4238
4744
1747
6569
1294
824
5476
5693
6031
2634
7283
6554
2528
2304
6784
3245
5090
1688
4388
3886
3561
3992
633
4875
2589
2964
3442
5660
5891
6883
2050
4037
1342
3181
6075
4338
2243
2144
611
7149
2638
3773
1177
5366
1853
6678
1811
2858
6586
387
1185
595
3004
4046
4546
6404
1993
362
6801
2530
7038
4453
6186
7442
1133
1039
3689
3057
5556
6761
1734
4139
6720
6806
1288
1317
2382
1760
4226
6125
7269
3129
4829
5901
1915
3684
3339
1550
3709
407
6667
1065
3121
1804
6281
4854
2875
1328
455
3458
3779
7048
2232
43
1684
880
2417
1544
4716
3858
6640
4530
1436
3925
1549
5044
6935
3327
5780
2137
4656
6832
776
1208
6567
5825
6195
3338
5280
4993
2033
1951
4970
1005
78
2532
3428
6920
4788
3265
4375
6859
3315
4044
4032
3008
7007
6119
6260
1051
2790
6670
3850
7175
4953
2418
6721
2644
5405
4919
6966
6477
2785
3357
1682
3531
439
3618
1936
3235
1515
6363
1575
4077
1576
4581
6989
65
359
1146
7197
3491
5772
1380
2126
6704
1362
5955
3464
1283
136
1967
6040
229
3932
783
3566
6942
1123
2230
3248
5507
1969
2446
1180
3021
397
2065
5573
6819
3769
2147
345
5531
5933
6011
2742
1815
1806
3837
7104
5932
4207
4500
3213
6109
6792
6601
4351
7374
2780
1206
3479
1345
4132
445
5886
1241
622
4051
1259
1359
7342
1426
5368
1176
2872
7409
34
6241
6790
896
1121
987
2356
4281
3672
3440
2410
2395
5732
425
552
5140
4668
1013
2880
7405
7035
