6738
4050
2733
635
3142
3195
2649
4934
5923
1793
5205
4072
7029
1455
1491
1820
4003
1038
793
2509
5471
9
3090
7199
3470
4947
2804
3063
2791
3793
3283
2822
1201
3250
4814
721
1145
3869
4846
2748
5632
4837
4201
7194
1233
2239
4843
6526
6070
530
4247
541
4112
4629
5472
914
5698
2670
2817
3220
5267
560
4779
3753
363
472
3695
1876
5372
2774
3947
660
2259
19
38
1254
3396
5496
6009
2625
6737
6693
5773
7425
4505
2933
6730
1949
6324
1685
3379
1632
3462
6609
1620
599
3177
2091
7369
7407
4542
3493
6091
2257
6868
1387
6926
2834
4206
3476
2746
5474
4374
5222
1132
5007
7404
6734
3048
5212
5381
4860
6299
1751
5790
5191
4414
5647
863
5601
4031
6271
7282
5926
7330
6172
2576
144
7094
4807
3950
3531
4555
1005
4207
7405
4238
2790
407
2634
6186
5933
5684
5660
1380
3357
5465
1359
4271
1120
3673
1554
1069
2412
6811
4977
4646
4842
3001
7100
1358
4594
1829
2950
3563
1637
4421
4617
6617
5027
2607
887
401
1722
5931
5771
4774
1665
1109
2173
5462
7002
6858
6707
891
2097
6970
6561
7414
6826
6203
4658
4468
5028
2244
3631
4583
4770
5429
1803
7032
1975
7014
4649
849
99
6662
2962
5095
5726
4630
4932
306
5638
5030
4014
346
5749
5757
726
5335
3795
5837
6242
1001
7133
5001
6843
1786
4471
5150
3388
668
2238
6065
4548
2315
4200
5617
5711
6032
1525
6686
2535
6887
2285
2946
26
2682
786
3426
1613
5367
4678
1222
2130
7206
2765
6313
5875
5185
2693
2557
1966
846
3141
47
6375
3968
5953
6800
3663
3035
408
450
6333
2631
4557
1658
449
87
848
5865
6312
6817
5983
373
1931
6690
4650
6580
1854
1769
3609
3941
3593
4508
4285
2571
4762
6189
834
1834
3760
1308
2643
6973
6752
4987
1371
5818
5707
871
4579
826
7237
6089
1937
1580
1364
6396
5966
5151
2761
5386
4282
7281
2322
5398
2094
2750
3413
4601
6435
4734
1394
1928
6980
5464
5315
2226
6219
6494
2555
1782
5319
2409
3904
7273
3192
3822
6181
5779
3073
6635
4125
5480
5866
3115
7180
5531
1318
359
1328
3769
4953
3265
6989
1051
1065
595
1123
4581
6109
4077
3458
5650
7283
6920
6554
3460
7149
425
5932
987
1811
4719
6942
3129
1342
1168
4272
5445
5070
805
4573
4789
5515
4060
6809
1006
5145
6101
6044
3897
322
5337
664
1842
6998
6274
7228
3465
7209
563
1757
4116
1331
2896
7325
3231
4176
3463
3047
2166
1548
6090
2488
5009
4737
2329
6296
1293
1602
3395
3811
7437
332
33
109
4769
7292
7015
6453
5374
5940
6351
681
6445
5703
3444
4455
1612
6549
3393
5227
1043
1070
2267
6332
2464
274
3636
236
4447
7201
1776
6497
2393
4449
7222
6591
5225
4965
1027
7290
5036
6653
3309
1042
5125
2984
2209
4373
7081
6330
5553
2384
5397
2013
6802
4108
2421
3774
4794
761
6416
3735
1714
7391
5194
2064
5778
4495
3471
5714
2129
7260
1955
2536
5840
2199
3186
4618
105
3132
4122
4283
5294
3867
3594
4236
4599
6873
6628
5868
7062
1153
1519
4181
3877
2873
3504
948
6207
4995
3131
7398
5564
1389
2438
6849
3528
7196
5442
3497
2328
1124
7422
3002
237
6222
5128
1625
1920
242
2506
2756
2954
2624
3167
6340
1595
5040
7183
6780
2947
4212
6064
2376
3100
73
1878
3172
5309
768
4731
3261
2597
6068
4476
3560
2860
6657
2713
3118
4844
2114
3122
7392
7475
3572
4349
597
744
4582
3980
3705
3046
5197
3010
736
5097
3323
40
658
4278
6143
4221
5050
190
3900
738
3468
4479
1324
3681
2738
2224
5527
3062
1022
3489
888
1656
2222
4033
111
1851
7464
5436
6600
4227
5206
1699
5113
6967
510
816
1996
966
7361
6937
3450
4708
4466
2630
5602
641
4420
5071
4172
2134
2903
5621
3510
1621
4435
3619
915
4177
836
3540
7065
6043
4126
5688
760
188
2387
4355
5522
2056
4561
3380
1864
1555
6056
336
3161
2994
594
3777
6775
6836
4067
1893
1873
5620
1908
134
2687
4171
4382
1833
2565
414
1193
66
7167
5741
168
1163
5981
7229
4092
5106
3653
5101
4913
972
3538
702
1456
3938
1199
1707
5283
4073
6613
2723
4392
3987
3889
2049
549
7113
4852
1443
213
6100
7259
4027
5220
746
6357
1247
1956
5088
5789
4291
926
3880
59
784
3642
7284
433
4593
5013
4360
7151
3037
226
5233
5164
4773
1865
1008
5616
5854
469
2798
4391
3507
4483
1827
1814
565
6785
2080
950
5776
7025
5692
6158
5546
5038
1281
5303
5511
2782
4266
5532
1096
3402
1593
1327
954
3993
1511
3614
6641
267
7144
1084
4175
7168
4784
2385
3926
1499
3942
3361
551
1213
217
6418
5748
1585
833
5361
6691
419
7268
6647
1398
3216
3028
4597
6495
6708
6425
1518
5253
6509
3191
806
6305
6352
5354
4304
1530
123
2195
3279
2427
4204
6584
7023
5124
5929
3995
2521
539
1743
3676
886
923
2057
2547
7184
269
6237
5290
5593
3091
5470
368
7418
6301
7172
2867
6486
1257
4127
1638
3761
3505
2920
7083
1475
4158
6196
7388
3639
1155
6369
2514
7131
6838
5699
5414
3024
852
514
3798
3641
7031
4640
646
6573
756
3580
4609
7313
2354
2674
6188
4777
1978
1687
5360
6264
3589
85
3366
6810
6727
5358
4443
4482
2845
2927
4706
7090
815
2910
520
2021
2678
6390
1856
3588
3911
2726
125
4474
1704
4383
2768
5761
982
705
1838
3918
1107
4186
1076
2599
5080
4974
311
4284
5149
4996
4481
1451
1490
6029
313
4981
4877
2422
7257
882
2812
6689
7208
5295
3102
6161
473
4185
7159
7453
2219
497
798
1543
3064
6765
6658
58
4717
795
4094
312
1756
1674
3605
3828
1592
5629
2829
711
276
4620
1353
4798
6159
2062
5618
1188
2361
2255
580
74
3003
5241
3688
4377
7321
4394
3117
6743
728
7368
6213
5912
4087
2805
6518
1092
2323
3581
1073
4994
6949
4225
5061
6436
2689
4952
609
148
1405
5382
3153
1845
1653
3899
569
3678
5537
2031
7345
1082
5676
3371
6190
371
6086
5874
5640
6428
3976
1428
6839
5438
5359
1977
4584
4292
3839
4565
1275
5654
6528
6788
5248
7454
6349
2982
3069
6026
6130
1841
1171
2284
6087
3416
5894
14
7128
2919
5332
2988
825
2876
7102
2990
5916
6362
5458
2658
7064
1396
2287
365
5479
3259
6035
6565
4154
6936
6263
4637
2969
7449
1377
7315
1407
177
1464
4305
1277
7072
939
5454
4432
1809
335
3007
4494
2472
3775
2918
6715
1072
1085
1305
2752
7444
1292
1260
5850
4071
5033
7058
6372
2850
6337
605
4492
3726
6280
250
6392
3101
6157
2482
4992
1077
4070
5766
4869
3411
4162
4688
4088
2953
492
1486
5603
2164
3960
1534
5054
2499
4431
1997
4365
1677
6750
1721
7137
143
1187
6938
5498
1732
6891
2419
6537
4681
6745
3783
3364
7126
3164
5102
4954
3525
5853
4244
173
5899
5788
5518
2622
1080
4906
5653
6499
2314
2241
6364
2401
3060
1528
6844
3714
6821
2592
2564
610
6211
2577
2605
5852
6560
4611
883
5651
1269
6823
998
1191
6266
348
6807
6279
2787
6845
2333
2758
3246
398
1061
32
7308
7456
3303
4572
3624
2292
463
1480
6321
779
5089
3000
4519
2152
6781
3238
2864
991
4143
6816
119
4090
1268
1054
4041
2612
1859
1419
3517
5260
716
2525
2157
1680
3542
7012
5950
1641
4438
2878
3944
1535
7127
6057
1667
2931
1143
2008
3206
3940
2835
391
5298
1716
4948
4685
3306
3437
3114
350
1647
1449
7309
6847
3682
5857
6370
6403
7377
2955
4370
7169
252
2792
4078
5034
95
2436
1668
6253
2635
675
1663
3299
423
6429
3648
1887
1901
4288
5463
3170
876
3184
3179
4121
6385
5243
6812
4740
1195
1244
2665
3414
640
720
456
4694
4153
2202
3410
773
4671
5590
4545
2394
4905
6214
4828
2012
619
4497
3011
1113
2706
4452
7419
4074
2186
1501
1629
2066
6315
7270
7254
7434
6136
178
3135
5523
309
6924
124
2305
1817
2652
1852
7334
318
5153
2440
2055
6876
4491
3930
2890
5823
6568
1874
6138
6341
1982
1553
3113
1599
4677
6523
411
3704
2766
7010
2938
2374
5179
2101
3999
1564
1088
2044
7410
3012
6228
2283
3516
3445
7017
665
5626
1422
5384
2852
2125
1713
344
3670
6353
5459
5978
5108
4309
3556
2397
3228
7339
351
6879
6124
7021
310
6180
3043
897
6782
6618
2855
6724
4533
4295
2669
1344
1523
527
1660
1557
5418
5735
7063
6060
7193
2461
4068
438
2006
5407
3149
853
7331
944
4231
2596
3107
5256
3931
489
3376
4946
3241
1911
1276
6994
2606
2262
342
195
6113
4544
6053
1306
3221
606
4591
5575
1047
4401
6870
7381
6221
6947
5428
6012
2331
6950
905
4214
4746
4387
5737
4327
6794
1884
6501
5189
2079
674
1962
2318
4562
7030
24
2132
2584
5830
6735
4812
2762
2263
1964
4260
3318
6048
5456
6740
1242
1883
471
3715
2575
4223
1002
1374
5683
2807
4603
4566
6850
2943
7447
3755
1715
214
6978
2415
1183
5175
25
6798
509
5740
1131
4458
4525
291
4956
6619
5334
6955
4418
262
4166
3214
5117
4252
4322
1573
2351
797
6504
5221
1825
7473
5911
2135
4782
1093
4488
3814
695
4616
5250
6547
1357
3196
2827
1200
7052
1591
2293
6231
1440
1326
6328
6327
5636
1441
6943
5443
3431
5276
1203
5915
4911
6663
6962
4507
399
4771
4538
243
6487
7111
186
6552
2068
3347
3568
3399
644
4674
5306
3
23
3054
5237
5116
3718
6683
5217
1209
4315
308
5607
2888
6014
3634
4881
2626
5453
3288
3668
2048
2826
3861
6760
6748
1332
3274
1635
5060
231
5800
5138
676
164
6753
1930
4914
2754
2993
2266
1855
6273
3239
2471
2727
3075
4841
1654
4417
6184
2696
4442
1186
2986
2960
4713
3099
6791
1406
5483
5623
707
6965
2656
4748
6956
6827
4937
6649
6999
3110
1616
5604
3209
889
3820
3625
7033
3078
4652
5799
4194
1850
1368
6391
3570
3273
7320
5635
1910
5509
696
263
468
6953
724
3914
389
1807
7307
120
4747
2719
1231
1681
5223
5842
2492
2500
6055
2161
6334
6669
3369
5186
295
249
4101
6888
6107
6923
2636
6015
1924
5768
4198
6871
5216
7353
3401
2581
284
2434
3530
3182
1622
7430
4600
6927
1303
5810
4765
5664
4120
6687
6443
712
2686
130
2745
2248
5595
821
4510
4211
7245
443
2567
5365
5811
4026
4405
3545
3994
5155
2491
3353
1805
7356
437
548
3499
6865
6566
2225
206
6833
1341
2346
2587
4456
2544
5508
613
6093
4931
6878
673
5005
859
5589
1262
1395
6747
366
2254
3549
6470
1542
5440
3154
5263
7362
6398
4967
645
2561
1004
780
2153
22
440
5272
1466
1563
2974
7067
1849
71
5244
5977
6371
98
6063
4157
1325
4151
381
2507
4098
1696
2908
928
3336
4257
7243
794
3543
2194
5758
4664
245
2882
7415
4259
3842
1030
256
1178
5093
5900
3863
94
4318
555
3108
4598
462
6684
4757
4024
6354
7376
766
1290
6506
251
4398
6706
7441
257
4004
234
2398
5209
3848
1081
3467
6361
6023
5860
409
529
5086
5122
1847
5262
6374
360
2088
6944
5379
5375
3469
7186
2917
4461
4728
3201
1157
3888
4988
4493
2334
7125
2349
6668
6908
277
5015
5333
6098
4585
5596
41
5114
6582
540
5990
4009
7200
1270
3629
7375
6867
2784
2067
5204
4008
5836
7406
4709
1226
1606
3111
583
1503
6041
2218
2751
5722
6563
6932
4795
1482
3425
857
4833
3902
4433
5910
6127
3249
4444
4786
3386
3331
4381
6492
1765
5492
2548
2504
5202
6701
717
1772
7107
6974
6457
986
2639
7215
1565
289
282
4324
5526
3289
6532
796
3188
2295
5053
764
4218
4539
5967
820
487
4821
1513
4834
4240
4254
2523
5274
2289
3343
1669
1003
4330
6595
7272
1724
6239
525
3305
5958
5783
2795
1066
6590
466
1148
4059
5495
1402
3013
7150
1309
3178
6099
7001
920
2301
4085
3723
3189
3474
5002
5424
5246
906
1797
802
847
5437
3140
1274
4498
3813
1828
3174
3365
1179
2142
2156
2165
3984
5195
4040
3834
1843
5942
754
2562
5512
4100
6764
4385
481
838
349
3423
4123
3383
7187
2258
3290
4553
5000
6913
1521
7465
2608
1452
7061
3025
7280
4691
4904
7306
579
4372
1763
258
5816
3590
285
3125
6275
7380
3815
678
6660
6414
7344
3582
4690
1333
2618
4729
3252
6957
6010
7366
5845
5996
596
225
2163
4161
7417
3866
7059
2604
5719
1821
5399
2011
7227
1800
2673
4036
1994
4069
3901
7041
884
4722
730
4390
4959
6990
924
5118
128
4589
1174
691
2996
6210
6779
1759
6899
2821
6182
6688
5353
76
4113
2260
4704
1502
5882
6659
4170
2167
6290
3727
3758
3860
1752
505
3927
2273
5902
165
1086
3627
3360
5784
4328
3291
5135
4695
839
2003
1628
5952
5805
2330
1692
3162
5345
5812
7435
841
3919
7231
2430
4745
7466
657
692
5681
5183
2363
1212
4234
6247
1617
3621
3937
7239
5043
5777
930
997
1431
2985
2036
5948
6079
3654
357
2229
4273
3112
1410
2084
4076
2359
4936
4339
1446
7179
7053
2771
1481
4669
3296
2336
4853
6901
3082
3554
3461
2170
7333
3045
5176
1868
2215
1891
1450
2869
1605
4723
2603
2348
300
586
2794
7114
6646
2075
6073
4337
2632
4819
1608
3079
6872
6458
2450
1346
6952
1062
671
3211
5807
4063
2999
6272
4299
3885
6167
5930
3657
1020
4276
2905
4406
81
2004
2024
2435
374
5201
5152
3049
17
620
5481
2586
182
6815
6154
3168
5484
2663
3845
7019
4935
6818
5728
3324
5668
1958
2912
4541
4262
3363
984
5172
2820
3853
6173
6863
337
1610
5666
4764
5555
2617
6551
3833
758
2666
7378
2077
303
1250
7136
434
5565
224
7411
1390
7477
5297
6705
3701
6400
4215
2025
4287
3792
5329
5238
5535
2874
521
2360
6199
5951
2442
0
1746
6608
4614
4866
1106
3825
4848
2089
2541
5137
460
3373
4741
3862
6637
936
4366
3503
406
3478
6597
1351
1320
3809
4969
822
1472
4489
2936
3873
1459
6474
4354
321
800
7124
3996
1334
1116
2660
3427
1465
6840
2083
3233
5296
1935
2894
3212
281
5349
4672
553
1633
5975
5648
932
5377
4772
585
432
3615
6633
3892
7288
7095
687
5814
1547
2825
4511
2118
1764
5099
5289
1147
6564
4472
3370
4344
4940
6479
254
4615
5245
112
3333
3169
5715
7068
3989
7142
5844
5396
3579
5839
4606
383
7046
6191
2711
7481
6475
1497
5378
5833
1961
4300
436
3224
969
2615
5957
7436
650
7438
6824
6438
4684
623
3407
1991
7079
7372
4233
496
988
5600
4030
2899
2457
2107
4514
2090
828
1300
4823
582
5160
7347
2362
715
6725
341
2697
3016
3348
3762
7105
6104
5433
382
5622
913
1960
6571
1771
4666
3397
4187
946
2264
198
4850
4025
4558
5404
1128
6097
3301
1693
2002
3158
4058
5561
2175
6027
1413
6459
5687
4692
4851
6805
1611
1424
1279
5504
2127
2887
4419
3066
6289
4878
3139
4502
4550
4997
7248
607
5801
4195
3694
762
684
5658
5021
4882
4761
1214
2271
305
2720
3801
5643
5559
201
4423
1397
4006
1442
5252
6728
7139
680
7338
3808
4847
126
799
6650
778
6517
5078
2730
1375
1125
7165
5473
3558
2184
176
1108
1812
6388
247
4242
2319
2246
7371
1045
1119
4715
3988
4118
6530
6484
5847
215
3165
6071
2344
5794
7382
1059
1774
222
767
2205
2347
2061
2207
3287
246
275
400
1238
6866
11
5584
1808
6793
4925
2431
2655
3640
5880
7384
6005
3524
5677
2505
5752
5499
3674
4872
2141
1104
3856
4845
714
568
3541
4484
298
1079
4873
5624
4917
5829
2366
3058
1646
5310
4516
323
4714
4325
3824
975
6757
4679
1280
3163
7408
5764
962
5177
2789
1408
1284
4000
5641
5513
7078
4450
2881
5988
6987
2777
2951
248
6319
6345
92
2732
2373
410
1510
5312
1973
2601
5301
6951
1149
5467
6424
2162
7305
6036
3486
507
4404
4703
2468
79
919
3854
5970
7047
5583
6786
427
367
3207
6018
6496
2303
7247
1875
4286
4364
2335
1367
1170
5025
1210
7057
5165
643
1343
567
6742
2028
1506
5412
6218
1739
808
3185
1791
5024
7013
653
869
742
1758
3578
3667
294
6267
6505
5161
6240
1461
6251
983
4038
6907
1835
3417
413
2296
2294
957
6105
1430
3606
5411
2392
4518
1775
5229
7069
1709
544
6019
4651
506
2664
4107
898
2539
240
4944
5423
3840
4909
1330
1790
3816
5035
2613
2854
6102
6233
7130
4951
2963
6664
7316
6347
5193
108
4831
5572
5709
6156
2282
6448
358
4923
2621
4379
6713
2069
5477
1824
412
3661
4824
925
1773
1662
370
4333
6262
2039
6413
167
6294
4061
57
1540
6674
1588
2997
5756
7121
122
5806
223
2552
21
537
5851
6848
6118
2110
5063
4876
7091
1421
3302
4437
1130
141
4131
7016
2978
3434
5646
4576
117
4705
2594
979
5657
6243
7452
3713
6092
693
1496
1099
7112
1560
7295
4647
2245
4160
3487
4749
5048
53
6139
7189
181
5938
3973
2976
140
6160
5056
4091
4261
7203
2485
6830
4513
5129
1886
7190
2093
5026
1420
781
3077
5986
212
3349
3316
6462
3835
4124
3372
3675
138
1476
28
7293
854
4521
7249
7008
3720
1889
7084
3080
1672
1697
2813
6078
976
116
1869
2715
7403
2220
4264
3990
7343
4001
4196
3053
6933
2839
6718
1385
3797
4023
3292
435
3878
3382
550
940
118
5057
61
3696
589
3036
127
4147
4989
1304
1813
2477
722
2808
977
4535
5190
6088
6077
3014
7162
4699
6229
6540
3903
2489
228
2458
3093
264
929
7234
2549
3656
2698
1626
6270
1690
6626
6655
2965
1095
867
2728
1731
6919
6512
7119
2196
5969
4289
949
6022
3912
602
6215
1302
1063
6910
5791
5323
1053
1154
803
7397
5184
3439
3081
559
6732
1609
772
5763
2286
2281
4306
4928
4799
5497
1111
1221
1287
7276
5813
3143
7077
6984
1140
7335
491
6483
3789
6513
1822
4056
718
6000
1224
2776
3314
270
2100
7202
2379
4523
3679
2140
5131
3193
5004
2479
4082
6992
725
6773
1041
4150
7123
4057
2396
5439
5330
3923
2042
6212
333
4796
885
2824
685
2352
3059
1802
3400
1706
1740
590
1566
672
4399
4258
4179
1299
3483
554
7252
1350
3819
3536
2889
3831
5320
4991
1462
161
1035
1211
1880
5846
2885
3766
1339
1645
6394
4465
6132
6291
4515
1894
757
5918
6856
4229
2816
3722
6577
6960
2408
4587
5884
6046
5171
3707
5716
2585
1634
2877
16
2341
3074
5173
6287
6285
2753
2113
5928
6202
4825
3409
3796
5271
171
18
1795
5965
6133
801
5742
4891
4055
3130
5369
3920
6731
3405
7446
3821
6033
729
4350
6864
2155
446
3495
3019
1619
5963
3356
4188
6223
6892
7327
6276
288
6008
604
7304
1947
3337
1785
4298
3453
3384
6977
4321
6544
6268
3492
4
6612
4462
747
7351
4136
7116
7468
5226
2481
963
694
3791
4441
6795
6261
5461
3180
4005
5112
7185
5110
4096
6645
4636
5105
2893
6108
4901
1483
474
7236
2619
2717
3610
1923
4280
2741
5987
3683
2102
3772
1927
444
5255
4010
5324
1469
1414
4329
3319
3721
3204
296
379
6535
103
945
6555
4632
1217
2645
947
5427
5435
354
7074
3500
2595
4084
5897
7171
5357
1581
7146
6596
6465
4376
911
1574
743
2007
1941
3087
3006
2251
4446
5391
2391
6472
448
7352
1404
5098
7039
4053
1337
827
1659
3750
2515
656
1558
3202
5500
3438
3293
3962
6804
1863
210
1272
6123
562
1552
588
3620
4920
3262
72
2558
4540
4371
7055
1976
4910
4424
5954
3637
2897
7390
2591
2406
3033
598
3535
2680
297
3647
6661
6762
2934
4700
7211
6050
5939
7474
1631
3355
6478
3055
6426
3608
4202
4347
4469
6206
1844
6192
5008
70
7346
2252
4237
2744
500
2778
3765
3599
1286
952
6759
1950
6049
3881
6893
4066
6434
5051
6248
3128
219
7318
6851
2073
221
50
5905
3805
5143
1914
4473
458
5782
1189
2844
4754
616
5266
149
1256
7297
3455
6592
5148
6542
4397
5551
4885
5182
4929
2368
5746
1383
2692
6673
5971
2204
1972
1392
1583
6318
7274
69
5448
6034
1323
380
2977
3708
6599
3916
1161
1870
477
6382
5287
4687
4097
5803
4168
2337
2470
4138
4930
2046
2551
1329
3313
2519
2531
6317
2213
5547
114
2568
3921
5815
5402
1118
5960
1432
7264
5084
4529
160
162
4949
7439
6423
5514
5328
3953
5858
2026
3586
454
7153
6277
5393
3119
4255
4809
4818
3832
2200
49
7470
3430
3298
3285
1105
1192
3116
1517
1056
1253
3633
2402
4052
3255
4013
864
6862
3943
3645
2685
1614
4902
1624
4792
1354
4840
5251
3847
1136
7145
6875
1498
5417
7210
5041
631
5389
5727
2522
7087
4343
2178
3071
3205
3706
2702
461
1742
6235
3183
470
5447
5656
3644
1166
239
3005
4571
542
3484
4899
1569
1649
927
4613
2299
1050
5011
4274
2159
5898
1151
6350
1040
4638
2646
1524
3198
1988
1694
3786
145
7426
1745
5652
4804
5239
5031
2770
2122
3935
1640
499
5192
5214
6359
7429
3523
1457
4193
1598
6316
4509
6638
260
7018
1744
2749
2407
3975
1014
2676
1798
4634
666
5385
734
5210
6710
2078
3508
2123
4219
3527
1604
5351
2932
4197
3152
2034
6890
6620
2759
690
2512
6283
1904
3977
3794
1
2840
2783
3514
5259
7045
3085
5817
102
5980
4075
4880
4908
2324
3884
5336
2902
4619
7198
4676
1381
3267
6355
901
5944
3846
5392
1895
2731
6712
7433
5892
7241
170
3392
7024
6209
6972
5236
6581
3692
3945
5893
6245
3229
5162
2892
431
1453
6200
253
476
1536
6979
6171
7389
493
3136
2498
3959
4301
5100
1230
106
538
5540
3865
3308
4297
3352
3237
3611
912
5311
6440
7191
3898
5685
5706
6897
2735
6449
4898
639
6985
1164
5961
1384
5292
290
2104
3247
6255
6642
1726
900
2810
2760
90
4386
4209
3752
302
2935
6643
5049
1484
3328
5994
5831
6455
6636
4430
1861
3266
27
3680
4776
818
823
5067
5560
133
6925
5968
1980
2898
2169
2957
5871
4429
2573
5342
287
6665
4577
6756
5419
35
3009
5672
1091
2688
2847
1768
7122
7178
1787
6152
1986
384
3592
4314
5400
6634
5543
1235
7363
6602
1683
3749
2035
330
4263
1801
6461
7204
699
7250
740
6059
2907
5630
706
3104
5082
2400
3422
7289
6736
286
7034
2948
6576
6988
1044
2712
1460
1559
5111
2843
7399
7238
3929
5724
603
6589
3311
1205
1926
5881
4205
5103
139
6615
3804
1877
101
2411
4210
985
6147
3784
4627
1141
3123
5545
7044
5536
204
1710
6250
5841
7365
523
5691
2610
1321
4604
5908
39
115
5501
2699
2970
3335
7138
5879
700
3295
3826
6454
278
7220
6441
1046
6151
2288
1691
4889
6954
6481
1352
5580
2537
5862
835
110
591
3603
4978
2980
577
2138
2358
2495
4224
7253
4203
1750
844
3807
1162
1906
6685
6808
7395
5594
6292
5006
6605
211
6
1058
4064
5675
1670
2707
2009
1265
4436
5288
4736
3685
3144
2879
3435
1871
1182
4217
5387
6030
426
5157
4334
6585
3502
7312
6408
4178
1291
3041
3094
4340
6610
6269
4313
7176
2105
4011
7143
3424
7230
3844
5644
4648
3565
7141
3905
4858
3859
840
4342
7082
5123
1940
6493
1101
2972
6081
4657
3225
4079
4016
3958
3607
1636
5363
4800
1676
6702
777
2886
402
5571
5582
6122
3344
4927
3734
951
4504
5085
4916
2117
2183
1839
2437
2736
1444
157
5075
2240
1025
5198
1078
1946
1433
6490
88
1399
192
6306
3770
858
593
156
3070
4884
4622
6758
1197
6430
3109
6140
1159
394
4341
2989
735
1896
3664
7219
6485
5494
787
6520
5725
4293
626
7367
6558
4556
6527
2518
6451
5490
4475
4537
7486
5827
5275
2911
6986
1297
2357
655
1026
6894
1737
1458
6323
3740
819
1784
7040
1243
121
5475
2620
4758
4787
1493
2623
3176
2403
3843
5993
5914
3065
831
1733
6376
4368
1110
5430
1594
197
1301
7354
1586
3802
3829
6466
1888
4667
3539
5973
663
1218
3836
2307
3547
2214
96
3660
5702
1938
1074
1468
3244
7461
6536
6993
5460
5760
5864
3187
6431
2924
2724
6427
5946
5669
917
2168
486
1652
769
4105
5696
5665
5065
2837
2642
107
5751
2270
5269
6082
3529
3496
3622
7299
6411
4575
5649
255
2327
1788
6386
2309
7440
6320
1780
3778
6940
3617
4942
5826
7421
1010
3652
4727
5562
6895
3200
5835
3482
6058
6835
7266
709
4660
5142
4093
2027
4596
5797
2228
4802
1579
6001
3429
5180
4830
4962
3909
2961
91
2019
4610
3051
4628
2180
1907
937
3972
4133
3745
5913
6135
7262
2975
1223
1064
6216
571
6095
6941
2311
6629
7416
3381
5107
2940
2321
745
5264
5413
1545
2786
1492
2278
5254
5012
4095
5819
1298
3924
3433
3559
6841
2053
5628
5208
7155
921
5350
3754
6150
6129
2572
3240
6958
3138
2802
6047
625
5937
4311
2598
7042
1100
3415
6166
8
3677
2441
2473
731
4976
1643
5534
1867
1944
3717
2494
4109
1546
3998
3787
2082
1700
3421
6066
2023
5998
3662
4960
2465
3441
4763
2043
3501
6432
1570
2651
7233
1411
6407
904
750
2030
5670
1160
3780
2859
6303
980
1311
5017
4817
3736
1273
2227
1512
4022
3806
3515
6912
7217
6401
6038
4793
2367
3222
2071
1630
343
7158
5718
1071
6726
3803
241
6178
960
4670
1952
3443
5087
464
5338
3223
4721
5804
5745
2734
5769
3951
6946
3512
1169
4712
5068
2466
5343
2579
3613
2076
2054
713
7386
6606
3329
4089
4724
5859
4813
7337
6450
2380
993
2480
1417
5744
6052
531
7173
5822
1227
7088
7322
7460
4832
3030
5586
5
5277
4265
934
3197
3398
7188
68
2188
4790
5747
6860
1207
5634
5655
4900
5608
5073
2462
205
299
6254
1348
2131
4439
1467
1729
1369
475
150
2987
3879
2939
5506
3146
3982
5659
2484
5662
1173
3893
1150
4426
6226
3838
4693
334
3587
2
502
4137
5200
1245
7298
1541
615
2371
4968
981
5661
2818
7396
3553
7160
6644
320
903
6583
6855
994
3159
6575
3730
2538
3954
5717
4369
2233
792
4323
6699
6778
7192
3699
4871
3957
1505
4590
6039
3358
732
7263
3359
3671
5538
5039
3256
3534
1012
6929
7472
1215
5059
7147
1365
2513
3015
2298
508
522
4409
7445
3275
1943
2231
158
4380
4938
1438
5876
4114
612
2496
7098
6051
4888
6902
2181
526
7360
184
3756
5671
1892
2773
2312
5270
6252
2995
1970
1522
2796
6471
6722
3307
5627
574
2308
2527
5770
6959
5156
5174
7336
4499
3852
5787
1939
2487
2629
6964
2856
5394
2439
482
2302
82
3173
2849
4029
1319
7296
5516
6976
647
845
5733
703
5109
4751
1695
7092
2846
1582
6114
2109
2574
788
866
4357
5188
1974
1990
418
6562
3277
1738
3390
6004
1376
4316
2256
4460
6480
6680
3472
1708
4395
2087
1202
5645
6134
5934
2602
1263
6625
7427
3264
2949
3651
3257
4250
1412
2704
7117
6861
2297
4389
6194
1992
7310
6410
2445
4653
5457
2517
1627
5187
3346
1172
5069
1881
6236
2611
1590
5985
519
6278
6179
1639
7157
179
6356
1777
6578
7480
5943
6531
5158
7235
1261
3304
2171
2493
3659
753
2823
3799
6588
875
6300
2072
4130
3490
5326
6067
2103
6877
6177
3823
1165
2708
4733
172
1589
7258
7022
1702
7148
4256
4625
5062
7000
6961
6803
4986
6197
5614
1578
5680
6003
3436
5450
1761
3320
601
4361
3703
970
1315
6884
60
5431
558
4487
2580
2108
978
5935
7216
513
546
2316
6534
6982
5605
4275
1995
2345
2915
2145
2681
7166
956
6572
830
3874
5421
3518
1860
6751
3771
6137
4117
4362
4883
2533
5682
7170
1810
5045
6367
2578
5096
480
48
6574
893
1858
6405
2524
5092
4702
3827
2476
2444
6769
3728
2070
1487
2275
2833
2158
881
1730
7071
6767
2217
755
850
1909
5820
4950
4407
6016
317
4128
3226
2883
6336
7311
3294
2221
4586
2832
4140
6377
1762
2559
5083
3263
3841
1016
4595
6579
1098
3056
6903
6442
7287
669
6006
4111
6168
2191
4980
3997
3375
1539
2929
1885
4164
3623
6106
7324
1922
4415
6822
7323
2150
6061
4020
5257
3480
7364
4400
2420
3963
7075
1562
3913
1122
1648
1494
4520
999
2991
5792
7370
1615
3739
642
6648
4856
851
566
1401
3403
1932
1363
1471
2653
208
4887
7303
6909
1393
4463
6265
3038
5521
6714
4612
1897
4106
1495
5581
2945
488
2185
5196
5895
5821
1965
6709
5679
6543
3956
6045
2383
4222
890
7110
4975
3719
3955
4808
1423
4448
1049
5907
2189
1175
2032
6069
2111
2160
7004
4410
6981
7221
5755
1313
813
3243
6928
6238
6546
4348
447
5574
1686
4903
2290
7394
6777
4863
2838
1181
6468
3145
1445
2058
3210
5488
7224
3729
6384
3412
6945
3724
7037
5888
5505
421
1478
5979
7
6525
7132
1749
5795
6700
1537
1948
2274
2800
4332
4522
3738
6852
4849
4801
2550
1282
2426
5612
56
3571
7357
6813
5808
6110
4644
2399
4174
10
132
4543
873
4783
7195
2277
1322
4890
1816
7328
5637
4855
3948
5441
3133
5832
3061
3952
3650
1879
200
2614
2014
227
415
451
2895
3404
4403
7097
2913
6383
6652
3743
2467
2863
5339
634
5639
183
4857
918
5426
2884
1678
75
3282
3034
6898
2677
369
6225
3481
5455
1705
6420
3983
5730
5734
1945
4182
5906
3459
5010
5234
682
3097
2059
2569
1831
6126
765
3907
6749
6083
3452
2192
7120
1366
6829
4943
4459
5307
390
3215
739
3190
430
6084
5541
6128
4506
5451
860
4631
4926
3317
7255
1675
2063
2799
2455
4915
3638
7212
3242
4134
7086
6397
7106
1701
5578
6502
4012
4411
5317
6331
5667
2106
1666
4661
1712
6529
1703
5416
2709
3790
2672
2503
3345
4470
4422
1770
3488
4319
3969
7226
5486
5896
1310
524
6524
2223
4526
7056
4607
485
2425
3148
5922
2959
1034
2212
6230
1336
15
1848
5592
1248
6820
314
953
4163
1587
3020
2983
6711
2793
7301
543
1289
4781
4045
3297
4811
1984
5022
2679
2146
2628
4570
7451
3095
6025
1017
770
5873
4146
733
2545
6969
392
5554
340
996
5380
6121
4165
5341
2453
4897
1198
4517
1021
6308
1068
6144
5710
865
1711
4966
1018
1618
771
2508
2099
636
1735
3550
4241
3271
5577
37
6739
3023
2459
4864
964
7393
1728
2280
5014
895
5738
3022
528
1340
1285
4578
478
6489
4698
6366
2716
5168
4569
6869
6002
1736
5856
3218
5713
2718
4605
328
4859
5144
6995
180
429
5759
3272
5166
6630
2967
5597
6422
169
5539
4310
2265
3733
6013
2151
3394
2661
907
1403
6939
307
790
592
6111
557
3276
3855
209
6146
6789
2317
3562
6498
3658
4551
5355
6915
5548
441
1434
1409
3466
7314
2831
1504
2971
1794
3669
4445
7479
1479
5485
632
6389
5139
6911
4654
7089
6464
1607
6622
2310
4642
6510
1832
4870
6623
5076
6508
7214
5199
971
2018
2721
809
6611
4683
4624
2388
4879
3485
556
4501
3574
6463
2891
2998
6007
6771
4086
3725
6631
2941
5750
648
4503
6624
5130
331
2340
4730
3232
1135
4755
837
4043
4797
3251
5322
452
7355
3050
4999
4964
2540
319
7251
3767
2092
3341
4720
7348
1435
7482
4662
3511
3446
862
1386
892
403
5786
5567
503
4416
1220
1664
5762
1818
2423
2372
6914
6017
3600
1601
3632
6282
1971
2074
6716
4270
1830
2216
3340
5999
5042
5885
5974
1766
5316
5055
1240
1778
1862
4173
4478
5401
5136
2695
909
1934
2781
4805
4626
5493
4039
2052
3253
1753
1987
2206
5694
2788
4486
396
2235
1531
3949
1942
3585
6776
315
5855
3199
3643
7103
2279
2454
2582
2342
326
516
3635
5753
4220
3970
4155
5544
3326
7156
2010
6246
5300
5318
7275
2590
5613
2211
5146
4249
832
7467
628
465
7096
785
1190
7485
2139
812
6539
683
4675
7154
6723
3532
7244
3521
710
1033
1819
5327
3965
6729
7483
1655
5169
3506
153
4454
6698
961
1102
3876
6882
1642
2570
1913
329
1866
6257
6538
5286
3520
6037
3451
5304
4208
5058
3236
1556
916
3985
7302
2001
5731
266
4054
6249
2958
2992
7463
6256
1258
2148
6344
578
6415
1720
3748
3498
3031
6975
1584
3961
4643
1903
238
3716
2956
4018
5956
2556
4547
751
1983
504
7246
4189
4838
3757
763
6593
5284
3286
6298
6339
6103
2944
618
2616
573
2694
874
1918
5708
1255
6783
6677
146
3741
1028
166
4048
5203
154
1489
6402
4393
2456
4353
5729
1228
3981
7358
4002
5552
2174
3817
965
2510
2247
5920
4180
973
83
6259
2516
104
3134
4028
3126
2654
1335
6703
3785
4973
3387
325
4359
1229
6694
6604
4047
5425
6983
3891
1470
6094
576
2017
1538
5528
5293
6380
7379
1024
5673
4367
5519
3300
4933
5218
1999
4317
6996
2201
5686
7285
1338
4015
1968
6169
5325
2928
216
2906
5291
955
6381
3219
2588
7402
7005
2413
6948
7457
5340
5134
3368
6614
459
4148
5941
4190
5793
2930
6227
6570
147
547
4412
1679
4732
6545
829
4922
5091
1840
7326
6607
6991
5984
1917
4816
372
2637
5074
4480
6342
967
5704
638
5775
5924
194
4384
572
501
3432
2460
688
4110
6968
1698
5249
1916
6460
7277
4791
651
810
6288
5047
1314
2701
2710
1378
4239
6733
2520
3076
6905
2722
193
6302
1789
5052
1249
4235
2650
4184
2320
7317
4621
2313
4826
4739
5228
4352
3776
2657
2483
6131
6603
7028
6697
4142
6500
6373
974
268
3818
5371
5348
2497
2038
6696
5362
6358
2909
6217
4141
235
6153
1836
4183
2901
5466
3171
2172
2600
2667
271
3612
29
7115
3849
2755
2819
2865
191
621
6918
3281
44
1953
3088
3546
5609
4062
6174
1237
1388
1485
4623
4972
232
990
1767
2433
3032
5211
6120
6916
4268
6368
174
5878
5723
6889
7431
6142
4990
6307
2250
3325
535
1114
7066
2128
3334
6831
1657
155
3751
7134
1032
2925
3278
1031
4767
420
5989
442
6896
5503
3939
6834
7484
5242
2871
5557
2378
2627
1416
4434
3039
6886
1415
6175
2511
5925
3494
3475
3419
3175
4862
3194
3933
6399
3906
3577
5689
3857
4345
6548
5736
5587
2921
4766
1717
490
7164
2714
4152
207
3519
811
5347
6997
5268
4945
1597
6163
2763
6676
3537
7093
1296
7225
2937
6854
5959
5611
422
3083
3702
4895
4689
4408
3408
4836
2474
3457
4049
6717
2060
2339
1516
741
5678
6096
5570
6476
649
5278
4641
1463
4213
7009
2210
5824
5104
6594
5631
661
3234
652
3596
137
4485
5663
6627
5230
2966
4035
152
5281
218
3067
7218
749
4665
1509
1846
5802
879
7140
6439
7050
2926
5992
6557
417
5524
6295
1898
1158
5997
3628
5232
4402
30
7073
6553
7026
7101
5434
1959
4958
2416
3377
3597
4768
4490
3991
2769
361
861
1474
5119
5019
4865
54
151
3258
301
4192
2803
2268
3227
5446
3584
7286
7223
6293
5809
5625
3800
774
1783
2700
2478
4635
7459
3254
1266
1152
2236
4099
4998
3915
1372
7387
2851
5947
6258
5701
3895
2861
584
7027
6183
3700
4633
6116
1925
5549
5869
6934
2375
5003
3922
3150
4559
617
931
77
995
791
6446
1439
6473
5848
4531
46
7319
3978
2193
943
6921
3089
395
7060
2404
7478
4331
4874
3979
6024
4428
3697
45
2000
2022
5767
6348
6360
1097
6309
4302
2451
1216
4104
1011
5452
7070
6204
6754
5072
203
6666
1295
4588
4081
378
4645
233
3564
1083
2703
2208
6656
4336
1048
4267
3782
2914
4655
5610
1823
5081
2486
4451
2414
5642
1400
5588
2747
2449
2811
6814
6220
230
6314
5115
3526
4564
2659
5697
7278
2112
4277
7471
5029
2197
3230
856
6054
1727
789
3151
3890
3548
6284
4592
5904
2739
5364
5529
7450
7054
4312
5126
2276
4413
3966
698
4780
3342
2916
5356
4335
6224
575
518
5774
3449
5798
142
2640
3575
7182
1661
3280
2448
5261
2475
1623
3096
3910
3269
1448
1219
6503
1067
5046
1379
4425
1278
3604
1600
5591
2633
2020
5550
6080
1796
1251
1689
6587
3103
2529
2261
5408
2300
3768
992
93
7265
3747
2648
1529
5240
2862
532
5700
6837
5849
6419
6198
2842
5141
4735
3583
4065
3710
5615
5867
1882
3017
3052
4979
7383
1103
5132
2249
2775
1644
2868
7207
1232
7359
283
2553
2764
6335
1361
894
353
467
5314
4971
2325
2424
1127
5390
719
175
5796
3986
7267
5890
1561
7401
4279
5215
7109
3068
608
3217
5265
899
5409
7443
62
902
1748
5877
6072
293
1418
2119
843
877
759
2870
4710
2563
2306
1360
2973
5863
2690
4232
667
3351
2853
6365
3120
1781
5576
5331
1437
3883
2121
629
3882
4440
4867
2016
4839
6447
1307
2179
5525
3690
4228
1741
3166
4753
4696
7099
775
2662
6763
416
12
20
1427
5712
1089
2772
5224
5781
89
5843
2900
1167
6541
4554
304
364
3934
5566
878
3420
6193
2253
2923
5510
5962
2609
6768
3310
4820
2338
536
6488
4663
2370
4580
1514
3026
5422
5606
6149
1919
36
4145
968
3098
2177
4080
686
545
1826
4924
5502
1507
6201
6387
1837
5619
3732
7432
13
1138
7129
5213
7213
2326
3312
2866
5016
4169
3868
1989
2187
1239
42
6326
4742
1246
3155
457
723
3029
7340
5302
4892
5273
5395
2502
2725
159
4294
1650
1312
2120
4963
2566
1719
1671
6491
4524
2828
1204
5321
5976
6651
6679
4560
1533
202
6117
5032
4602
637
494
5995
4835
933
4961
2143
5147
5828
2015
2041
6165
5690
511
1023
3711
7448
2096
5872
512
4673
292
3544
4810
1899
4563
63
4290
6141
3872
7020
3389
2469
1134
2554
1500
3557
1425
4307
1087
4512
1929
2332
7161
3362
6930
5231
7271
2942
708
2389
4191
5533
5949
1225
385
3666
6170
3203
2463
1673
6922
1137
3851
86
4886
7242
52
7080
5064
356
6244
4574
4457
1156
6234
424
515
1755
5887
2149
2037
3456
6042
6522
80
1271
7049
6444
4042
5178
3555
704
6378
4750
7043
4861
4568
6521
7232
5542
2542
614
1718
6770
2546
4396
327
5491
64
6632
5489
55
4019
1527
4893
3367
2922
6511
587
2560
2364
6797
627
5120
5023
4982
129
2269
1477
6297
2979
4680
1347
697
4119
935
2176
5982
5883
352
2095
2428
5919
6074
3354
6311
4216
958
4467
3764
163
6515
6395
5079
4718
4778
4907
4135
2040
3626
6971
4918
1036
3160
5121
4822
316
4711
4427
1651
5346
4686
3551
2647
2343
5482
7177
2583
5159
6787
5765
7181
5469
3781
3737
1572
3875
7455
1900
4358
752
5903
4464
273
6828
5181
6825
748
2355
2242
4243
5633
3964
6208
2086
1429
7076
4549
2182
2203
2045
376
5674
4007
1571
3473
5154
2490
5585
1905
7036
5376
1488
3687
5754
6744
1264
4752
2085
3086
570
1902
5563
5705
4477
2806
404
670
4159
4803
3812
4378
5444
922
662
6437
484
4659
6774
4149
6672
4017
2684
3971
2051
4552
2291
941
1316
1267
4129
7423
3072
5599
1754
3027
2705
814
5936
2593
1370
2671
2405
261
6076
5077
3418
3350
324
3124
6853
4743
1551
6963
1055
4326
483
5163
2381
3649
196
6516
259
3646
3406
6900
6671
1029
2779
4639
6085
3268
7085
7428
1144
4682
7341
6338
1792
938
6020
1998
4103
5415
1532
5517
4021
4868
498
3448
2981
375
199
2848
3374
6346
2737
6874
6846
4912
4536
5743
6304
517
1252
6329
3810
51
5207
2005
2133
1725
6145
6112
6310
4985
3712
2154
3378
5964
6906
3576
4248
3870
3040
2432
6028
5870
3864
3946
7329
1037
428
7051
3447
3522
1508
1060
6514
3105
3454
4269
1890
4167
5285
7108
6772
4785
7006
5037
6766
4083
4738
3630
6598
3260
2675
6417
5917
4251
2390
5170
2115
5432
6452
564
804
7291
4356
7256
4496
355
2237
6917
6286
4955
3147
4230
5406
3552
6469
3569
4320
6176
6799
2815
6880
1009
3693
2740
244
3332
5739
3321
7413
1779
3270
2841
7279
2116
6187
5219
1957
2683
679
6559
5927
2691
3698
6682
1473
84
3044
5449
3967
4363
2190
5579
6931
2353
7332
347
185
3908
3477
654
1872
5720
5468
6412
6719
6467
7261
1349
1567
5133
2443
5313
7420
5530
5945
855
1015
3742
187
737
868
1912
6507
6616
1196
5344
4701
2272
689
2904
386
6654
1090
2501
3602
3744
3391
2809
3567
113
189
3598
4156
2029
1356
1799
6409
842
279
7135
3513
3763
31
135
3686
338
2767
5520
5909
67
4608
7476
6482
5991
4806
6550
4957
6675
2668
7400
3974
1052
6148
377
1112
7011
3896
3830
2081
3385
908
624
7240
7300
453
942
5373
2124
7118
5258
1142
5721
2534
6021
6325
2234
4034
7152
3917
4567
7385
870
3157
5388
1355
1007
7424
2952
4534
4775
4199
2098
2386
5282
6695
4532
4253
1596
5308
6433
6533
4245
5972
6904
3106
1921
600
6164
3591
4941
5420
3894
677
3284
1979
6456
1568
2830
1454
4528
5066
2836
3691
6185
1057
3788
280
2136
3208
7412
3887
2729
659
4939
7163
2369
1236
3018
6205
5568
6842
5167
6639
4144
2543
4725
7350
1194
817
5695
6232
393
7469
3509
1129
1117
6062
6115
265
3330
1139
1019
3137
4115
3595
5838
3731
3573
5352
1981
5305
2365
7349
701
630
2814
3928
5558
3084
5410
2447
131
4983
6885
872
2757
5020
4527
5487
6755
1963
5403
4707
5094
3871
6681
5478
3655
3759
3746
6379
1075
3936
6881
1391
5383
4756
3127
7294
1000
220
989
2857
6421
2743
5247
6692
97
7373
3322
6746
3092
5018
495
479
1954
7458
2350
3665
4815
5861
2526
4037
2232
4139
1734
1206
1133
7269
65
4346
3837
3339
5127
6406
4226
6477
2785
3008
3616
6393
776
1094
4246
4132
5780
1747
7205
4993
3479
1682
3992
1241
6859
1603
1915
6011
1208
1760
880
7175
1575
2382
6155
4726
6322
3315
1288
4500
6883
7462
2644
6792
1039
1936
4032
4375
6966
727
1967
2797
2356
2589
633
1526
6670
2872
1259
6162
1550
5693
5834
5732
1723
3156
1853
6519
2304
533
3925
6556
3464
6640
2528
3601
6857
5405
561
2964
4044
7038
3248
4697
4296
3850
1382
1185
6784
1115
622
2532
4829
4827
1815
1121
3858
5556
3428
6601
4919
3491
7035
1549
910
1126
6125
5772
1951
3618
5785
3235
4051
3932
1804
4716
5280
6567
5090
1317
1985
6796
397
5279
5044
1684
2144
6720
1184
6721
3338
445
3213
4388
7003
6741
2377
2780
2880
7197
6031
3057
6790
2126
6241
5140
3245
4351
1362
2968
3021
2137
3442
1013
3181
6363
439
2452
7342
2417
7442
4453
3042
3533
5573
1426
4894
5299
4281
1857
1520
6667
2050
1373
4530
2410
3561
534
6621
1345
1436
6281
43
2638
807
5366
6260
388
7007
6343
3886
5886
6806
6935
3672
1688
1933
1294
7374
5370
4921
339
6119
2047
5598
4744
4338
3709
6075
5901
5889
4759
2147
4308
5921
4046
5955
7048
2530
5368
3779
896
1146
6678
5476
2395
229
1234
2418
2429
1806
6832
581
5569
824
2065
2742
7409
78
2243
6801
4546
6586
6761
959
455
2033
783
5507
6195
345
552
1544
362
6819
3684
1577
1180
7174
4668
6404
3004
4854
1969
5235
2641
1576
1176
5825
4984
4656
1993
272
3566
3121
3440
1515
611
387
2446
7104
782
1177
2801
4896
5891
3327
1283
4303
6040
1447
4970
405
136
4102
3773
2858
34
2198
4788
6569
4760
2875
3689
6704
4875
100
2230
