7292
5027
1554
3062
5009
1043
4172
3673
3489
2393
1491
7209
5070
4278
109
4003
4072
4466
4421
805
5833
2592
6999
3000
3060
4685
4443
4214
4757
7306
398
6899
2912
6391
3149
5929
3995
3880
5345
1171
4647
5026
1304
7130
4160
4850
5001
4286
2976
4437
2458
898
5646
6505
6757
5021
4679
4306
7351
5757
72
2676
1091
2840
4371
616
7352
3685
2847
6645
394
7210
6762
6009
7346
4627
5112
3311
88
3959
3015
2623
2403
1737
1586
1173
3277
1990
7216
4888
5751
893
4323
7337
5937
5431
4095
2487
7022
2496
2279
6928
6813
7479
4797
6225
6007
1308
451
765
5307
4403
3282
4987
5318
307
5441
2672
4189
4374
6387
535
5610
5478
5890
6991
7459
689
2819
5415
2121
5877
2772
6116
5568
7273
6889
4307
2815
7279
1039
4875
6801
4207
5531
5280
405
3464
2742
3709
561
3248
611
1426
1288
34
5684
1857
2589
3008
2756
5197
4176
4599
5113
6738
5840
4995
2607
966
3010
7201
4177
3122
4435
2873
7100
1069
5771
4060
4617
6653
1548
7361
4455
1389
5515
1829
4449
510
4406
4729
1528
3252
4252
4988
886
6087
4786
1743
4385
7454
256
2450
3028
3101
2812
6158
2006
2548
7151
3164
4772
7002
5761
344
269
4841
5118
6470
1461
1214
2264
530
275
7234
1947
1238
2808
1672
4909
2539
4242
5638
2162
2205
977
3694
6036
2341
1662
6718
6268
247
3349
6212
5131
4379
1099
6577
3535
3502
4097
5656
818
3033
699
472
1524
3266
912
2573
4604
192
927
90
1433
384
6890
2932
2183
900
6638
2437
5706
2495
3508
2977
2213
2844
1172
1867
2308
5326
3771
7323
4986
3443
2441
7298
7262
3359
4369
6769
4275
1215
1738
1769
1150
3593
5634
2929
6690
6558
8
7155
2578
3436
6236
3852
6624
2983
2454
1181
6415
3961
504
1289
3022
4054
1866
3020
56
2679
6630
634
4282
5613
3498
6898
4459
785
2992
6700
2146
4454
3031
918
2582
6734
1009
1872
1347
6062
6656
5464
1415
1360
1916
1028
4062
3763
5134
3742
6232
3591
600
5422
5843
3456
2432
5549
1882
2683
3746
3219
375
3270
3378
395
6393
3491
4896
4697
1549
5785
4656
6942
3533
4993
4668
782
3338
1120
7175
1013
3339
7409
2047
3566
3265
5556
6109
3357
6704
6406
6477
4388
7104
7048
744
5442
5714
3047
3001
6330
3261
1878
2013
915
6101
635
2597
1621
3471
2984
4646
3463
2166
3774
4794
681
2376
3540
3323
5194
888
5205
5602
5436
6351
7392
2209
3444
3186
1955
664
2412
6873
7228
3811
1699
4495
40
4844
2329
4050
73
1293
3142
641
7065
6453
7325
5397
6780
188
5309
7029
4283
5036
5923
6222
3100
6445
3172
5553
5778
7290
6811
4842
7260
4774
4033
6998
6296
105
1612
2129
2738
2064
5527
887
237
1022
4236
2438
111
4789
7222
242
1722
7081
2222
4769
1455
6143
1842
4349
5097
5868
1793
6332
7398
4731
5050
1776
5445
2506
2896
2488
6274
3002
1168
658
1714
4934
33
2950
3560
2134
401
3132
1324
5040
7183
6340
1331
2713
5688
2509
6591
2267
5071
322
236
4447
836
3393
6802
3468
6937
3504
948
6617
4122
5227
2224
4116
4355
816
3167
2387
4594
6497
3572
736
793
2421
6416
2328
3510
3705
2954
4965
3450
2384
6600
1358
3636
7391
5703
7464
738
3735
5145
6068
4476
3528
3867
1027
6207
3681
5621
5294
2860
761
1656
4573
4618
4272
5374
2903
4420
5125
1070
1038
5206
1124
4708
3046
3497
3594
2624
3118
7422
1006
4126
5128
5225
1595
6044
2947
4212
6967
7062
1920
4737
6549
3619
760
1637
7475
3980
3563
563
2114
5940
2733
6090
4479
1602
3309
3897
332
5931
4227
1757
3131
597
4582
1665
768
1153
6809
5564
1519
6064
3195
2464
7015
1625
2536
2649
3395
3877
6849
2173
4977
274
1109
3465
6043
3900
6628
5337
1820
6657
4221
1996
190
7437
1851
3231
4373
4108
2630
2199
1042
7196
4181
2080
5951
6272
2908
852
3688
1327
4533
692
2152
5593
4937
7477
4284
1396
766
525
3834
3996
4904
5651
5250
991
4747
6944
6184
5216
4669
6429
3554
3777
1884
6953
6385
6684
4597
1511
7466
509
5459
6486
5850
2025
1250
6188
1106
3798
687
1092
2792
1084
6689
3091
696
5853
3154
6688
1440
23
6947
5454
5360
4728
5990
2057
6398
4745
6173
5526
2255
5978
7023
779
5522
5981
4088
295
4538
6354
2427
5365
2636
4940
7239
7380
7159
5546
3209
3290
4186
2726
134
1405
539
5088
4260
2888
2918
1449
2541
520
3401
6844
5114
17
1368
7001
728
4401
4713
7227
1573
2827
1864
794
7021
3125
94
2049
3425
2953
6990
6014
4691
1622
5456
6913
5728
262
1131
2359
4482
6290
2768
5221
3113
1062
4947
2360
4074
4795
1276
1451
5217
2669
310
1924
3507
3054
2062
4773
3556
1292
1410
1020
1873
4614
1535
4004
6962
6641
1518
7150
4068
6818
6584
3238
4931
2845
4494
7414
1982
2615
883
4327
3296
243
6231
6048
1716
1088
6923
841
3411
4848
3082
7063
1991
5942
4087
2910
3568
6180
3505
2727
2153
2894
1257
1542
1174
6334
3249
3516
619
4603
1530
291
746
6138
3174
3579
3212
4906
5043
4292
3839
1893
4101
857
3670
3543
5053
5471
2686
4154
2186
7072
3363
6715
2500
646
4821
3299
7344
411
2784
1852
5719
124
225
2161
6428
2083
3538
258
5910
24
1523
481
5122
2994
1047
5930
6927
4324
3625
7064
6055
1277
5295
337
2882
5038
569
6305
4519
6167
2157
3889
1707
3470
5437
4166
1654
2036
2807
3108
3162
838
281
1443
3024
6403
7114
1800
3107
5836
5089
6349
4846
2974
3814
7356
6821
939
1503
5511
1186
6495
3474
7017
7127
5414
5108
3937
6537
2622
7313
1756
1466
1320
2617
7434
3848
2766
3629
6943
6872
6057
7059
7368
85
3588
6492
5201
6438
4640
7288
6475
6266
7030
3984
3530
2385
249
1148
5692
5899
2284
5124
3110
5443
2088
1814
5440
6501
5882
5382
6836
4539
2163
399
2401
1080
7126
6740
7208
2293
2346
594
6659
5334
1093
5179
289
6956
3007
7107
7128
5384
5740
5116
1635
1994
6815
6506
7025
5681
3726
5093
2678
2955
3233
695
5726
720
6127
4070
820
5620
3239
1713
5354
5424
1592
3820
1188
300
3371
4377
3370
6978
318
2260
1803
4740
3580
4681
1827
6337
2283
4259
6371
74
254
5137
4566
4598
5233
245
6840
5260
3590
6211
308
596
1480
2504
5607
2852
409
6950
1833
4472
3914
5106
5238
1145
798
5741
6794
4026
2066
168
1003
5596
6753
6321
1638
432
3043
998
1641
4231
5463
1456
1887
4382
4262
6970
3478
2969
5699
2301
3386
1883
3873
7321
5495
7144
4541
5603
473
2430
6765
1054
1513
4489
6136
4491
7068
4553
1191
3641
3241
6474
1002
2374
5975
3380
2990
7377
2084
2584
7067
800
251
22
6705
4322
6791
3182
529
4036
4474
7041
2822
3196
7315
1653
5860
6275
5748
2292
1450
1353
7333
579
4432
4996
5276
3305
1446
2089
348
2673
4510
5555
4354
3653
2547
1270
6035
3885
4483
2491
7353
6871
4339
4067
3783
2055
4233
231
3657
4948
3179
674
2354
2752
4458
143
548
3642
1910
3758
5912
3191
1008
3402
6487
4041
5535
1157
2330
1704
3303
263
182
6352
4127
6936
312
4782
2334
1072
6833
95
1825
6518
7307
4765
7243
2079
342
825
7083
6130
267
1617
3761
3399
889
3930
4609
2652
4225
7231
1472
5298
7113
3169
3216
7079
4954
2215
6547
419
7331
2422
2656
3842
2471
580
1547
6157
5458
4304
549
4664
4244
2723
6573
7388
2194
5099
6400
3306
383
4063
6443
7090
6191
2482
644
5033
6029
4741
4784
4974
4611
7259
1591
5844
3888
3099
4649
5618
4561
1475
4584
4704
6901
5204
1605
4591
6370
2938
4223
4027
5429
2012
1962
2351
4291
5814
2273
487
4777
3003
4094
4008
2899
1828
954
2435
3224
3259
2666
1452
2523
3467
7378
173
4365
5653
4198
5013
3845
4161
2142
4309
606
98
2596
5590
2436
2263
705
4969
6924
5788
284
5957
4935
5428
59
7199
6952
99
2564
4709
5776
6646
3570
7376
4798
1346
4565
1821
4914
6563
784
797
5274
2442
6369
7125
6613
3469
2787
321
853
3184
5399
3714
5857
7444
1687
1073
5223
2804
2167
6213
5623
905
1499
2999
7111
1332
5329
4442
613
7102
7184
1344
177
5916
4391
1563
2008
4372
4300
1486
6649
350
6878
2586
2587
5854
4956
76
6647
839
1521
5164
5996
6425
2663
1076
7268
4113
1502
1841
1497
257
303
5842
6597
1326
1268
5186
1209
6745
5135
3517
6727
3064
4544
5845
4433
4444
7254
9
6747
3011
6392
148
7052
5676
2348
4234
2077
2118
2067
5407
2829
1855
1260
6812
2689
5054
5737
4098
4562
5375
5823
3045
982
583
1843
773
1935
4620
891
3140
5666
6362
3833
4746
4100
2986
6660
4123
6816
112
3942
3291
7465
178
2825
4936
5246
1407
3188
285
4069
1732
3075
2165
2314
5117
675
2754
2890
7473
3049
7436
1765
2323
1553
5948
6669
847
3901
366
988
6965
224
7169
2229
3499
707
1850
3999
2674
5565
2021
4695
1464
1805
250
5967
1797
5595
2031
7179
5034
311
391
4299
5811
6182
2097
5492
1543
1081
6590
4812
6908
4994
7453
440
2581
2044
3944
7186
2219
6619
6891
5900
1759
7411
6865
6523
7410
6214
610
4493
4170
5332
4684
3013
4717
3289
4881
2068
5296
5290
3324
5195
4748
2287
6328
374
7137
3853
6552
2794
5172
1660
6026
3117
806
5244
4461
5977
1490
671
5183
123
3899
2876
3862
1077
711
4600
276
1715
6838
2258
3723
5005
120
1674
1763
1838
6418
3919
1231
553
6798
5758
650
5453
2440
4764
6436
3940
1845
3366
623
1772
1633
6564
6280
6683
2003
119
4468
4497
1565
527
3861
950
1874
371
6637
5015
3318
3718
4085
4658
6561
7124
2864
7229
1901
3911
5303
2156
7280
4869
460
2461
997
585
5175
4076
1203
6551
1242
4288
2919
6364
4266
4392
802
71
7033
6847
469
3989
1374
4295
4394
6658
6086
4254
4151
2567
4606
5683
4593
277
2855
7200
849
4814
165
2604
3678
3431
6196
2791
712
3503
6279
5202
3102
1764
2771
282
4833
3927
1274
4585
1086
1143
423
6315
2262
128
5462
1746
3860
7345
6663
2499
6264
1961
4834
897
6735
3364
969
3631
3976
3809
4498
3545
540
2363
2917
6041
3383
1564
1628
5358
2266
4009
645
6932
2336
2295
3423
4913
2711
1212
5361
5807
1275
1357
6099
6807
4071
6949
702
3360
5237
6823
1377
2850
3111
6093
1692
2996
2820
4383
1696
6210
4877
780
2575
1555
6701
3407
5272
7167
5575
7308
930
5256
2821
6532
6457
5799
7415
4722
5654
7215
6662
7245
6073
3114
6568
551
764
2048
2195
3863
2544
2170
555
3634
443
6390
81
6957
5333
1997
414
7447
6876
4488
2565
936
2658
754
5484
2706
3931
5648
1226
6779
1977
6023
3037
4456
3078
2397
5396
3279
5950
1680
6850
1847
4431
2782
1066
6159
6668
6247
3228
3581
3621
5060
58
6079
3416
7046
3793
6781
3445
2982
3288
6053
1303
4507
2626
2457
4688
3206
1179
4273
4092
2665
6372
5481
4589
7320
5902
7012
5789
1482
4706
3987
5002
7168
186
972
7381
7142
2608
4387
3369
3153
7334
6479
1116
66
7272
6566
2745
2936
5095
2795
724
4852
2562
5080
3353
6748
3
7366
2248
920
360
1147
4946
4417
1809
5915
1431
6063
5289
3828
5664
1187
3365
4078
5220
3336
4305
6782
605
357
4381
5155
6199
6743
1975
5810
6361
2748
1004
6113
4315
6863
4905
2960
5911
4370
2599
3994
1200
6994
6870
1163
1585
14
721
1351
5102
5483
2612
2472
1891
2606
5894
456
5378
6560
2254
5262
5176
5418
7172
3063
3605
7193
4672
5000
213
3682
4572
2514
5283
1956
2164
2758
1395
5722
5306
6154
3178
4690
3825
252
2305
4360
4853
1428
2525
1107
433
125
2125
4162
2639
5086
6100
6687
2962
2762
5600
3542
4671
2869
7131
3549
1978
365
2218
2333
3161
3347
437
4328
5952
6724
984
3170
3715
4153
2920
5349
1341
3361
3704
2874
2687
676
6414
4204
4143
5061
884
859
932
5153
164
2056
5874
4185
6691
7032
1199
2349
1419
3582
2101
214
6341
1667
3866
2835
923
2507
1113
3250
6608
4211
6015
1183
3701
4157
5668
657
1856
4318
4121
6764
6353
7456
4073
1817
7449
4218
6618
5438
5359
3246
7339
7031
3938
609
2011
389
2605
3654
6750
1309
4674
0
5768
1865
5470
462
6237
796
3639
6203
1721
6056
5152
5805
620
3189
1911
7309
2878
466
6509
1681
3902
1334
6708
6826
2927
5243
2398
2361
1459
7257
7419
463
6633
234
5101
665
924
1402
6879
795
406
5636
514
673
1677
1501
6867
6788
4175
7187
4819
1441
3525
5209
4337
6374
1964
6706
217
6707
1616
5958
7014
3274
5852
1195
2394
6098
32
6565
4770
6824
7095
1807
5523
1406
4959
4992
4511
7061
717
1281
3813
4398
7418
5616
5297
336
2434
3079
6190
5626
3112
1606
2318
2577
3211
3090
3343
436
1096
5248
2696
4120
7372
335
4194
6504
7010
2024
6528
7441
6221
6582
4257
2419
471
906
496
1290
1305
4287
2241
4967
4771
586
986
3676
5784
1465
6161
7406
944
5253
368
4952
1849
5377
2985
3427
1178
3221
6228
1262
5518
2331
3331
756
2660
6839
5604
5028
4059
226
3624
4866
1599
7375
2075
4405
5629
497
4492
3918
2988
6760
7058
565
1930
691
313
2931
5479
5735
2289
3283
3755
1082
5830
6810
2905
489
4452
1608
2798
1247
1557
4418
349
815
3727
4545
2751
3589
926
2244
640
4030
6785
6301
5839
3461
41
309
7136
4171
1061
1481
833
2225
4024
1669
206
5783
1213
6458
3135
2826
716
2805
3792
6499
4215
2632
5149
7438
3815
492
5800
4616
6955
1752
4828
5379
1325
1629
5635
3892
195
6010
351
1724
4637
758
5715
876
1868
6327
1647
6938
4525
1663
2202
1534
1908
3668
3025
2135
7481
7019
4583
4615
4344
7284
5512
4652
6107
4090
5766
882
678
928
7435
5509
1085
3069
2415
1244
1668
6974
3201
3960
4390
3869
6858
3627
5498
505
4240
6827
5816
2561
4276
2004
4694
6012
6253
2943
4366
2521
6263
434
3168
4330
1333
1958
5245
4911
3775
1193
5640
4040
3333
1859
5241
2603
1030
6357
4481
2993
1269
3012
5812
2867
381
521
3414
3214
5138
5189
1422
468
5532
1593
6845
4723
438
1398
5777
3373
5508
821
822
7362
3273
3614
2618
4158
3993
3615
5263
1610
1306
3648
4438
7053
7430
4981
1155
6595
730
130
6273
5353
7270
7417
4677
25
1201
6888
5537
6060
2719
3926
2635
3376
1390
6124
3437
5589
2492
3410
6775
6239
2132
6262
6046
306
3314
5965
2344
808
7305
2505
668
215
541
5499
435
5320
4057
3696
1397
4118
4201
2468
323
6156
6664
6394
3058
6070
5301
5813
4325
1442
3912
11
6674
4837
3661
4
4112
590
2396
4462
2951
2881
1211
2594
181
4523
3348
5078
6018
5369
6347
1886
201
2061
7397
16
3667
18
6133
1170
5271
3139
4847
5497
4399
568
382
5160
5171
672
7249
5711
7016
1697
946
176
975
4917
5928
507
3081
7247
5477
3193
3656
4703
3797
3720
7013
117
4891
5624
3835
3762
1894
7452
940
929
1125
7304
6294
2552
6008
1279
410
4535
2839
1786
7078
5165
1339
4761
747
2889
2315
5193
2392
2963
4558
5030
6517
2997
7194
685
3492
1973
57
5312
2286
2732
2776
602
3077
5583
4025
6907
4258
1284
2141
3016
2664
567
1812
694
5763
5969
3796
5709
885
5880
6160
2854
1889
6413
6071
4150
6713
2698
6448
3819
684
607
1302
358
240
4055
4824
7077
3301
5173
4364
5035
108
1104
1119
6118
1880
7123
6240
4107
2039
4014
7203
5584
1280
7112
1693
3014
767
222
3066
742
2485
4289
1510
1343
7276
5161
854
1822
4699
7408
6065
4944
2817
2697
2090
4925
3316
5229
3808
729
4651
3903
3795
5004
604
1634
962
6242
1059
116
2319
212
5938
1566
6097
1210
138
3495
757
914
5057
1330
4484
1611
1813
4350
6571
4423
3434
3640
6732
1835
4932
5752
3019
6513
5310
2489
1462
1960
3453
5129
370
3988
6725
4023
4873
1385
1430
4038
2816
6276
3789
141
718
7133
5963
1079
4147
5764
3791
4796
7338
1808
1775
161
6319
4749
6830
305
3382
1421
2042
270
6251
28
6289
6933
6496
3536
2239
4298
2379
6540
4872
2408
6139
6000
5433
61
5641
4876
1785
5561
5335
2479
6104
2549
5986
4630
2362
3372
4229
1646
2887
5677
4179
6078
3766
4247
3356
6459
799
3207
4515
949
653
722
7446
2670
3185
4136
1869
6992
3920
4196
1706
3821
6773
4991
1299
6960
2613
4997
7119
7382
2885
643
5988
294
7091
4799
4692
3388
2281
1063
2028
4715
7121
2069
1619
5404
1588
913
3074
1506
6728
5559
6218
550
248
4516
1709
6526
4471
367
1609
6910
4576
2730
1128
1224
6864
7343
4188
3713
122
4666
3165
6866
1108
1408
6202
2655
4878
3722
5226
5472
3093
4061
446
5643
6267
693
6655
5190
6005
582
2155
2282
4131
3707
5657
762
3923
400
5756
6388
2107
919
983
1771
2100
4056
1740
976
4333
7162
2601
1560
6022
3674
3856
2303
1496
3405
6019
5323
6291
3400
4261
3059
6612
4882
5632
3558
2335
5184
2271
5617
1140
3036
1130
1367
1233
2002
803
6987
3541
2585
5794
1221
6285
2184
5791
801
5716
7371
2207
6626
118
1041
2220
2175
7008
4825
3080
4502
3409
7069
1540
346
4187
3163
725
2715
7057
7468
21
4928
2238
3606
2477
1791
979
6424
3824
6132
1795
1350
589
2110
5918
298
5801
1424
5048
4195
781
6805
2978
6742
5970
5837
198
3878
7248
6892
1154
246
6033
6223
537
3220
2246
1476
6077
5025
140
3679
1001
2481
7139
333
6105
4843
341
2813
6650
3486
5423
228
506
4705
2728
6795
869
1774
4845
2352
7335
7403
2431
4124
963
6027
412
4587
4006
4419
127
2777
5698
6088
4714
5063
4923
5687
2296
7347
2294
491
5513
3483
7384
7295
5846
2113
6092
3053
6233
7252
5024
1758
7316
1645
4550
867
5056
5806
4851
6544
7165
4823
2621
2093
223
6848
715
4514
4629
772
6102
3524
4989
7202
4465
2245
1287
6243
4321
4450
4264
3816
3130
7047
6984
1095
925
1045
2720
2196
2965
3831
5439
7190
1300
6215
4548
3292
3287
167
5622
6786
1875
1731
7084
1690
3990
3973
4082
5504
1790
2824
5412
3578
1773
4091
3417
7327
726
5742
680
6270
3840
5884
2140
6951
6462
6512
544
5411
6856
79
4001
7116
1035
6731
4518
4058
1802
1824
2877
413
3675
5467
5330
3439
3384
288
1375
5749
1626
92
2373
3143
3397
1053
2789
1149
6919
3854
4513
5150
1413
5177
4441
1739
7105
5847
828
53
4200
171
7293
6977
6483
1420
4521
6287
3302
2127
4000
3337
6229
554
4951
559
3158
427
714
264
126
6843
5851
4404
5829
2366
6793
4831
5473
3487
7189
3801
2347
778
5658
957
5252
6345
1111
6484
5572
2753
6530
2035
2897
5968
2123
1354
5351
5236
6269
1896
4473
1164
1044
4314
3898
5803
1151
3430
27
1
19
6605
1414
7039
4469
2591
1256
38
2759
4736
2907
6050
5400
3109
7439
6313
260
6979
4676
5100
1950
5292
2159
5817
3514
1976
1517
6423
690
4168
3706
6472
787
6702
6151
827
2741
1050
562
7087
3267
5051
5336
4910
6434
7145
1105
5652
4424
3847
286
2989
7312
4011
3055
3708
3006
4217
7018
2400
6758
431
3262
1744
2402
5402
115
4916
626
6893
4619
1166
6255
700
4529
444
3229
3087
1861
7055
2007
6
1839
5363
2046
3298
3805
3247
1940
500
7230
4800
1670
5960
4804
1558
591
3319
4978
5392
6610
3426
1222
49
1598
3237
2693
3749
2934
1870
26
5685
5067
6661
380
5198
3786
3136
1352
1863
6736
4678
2026
6490
2736
6317
1399
6209
3152
5084
2512
1046
6206
4219
1498
1926
4899
1159
6493
4301
4929
7289
1286
6985
476
221
7429
5881
5182
1536
5725
1631
3846
2778
5008
4930
542
1583
523
4446
5239
493
1966
5908
7074
1614
5461
7204
139
3844
6261
6673
6250
5961
6634
4687
6108
7253
3884
3683
6972
7185
5580
1742
901
4209
6034
6277
7264
4700
297
5691
253
5389
3859
3328
6449
330
6759
4347
2034
5448
7297
4084
3645
1291
3396
5879
2073
2595
6851
102
740
239
2200
4224
1040
5328
2551
5953
106
1676
3204
3119
4237
1253
3352
6123
734
1197
6426
2122
3765
6235
2204
2078
5971
3293
6620
4622
1972
6171
5387
5746
2717
2879
777
1205
4297
7178
6248
2240
6756
219
4613
2407
7241
2957
474
1272
4329
6461
5630
3335
6292
211
5551
5011
1581
4858
5105
2948
2558
2259
6245
7206
2712
477
7250
1691
4096
5085
947
6318
5447
5148
1321
5675
2935
3355
2358
6408
5111
3344
3523
4010
2760
3958
5255
4540
2299
3832
6359
2411
3804
5875
7198
1025
2625
6592
1525
1640
5543
2970
3633
2104
2169
4397
5815
302
3183
6455
6862
1895
3205
5311
1801
1182
1710
145
5210
4313
170
1844
5582
3116
4376
5594
598
1141
6642
3647
2946
5266
6430
1323
1726
1941
6925
5075
5162
5049
4901
1569
743
6049
5110
2810
2702
560
149
114
1432
4776
3607
1914
2337
2117
296
6643
2707
2251
656
6350
3770
588
6988
1683
4840
6485
2646
1444
1484
1189
39
7219
4898
5391
7426
2902
3692
210
4016
6685
6140
3009
7433
2619
5994
3603
287
1745
911
4053
2749
1559
5905
2515
6152
6081
4884
7470
5545
1750
706
70
4657
4293
1078
4138
4818
593
4210
577
3953
7171
2522
5897
3484
6465
1768
5954
6481
7045
1235
6589
4203
835
840
3438
5214
2557
2324
6122
1659
5939
5987
3180
2178
1136
7122
6059
2688
3313
1906
7238
1058
5782
4927
1798
1876
3071
6306
4809
3202
3285
4792
5251
5287
290
35
2519
1118
823
5192
4638
2886
4902
7143
1624
6283
5893
470
5540
6316
6382
3592
162
538
2744
1483
3935
2735
985
846
426
2645
5288
2770
2537
2692
4430
4178
6887
5514
3921
3611
603
864
4577
3141
1946
50
1337
1552
7220
2470
2765
5098
3695
2685
6555
5417
363
3753
5494
157
1254
6192
2774
4386
1383
4280
4949
6032
5500
5831
3968
2105
379
951
631
7141
1384
1877
3424
3721
2252
2138
7176
6581
1381
5419
5324
3586
5006
1161
6441
3041
2699
7365
4509
1014
3794
7363
5898
3826
3094
3916
2009
3945
6712
5571
3608
5536
6585
5435
2285
3772
4504
1986
6665
1613
3144
1217
5259
844
3435
1101
952
1988
6808
3664
156
5031
4075
660
6375
5267
666
1694
6355
4634
7318
4648
2682
1453
7034
6440
110
3085
4880
4205
7138
1574
1329
278
1923
2531
1604
6454
6615
103
402
7024
5185
499
6576
4263
3128
3620
3644
160
6147
2972
4779
3943
2893
5501
5496
4436
7146
5858
2288
7389
3104
4334
2498
6954
5980
3198
5041
7191
2568
7153
6710
3392
1192
2406
6478
4052
6636
4632
4079
945
1392
4571
5672
639
4340
4005
3610
1230
4066
4908
4274
6535
1469
1460
454
2731
133
3225
5393
6200
1404
5892
6030
6599
5944
5143
448
4197
3123
2783
4341
3750
3929
5367
858
354
4636
6804
3637
4754
2535
3977
7211
3455
5357
7044
3807
7082
458
204
5103
3947
3005
3865
7274
1980
5123
2898
4013
3962
2892
1056
5724
6897
2980
2391
7390
3527
1457
5560
101
2610
1265
4343
3599
3255
2680
5157
47
3734
7236
2130
7474
6520
6596
4064
735
5372
5871
3422
3975
786
5841
4255
1904
5862
1787
1927
69
3295
2368
1162
7399
4889
6602
6686
2843
7367
3500
5385
4193
5082
4429
4202
5427
2102
3784
5727
3308
1649
1636
6542
6875
461
5644
7395
3070
3881
4342
4885
3752
1871
3565
3905
3680
5342
5547
4920
3200
6841
2476
6405
107
980
1071
1881
1888
2846
2949
1311
4667
3264
5430
5696
1522
6737
703
1423
937
1627
2383
2311
3802
4439
6226
1992
2473
4164
2883
7258
981
1223
6606
6323
2072
5747
6367
7303
121
1700
3843
3398
4856
519
1578
7369
2054
7407
2933
7148
732
5679
3663
6629
96
6751
7360
6047
3553
5350
6324
3719
7173
5092
6958
1582
3379
2233
3065
5827
1467
3838
5913
6004
1970
4802
2160
5156
7266
1297
7354
5180
6252
2032
647
5822
7460
2480
7117
7310
3159
2043
1658
788
890
3515
6178
6855
4871
5820
3529
6982
1505
566
3375
669
5792
3329
3346
4117
4093
3539
5826
1949
5096
5760
2214
5835
845
4586
831
3472
1301
1298
1788
475
6471
5188
3671
1907
7157
4670
2823
4650
4400
6254
2108
4610
6778
1100
4311
866
642
1939
4140
819
1365
172
1944
6986
205
343
2188
3518
4537
848
2131
2217
91
4887
373
5017
6877
655
1685
921
4520
5062
2327
3823
6884
2773
2598
745
2367
4721
4395
5562
6902
5196
6580
1897
4595
1417
4380
6166
4089
5087
1393
4020
1639
6940
3677
6061
7287
6150
3056
2221
3176
5045
1468
4557
3480
1974
4790
2321
6095
2849
197
6993
2734
4808
546
6644
449
486
1909
2832
6052
4832
6194
1175
3740
2053
5797
4426
1589
1965
4968
2027
7110
2465
4702
5109
6822
2444
3827
1762
60
6333
6895
4130
4733
970
6039
1643
4463
1363
6894
2493
1313
1630
5538
5
663
2111
2911
1471
5973
7098
6336
4793
6625
7188
813
2579
1546
5187
4362
2307
5338
2856
5665
1922
2939
6961
3421
5174
3534
3390
3756
87
3177
903
522
2462
3787
1652
2270
2945
464
5907
1169
1733
5421
750
2275
3879
4975
1012
4105
5608
7311
7000
830
3496
2180
3972
5819
6860
1273
7425
6466
6450
7233
7336
4114
4128
7075
6579
2620
1784
48
2513
5521
2445
1541
4250
1315
6941
4628
3957
5450
1539
5645
3275
6909
5586
1810
1261
1892
3358
6976
5208
999
6543
5475
3941
2420
6106
2494
615
2082
2171
1110
6572
4883
6312
7170
4712
1780
3263
1562
450
3609
3982
5394
5083
5998
5661
1098
150
3587
6981
3951
5605
2
3441
1545
1702
2995
2602
7147
6574
6588
6066
3222
3893
4960
5142
4410
2181
3736
956
3512
6959
2071
2724
2708
5669
2991
317
1319
1932
1165
6536
6216
5943
1952
3173
6722
5655
4724
2518
7221
2975
1579
5068
6442
6134
7299
158
4475
1369
3739
7445
6803
4758
7322
601
418
5770
2309
6003
1648
1227
1620
4625
7324
2231
3617
2681
7217
6427
2302
2439
179
2940
5516
2019
184
2371
5702
960
3240
850
5158
320
1016
3030
6058
2357
5107
2030
3613
7192
4460
7071
5269
3294
574
5457
6303
5864
3963
5073
2150
3223
7235
7440
1376
7370
6069
6835
2796
3622
1492
3403
82
6903
1010
1245
5257
482
851
2345
1594
5460
5745
1995
4415
2298
5935
4357
5934
1512
6562
1858
612
1761
7386
4575
5277
7480
6709
3146
4222
6531
6067
6356
1207
5270
5985
4817
7364
881
5039
6609
6278
3652
5659
334
2533
4942
6680
7158
6135
1122
2653
3138
513
1493
526
1348
4660
6861
2191
5744
3806
7042
6699
558
2228
4368
5343
6946
1854
4499
2924
5680
2297
2580
5534
5200
2629
625
4265
1160
7486
4612
6726
5895
3429
2642
488
1049
3841
3415
2380
2786
1438
5682
480
904
5506
2145
4727
7088
4407
3623
599
1458
2312
7461
7263
2091
5755
1860
1632
3659
2466
2571
4763
68
2961
4109
2168
4976
7160
3955
4285
6401
5059
1202
709
6045
5876
2837
4900
6197
3226
5264
6730
792
4106
5773
6177
1615
3660
2070
4389
6001
6800
5983
3462
3651
6082
7092
3954
6451
4316
3780
6038
4938
208
4409
3662
1401
5804
1487
753
2185
2087
1938
1074
7472
2524
6578
1777
993
3956
5275
769
3256
6583
2574
5614
2559
2611
7040
1730
6817
755
3717
6411
875
6964
4787
4693
6480
3320
5628
3803
2631
5671
2103
5946
4505
2915
3998
6114
1943
2484
2023
6129
6300
1026
2517
4962
3799
6006
3433
6534
5012
241
4590
3038
3836
3778
4762
408
3257
1243
5769
5787
4256
3244
299
3829
6693
4653
1570
6575
3874
2538
4813
5413
5254
5490
2704
6377
6376
7416
6137
6912
5649
1931
1708
6265
4596
4022
6432
3187
5914
5069
255
3913
5065
3745
4950
6714
2859
6179
4111
3924
2227
5993
6929
4137
4361
6648
1494
7166
4980
5581
3304
6431
2833
531
7421
3381
2527
1729
1590
4448
2109
2158
3197
4508
7396
934
4487
5670
5718
1218
713
3997
6386
1412
5865
2802
731
2189
6527
1064
1263
2818
1695
571
1885
6016
3754
3501
2256
4751
4029
2987
6767
3909
6320
7427
5717
3490
6168
2076
5733
3482
2572
4830
994
7296
3703
5821
5859
917
3730
502
7004
3051
5627
6051
5662
1495
3699
6407
3728
3559
3035
4556
3547
6410
978
2651
3307
508
2278
1411
2316
4133
2508
1686
4134
4855
2838
6083
7120
6529
3210
5130
6013
1034
2151
916
441
6973
4569
169
6383
2709
2099
6752
2958
5734
4644
2967
6914
5694
2695
809
6146
6911
340
892
5710
682
1701
452
2863
4182
5592
7255
2788
4805
5136
1240
3340
6037
3452
1135
4547
4890
6089
3855
3297
2956
4045
2799
4781
4486
1794
4755
1818
628
4654
5855
6593
2895
390
763
6091
1942
3725
7132
4999
5401
4857
2223
1409
7328
392
2265
2467
3650
7237
465
2721
2503
826
6995
2718
5355
5762
7348
1017
6652
907
3767
1479
1678
1703
3215
4642
6489
5300
3097
3485
4551
4624
1675
5832
5979
528
4332
6422
3948
2317
6749
7103
1435
4698
964
2793
2545
1580
6084
7246
3459
2459
6716
7214
7195
2746
6257
4501
4416
6238
3095
7244
5474
556
5485
6623
1834
1832
5577
485
5956
6820
3574
4926
812
2455
1618
3643
2426
200
7467
3532
3550
4319
3476
4903
5146
2569
4039
4249
578
6975
4783
4966
4163
6396
5505
5058
4241
6282
4859
4310
2274
5738
5731
4683
1190
6389
3412
5493
837
648
314
1770
5597
3949
4720
5750
2216
403
3218
2834
5139
4526
770
2423
3757
2388
6344
2211
1371
6508
2959
1021
632
771
1749
6939
3451
873
5574
6915
4155
1831
4643
6128
5873
3317
5730
5166
1386
636
5707
3232
5169
733
557
5713
3760
5548
5010
3345
6498
5151
3669
5455
3145
3326
5578
2074
183
2106
7485
1862
3488
1848
2340
2628
2677
1478
7226
3048
6366
4801
4964
2148
3716
328
153
1664
2998
1556
5168
1220
2063
2372
1248
2399
2277
1830
4018
1666
2092
3148
1983
4043
3481
3965
3571
4579
4422
7156
3253
4897
4206
4478
6463
7483
5612
6126
2212
5416
5234
5544
2661
1102
1711
909
790
4506
4605
7
5922
6110
2192
3983
3271
369
2018
6230
739
6882
238
5386
4517
5398
315
5327
6397
1285
5144
751
1720
5222
5906
2059
4543
2550
1587
1766
6524
5316
2453
3952
5639
4542
430
1948
2342
1387
2570
7314
7451
2761
4730
3635
4348
7302
6111
6776
37
1945
319
1282
2614
3632
326
5554
5966
331
4870
6420
4522
4174
7056
3790
7357
4173
6829
865
7106
3190
516
1913
4662
4570
3585
2290
1018
2139
860
266
421
1366
6384
6926
5007
4470
5304
4012
1971
1816
6002
10
6631
7281
4270
7212
3446
4445
3743
7037
2322
6729
4849
895
3985
1728
3733
6538
478
3521
132
415
6017
396
2884
6308
2014
4086
524
3511
4915
5488
5667
4607
3520
1712
6868
1132
4411
5317
2891
3243
5322
6777
6739
7394
5795
329
5339
5199
4879
6852
2425
5999
4863
3738
1504
180
3724
3876
2235
5896
1601
5042
1584
6525
503
862
2280
834
6464
5818
3034
6331
4631
1322
6249
3729
5637
1984
592
5759
1310
5885
2971
6144
7096
3466
4811
5541
75
6723
5286
7482
543
4943
3341
7224
5808
3394
3638
3493
1879
2206
3236
996
4578
5380
4675
1655
3600
6698
3506
3404
683
871
1068
2052
1819
1934
2257
3907
6622
5567
710
7086
1198
1987
5753
2716
6969
1033
6611
6539
832
1403
3199
1735
1778
4864
7089
6502
5451
3050
7355
7097
3272
3061
1607
1736
961
3242
1434
3969
3658
7393
6256
3276
5786
1364
2913
6869
1705
4626
6189
6510
5022
2831
7154
6246
1531
7251
2058
7301
6025
3562
2800
4146
4208
2643
5055
227
3133
1753
5856
1642
2094
1445
953
2590
2540
1340
3023
1537
6945
209
15
5486
6771
4838
2556
1937
971
7463
5974
2010
6468
2310
4661
4220
5539
5888
5341
5212
2001
4503
6789
2781
447
5076
2941
6121
6546
1258
1903
7404
429
7275
5426
5284
4165
5014
3748
1336
3251
3970
6711
4235
7300
6368
4268
5887
3604
6227
3258
7349
155
3448
3781
4892
518
2149
1031
6174
7005
4701
995
7424
6169
4190
2705
6435
2966
5528
4320
4358
5356
3147
7319
1767
89
422
104
2022
2016
1236
1144
6446
5678
5775
5240
6594
261
1137
4767
5265
4549
1488
1239
3868
5927
5861
5291
259
1400
4673
3979
5432
2853
1204
4532
861
6165
3759
6763
1998
84
5018
5489
2510
2272
2463
7161
3029
1312
3522
3551
5809
6444
1229
6983
4216
701
30
4835
2197
6360
1567
1194
1129
4180
6395
4352
279
3367
2497
1378
6930
4467
4129
4682
3477
457
2242
2526
5211
6918
6896
2182
2268
6072
4635
3086
6224
2339
2017
2095
3260
1232
2563
1427
3018
5705
7457
4527
5517
2474
2616
5520
3166
3686
5925
4080
1278
2375
4402
4335
2416
3882
7181
741
5410
1295
5072
4184
4248
4696
4766
1551
2750
1394
5708
5647
2593
7060
3830
3385
6516
6172
3332
4973
6219
3939
7115
4982
3432
7242
967
6639
7413
4922
1463
5704
1060
5878
4528
6799
4707
6120
661
7093
1919
4907
4425
5533
1717
1902
5224
2051
316
6297
4867
3418
2747
6521
5491
6754
6885
5383
3890
31
6028
7101
3234
3751
6145
2326
6997
4191
2210
3665
4734
759
4480
1477
627
7099
424
5167
2942
3546
7271
1783
3454
7054
511
2269
4725
5883
4791
6358
2133
2901
5926
1454
989
651
7213
4035
80
5133
5373
3408
5663
5081
2637
4378
3747
5230
6439
6774
1600
3894
5558
3278
1142
3098
4641
6828
6703
4167
1999
5838
135
4490
1596
6503
2952
2671
3203
301
6131
842
1921
4592
6694
902
6417
2353
453
3325
5611
5388
3875
2247
667
5066
3312
5995
4251
4141
6288
4169
4081
1561
2700
2460
2038
7036
6627
3217
4104
4427
46
5802
2449
5258
1052
6054
2926
1112
2060
3350
7431
4230
6176
2848
1370
1335
4739
855
723
4384
545
1516
1650
6616
1388
3737
5319
1355
5016
4277
872
958
3646
2483
129
908
2729
5631
5032
2469
338
2433
4826
29
6842
4048
1792
5482
4149
5132
3032
67
4711
4213
3068
3413
3334
7027
6922
512
4359
7135
1266
5141
3284
6284
1485
7412
2306
6259
1968
5697
7458
5094
6142
2389
2694
7108
3175
7340
2814
1127
6783
3447
5313
2154
4156
3096
3269
4985
4639
4601
6217
955
5529
2555
207
5524
4912
1474
5023
2904
3026
304
7218
2609
5542
3040
6338
6587
3194
193
163
1718
4602
698
5712
3362
5207
2654
2390
3666
1007
5736
2291
6193
2136
7223
4756
2743
3076
189
3785
4580
942
6085
3134
45
6834
5570
3280
3697
811
4428
2424
2409
1837
2447
4559
2690
3883
5919
2930
6507
629
5344
54
3687
6948
6559
4065
2633
3871
3127
64
6677
1361
3557
6651
5530
2177
3934
6846
4735
1437
4574
1507
5126
142
4768
7448
7401
2187
652
2086
6692
5599
6299
4152
2566
7278
6550
6409
7350
4269
4623
3083
6335
3115
4874
3342
6603
4645
4302
5278
5606
5945
220
4312
4655
7051
7076
5487
2546
2208
5997
564
6021
3702
990
4822
3782
2842
6963
5904
5690
1225
6326
386
2037
6682
5247
3573
3322
6825
4806
3908
2250
5121
4290
1372
2355
6772
5903
6837
5273
5215
420
4336
5557
4279
376
4144
2865
1138
804
1048
7207
3810
4485
7026
3768
4464
5047
2928
1538
2701
6164
5242
2691
3377
52
515
5765
3073
3732
2015
2234
2253
1083
5364
5446
5774
6421
621
1657
7294
2098
1727
4232
2332
2647
5232
7379
5591
3583
7225
268
5550
3915
6402
3964
203
3192
6399
2534
5408
2553
4810
7329
5962
2486
2120
1751
6456
4998
5964
5552
3039
899
2276
2740
1167
5191
5003
1000
1899
6452
3126
347
4243
4115
6917
1500
1139
4955
7163
2119
3105
6614
97
1781
6234
4031
6244
2841
5576
5434
1314
5674
2005
4893
2115
5909
3254
7073
42
7478
63
6787
2921
3027
2193
6681
4049
1216
5302
5947
2923
131
5924
3776
1527
273
2490
1036
3387
137
810
2378
5079
166
2443
2261
5469
3872
2739
1836
3598
630
5325
1748
216
1508
4807
1152
2576
1024
748
4345
5869
6348
3602
3106
7476
1489
6744
7140
5673
2116
4680
6934
5510
6607
1898
1296
4918
6412
1532
5046
5409
7256
6797
1823
5982
4945
230
6020
3991
3628
1779
6258
4979
3917
3922
3595
1925
3494
1661
1249
4659
1671
490
4815
677
6676
5077
749
3351
83
2174
5120
12
6598
2866
6141
4145
2428
361
7432
191
3967
1097
6112
6379
5976
6635
3818
218
4267
6874
5037
4083
843
1246
3817
2650
7267
2529
789
1251
2627
6905
4393
404
1754
3981
6511
4536
7009
1117
2172
2475
1568
1890
5917
2502
3612
2828
752
6604
4534
6373
5767
3406
2922
4963
1789
1271
6494
6904
3310
2381
3067
5992
3084
6342
6096
3230
6545
3936
2560
536
4524
6695
6460
2237
3933
2757
62
1623
5178
4732
5790
5793
7471
3552
3300
2320
4933
3124
1023
4142
5181
1264
3741
5281
943
5949
4245
3946
6931
4743
2325
5052
3690
6768
353
4924
6679
4718
587
5119
7180
324
2520
1439
4816
6671
6163
7484
3354
5689
6339
2350
2236
6500
6271
2906
6175
6310
941
2124
4633
233
5754
868
6719
2657
3160
3655
325
5824
1689
1470
5721
5420
575
6672
6697
6153
4408
377
6831
1255
5723
2588
86
6380
3575
6148
6906
4785
7066
5743
1929
1840
4860
44
5700
1134
2914
3895
3569
152
576
6220
7164
2811
3812
154
483
965
2667
3764
1307
6325
6533
5849
6476
55
608
1090
2857
1032
4752
662
3788
4451
3584
5519
2909
3137
185
7109
1252
5305
2862
5091
5984
6488
3103
6814
7043
3693
3088
659
6473
573
6076
7455
2386
2365
1953
1338
2203
2226
1533
1418
3712
4047
4396
3906
174
5828
1416
283
4015
5695
3475
1067
4686
3576
6570
6467
5170
3596
5633
6080
4017
6632
6103
7291
4183
1782
6996
3509
6198
3526
501
1158
1719
4972
4775
3537
1900
5739
1448
1349
2041
2648
6298
2081
5347
1055
356
2871
1196
2710
3151
378
5425
7359
2456
4512
5395
2809
2404
5406
4563
7070
5074
7050
7330
5154
3473
2000
6185
7402
3857
2944
4738
385
5729
5376
879
3368
2020
146
459
6293
6170
6770
4228
5588
6515
4034
2511
1679
5959
7182
2542
7285
4862
7385
4019
654
4317
7387
3978
4780
3896
4125
51
6853
280
3120
2478
933
5218
3157
5228
1514
7317
4750
5268
5625
4836
1473
7450
5403
3597
113
484
5796
6346
5863
196
3822
4414
3389
2369
3567
6746
3171
4971
2448
7286
327
6900
235
7240
1846
417
5064
2806
5609
3227
2836
2851
547
4621
7400
2143
6880
3711
7094
6149
5936
4753
93
1918
4021
829
1673
7129
4865
4941
4331
5866
4353
5972
5340
874
4663
4868
3519
1597
1644
614
6854
5331
1928
4554
4413
4552
2413
2045
688
3089
2779
355
2128
1037
2085
532
3548
2830
697
1651
5619
7020
7428
4689
7282
2176
7152
3330
2659
194
2414
3849
5219
4457
2300
2981
3800
6378
5019
3391
649
5615
6541
4568
372
2714
2803
6419
774
2190
2405
2769
5352
1529
4253
6208
1114
5991
6381
1917
5249
1057
467
5525
3420
1989
4564
3457
1796
494
5779
1029
202
6553
4958
6980
814
3072
352
6183
2364
7443
3864
416
1103
2870
791
1019
3731
6447
265
5371
6491
3208
3626
5452
4159
3449
1425
2737
36
5261
4239
3374
7332
3150
393
973
5020
4148
2703
3710
4742
77
1905
2937
974
5449
6024
2763
570
2112
4895
572
6766
968
1267
2764
4665
5701
364
2775
817
5566
686
6307
2662
938
3974
5390
617
5346
584
1571
232
2313
7423
2900
6329
3044
2516
1799
2338
3052
4710
3971
5348
2755
6733
495
1316
670
3544
2201
4839
5848
1089
6074
5941
1912
5872
244
6916
1755
5029
6968
3986
5502
4861
5601
6042
856
3321
6304
1429
4939
1228
5989
5315
1075
1957
517
4560
5585
1356
7134
6675
894
6286
4099
13
6204
2249
4961
7118
5231
2343
775
1087
6717
292
2868
1698
3698
863
5163
5503
4412
5867
6115
6311
6181
7326
3268
4608
3564
5781
7006
5686
6522
6482
5798
1156
5203
4886
2725
1963
5920
1379
3017
992
6117
1219
4990
6469
1741
7232
7085
2675
6094
5480
6886
4363
6971
5147
4326
5308
870
4135
6187
7080
1979
2600
6201
2583
1509
7177
1572
5587
2973
2370
7277
3891
144
5563
3928
2684
922
877
7469
7265
6921
3630
1954
5444
4434
5159
428
1015
2767
4294
4367
5314
5104
6205
2668
5870
5285
4778
4531
6309
7383
2179
479
6365
7261
637
3691
199
3281
1391
618
5642
4983
4440
4199
5321
5381
2451
1826
935
2554
3870
2640
4028
271
2916
6654
2861
3092
3851
7049
4477
4103
708
1959
1237
2096
5579
7420
6514
3286
4002
3904
3744
3419
2040
6433
4119
4007
5362
147
4567
638
4356
2543
624
3887
293
719
5115
2925
5720
6881
3513
3577
6302
4803
1981
4110
3966
2979
1725
7358
442
7373
6557
6548
737
704
5468
159
3155
6755
6666
498
2501
6696
931
3910
6295
4588
3649
679
4957
7341
5466
6314
7028
175
187
5282
3700
6437
4042
2722
5213
3555
2029
151
4820
4192
7011
1011
878
20
5293
4496
4037
6796
6281
2968
3850
7174
4375
5693
2417
5368
362
4077
4788
1382
1065
6819
7007
7283
6601
5370
3440
3769
2243
1241
397
6569
4032
425
776
1815
6241
4453
3129
4581
2785
2801
7197
1577
1436
5044
4726
1682
1094
1603
1328
3837
3479
5140
1208
5569
1515
1342
1969
3121
6741
6621
1951
1575
2377
2198
272
5507
3021
5891
4303
65
987
6155
4271
6678
7462
3531
6186
3181
880
1967
5127
1317
622
7342
3315
43
6011
6586
959
1544
6363
100
1380
6640
633
1684
2356
5465
4500
4308
2641
2050
581
4894
1005
7038
3925
2780
2634
896
1206
1184
3992
533
7374
3932
1804
3616
6806
595
4716
6031
1115
4546
4759
824
3672
2382
1985
5598
2126
1576
1051
2790
4854
2880
6195
6966
5235
5650
2446
2410
6792
1259
3428
6162
1126
2528
5405
4953
229
5955
6790
78
7205
6260
5921
3004
783
6343
4246
6883
5889
5901
6935
4338
5834
1373
1936
2137
1176
2418
6556
3773
345
4744
4132
2875
2304
4044
6404
910
5772
1362
6075
3858
2644
3458
2232
3618
4919
1723
534
7035
6554
4281
5299
1853
407
3561
4719
7003
7405
2638
5476
5732
439
3886
4760
6784
6322
3689
1180
3684
3245
6857
4238
5932
6567
7149
4046
3601
2144
5886
4827
4351
1993
1915
2065
6832
807
5090
2429
1747
6119
1177
1933
3213
1520
445
4051
1806
388
1133
1359
1550
552
5660
3950
6989
1121
339
359
136
4226
1760
2858
4921
2797
6920
2964
6720
6519
2452
6859
4296
6761
2147
3057
6125
4829
1734
6670
4530
2033
455
5279
3779
3042
5780
3460
3442
4970
6721
3156
6667
5933
1447
6040
3327
5825
5573
2532
4139
1318
1283
4102
727
1345
7269
2395
4555
1688
1123
2872
1294
5366
1146
1234
2230
3235
1811
4984
7442
4346
2530
1185
387
1526
