2224
4447
3062
3002
7292
4995
2267
6453
7228
7062
1331
6416
1038
4594
768
4977
3471
7325
597
4236
6154
4688
2927
3715
5453
4525
1732
3110
822
5776
2241
1262
5636
613
130
245
619
838
6597
2254
1771
4289
4825
6773
5026
1626
435
2655
1802
7252
7335
6664
4705
1063
3356
3388
4201
4666
116
79
5543
6430
2183
4927
219
5372
2692
3975
6925
1923
3708
3005
5392
7211
5182
5100
5363
1798
4293
2688
558
5069
1615
3623
408
601
2796
531
5649
2030
881
3398
1122
4362
1784
3736
6699
1579
7472
4790
10
5493
5398
634
392
3297
4422
6037
4220
7214
2793
2913
1587
516
3738
2709
6344
2094
3965
6734
4738
5563
2017
3374
6329
5066
189
1031
5240
4184
5020
1349
5890
2779
1295
7271
4924
855
3134
3781
3245
4788
2446
2858
65
4716
2638
6011
2634
3327
2418
633
1208
2410
1342
1526
807
4338
4037
4668
111
6657
1637
1027
681
40
1006
4794
4003
3010
3118
6811
1595
5113
736
510
761
4177
2464
3468
2064
3261
2947
2173
3489
6222
5225
3393
4844
5445
645
1715
6239
3902
14
849
3259
4562
3380
4094
6775
7169
2225
1428
764
6124
3366
5814
2632
2804
2436
4406
3588
4071
6188
1692
214
2385
6618
882
5837
6071
171
767
6276
2697
5004
5312
1299
3019
6892
305
5709
4847
7165
2319
6626
53
4513
2039
5499
530
694
4845
1880
2816
427
1835
929
4843
470
6643
7439
5259
2879
5725
3352
6171
3152
5908
6988
786
7039
5389
1498
2169
7171
2034
1676
3180
1896
1141
1972
6478
5008
6009
2932
690
4920
2702
2859
3534
4114
1648
3838
6450
3957
4724
7233
1867
1777
3843
4117
6377
5343
4137
4871
418
4093
255
4960
994
3256
5270
5326
3421
4400
2629
1769
7354
3485
3340
2059
809
3095
4249
6146
4755
4626
4605
1794
2716
1934
6084
1703
6546
2834
1181
7314
3650
4720
3985
3550
6508
1102
2063
4966
2342
7097
4661
1400
629
2560
5403
280
4490
5941
4253
7450
1075
6545
3655
1000
5293
2811
2451
1448
51
1429
5074
1271
2414
2015
6931
2463
6381
3432
1032
2588
4129
5780
6942
880
7405
1362
6721
1549
2417
1180
1936
6567
5569
2243
4875
5235
6784
1126
6554
581
6556
4896
5886
6859
6883
611
1133
3057
2589
4308
3004
4476
1293
3867
3705
658
188
7422
7475
2738
7183
7290
6497
6330
4934
5205
5564
5442
4116
4072
6873
1829
1920
738
3323
4479
805
1776
3444
190
3528
5515
2387
2222
3497
3510
4731
2903
793
3046
1153
5688
4349
2896
2984
3465
5397
3900
1656
3980
5027
1124
6043
4449
3100
4582
7196
3309
332
6332
4421
7081
1793
5309
242
6967
5040
4283
6044
3231
4172
33
6628
744
5097
5602
4573
7437
1602
2630
5868
6617
5374
3681
6849
2438
887
6207
3450
3774
3504
4435
7392
4060
5227
237
1757
2166
635
4842
3047
109
1043
1714
6600
105
6090
4272
2536
6549
3560
2733
7464
4617
5009
5145
1455
4965
4126
2860
236
6351
1491
7209
6780
1042
6274
2384
274
2129
3195
6064
888
563
4646
816
4355
5194
2597
3594
1070
4789
3001
3131
3463
1358
5527
1519
6998
1996
5778
4122
5931
4599
5050
4033
1955
6068
2209
7029
6340
2873
1851
4373
7015
4221
4769
2488
1722
3186
6937
2114
4466
2329
1820
2607
966
4618
5337
3395
7201
6809
1625
7260
6653
5294
948
4108
1621
1699
3735
2649
3572
664
1842
5036
2506
2509
2328
4737
6591
2950
5071
2013
3142
3811
915
3563
5436
4495
3122
5125
6445
5553
5714
5128
2199
5923
1554
6296
5840
5197
3132
5070
1168
4176
4278
4181
3673
5771
6738
2954
401
6101
1665
7361
4212
7065
5940
2624
6143
5206
641
3636
4227
7100
4420
7398
3619
6802
3877
3167
760
5703
2421
4708
1069
3172
4774
322
1022
1324
2412
7391
1109
3540
2393
1612
3897
1389
5621
836
2134
1878
1548
4455
4050
2376
73
7222
2713
2756
7067
1157
2333
1374
1085
6086
374
1143
5118
4498
6237
3091
5033
1446
254
5996
539
4377
1828
3360
5565
4952
4385
251
4432
1565
148
5443
4765
897
6974
1628
724
4074
6279
5384
1054
6701
3233
1564
4853
234
1073
2062
702
1800
95
5952
4869
4954
6048
41
7414
7334
2894
2726
3989
2472
1827
551
2910
2157
414
3590
505
1334
5741
3402
1821
7257
687
4026
1093
3478
2587
548
4609
1344
4544
3211
7434
2080
1991
7126
5332
231
674
1924
4541
4994
6970
4443
5138
4300
5329
4672
847
3942
1865
1106
806
2471
263
2766
277
2442
5666
5000
2507
1852
1585
6113
1606
4391
3154
6590
969
6180
3228
6026
1088
6391
5296
4914
1557
1883
2118
984
4252
1290
3191
2167
6305
4276
5149
7419
4519
884
5245
4121
4315
3543
5106
5852
7102
7021
2639
2855
7339
5263
2504
1622
1188
3437
5438
2723
4764
7320
6879
5175
128
2195
1082
1752
4304
2920
1066
3798
4658
3834
5857
4493
6063
3003
4284
6669
1721
1887
7280
6479
2626
17
76
580
3135
4593
6486
6779
206
6035
6876
1072
3201
3996
6659
5683
440
665
3164
5470
2024
4204
4474
4438
1346
3701
300
2305
303
1081
3755
7025
2821
5306
6190
6950
6735
3919
7128
5002
1873
3657
2153
7172
1807
7068
5204
1096
2088
295
998
4327
5590
6788
583
1982
4814
7430
258
3582
4600
1077
6390
1368
2514
2360
6315
5186
6707
2089
3274
7199
1452
7200
7231
6053
371
2215
6810
143
3839
4748
1660
289
1910
4211
178
7064
6932
3995
797
3579
3825
1260
7208
2500
1209
6838
3064
1746
936
1062
4004
2084
1326
3410
5089
256
5833
3994
4360
5135
32
6924
6613
5195
6458
1521
4906
6327
2931
3889
6990
7012
2603
6213
2055
1003
5975
3639
6662
411
1481
5243
6753
1008
6568
1530
462
7447
6057
950
6228
3306
2899
3676
3221
6474
6633
4387
1353
2890
4553
3011
3930
3499
825
2135
3273
4717
779
7381
463
6264
6563
5345
2482
4166
5929
1825
6400
4937
6470
1080
6564
3416
2544
1843
6750
4041
4704
1763
1276
6870
3140
4100
4677
6161
986
5298
1244
4257
3580
1653
492
1893
4561
711
1696
5080
318
728
5692
5854
4288
1756
5334
2615
5811
6899
120
6807
119
2287
7372
4390
1502
7032
520
3425
1269
2969
4392
5015
3927
5244
3149
3107
1030
640
5522
6708
2943
3542
2686
2719
5777
7243
469
5114
5101
5719
5668
4538
1490
857
5183
1440
2751
2636
6663
6357
1681
6584
7052
1667
527
7466
5290
3079
6231
7125
252
3931
6196
4330
7001
5783
6684
2919
3209
2988
6501
2985
2283
1183
2541
6798
1451
671
5555
81
3063
6957
4947
3013
1911
6354
3343
3627
5664
6947
1764
481
4566
5653
7058
335
841
2419
6506
7306
6953
2908
2132
7229
4259
2491
4194
1004
802
7193
5800
6010
98
2260
1113
2349
1419
5216
6361
5942
5595
5899
3517
1874
4695
6210
7435
2584
606
5535
2301
1306
696
3161
4606
6499
2008
6221
3376
6341
1499
6418
678
6100
5523
5593
4740
1654
3252
657
1148
7186
5810
1542
2394
1187
555
3291
3373
4127
4494
5788
5379
4603
4344
3815
6936
336
3212
3178
6927
5737
409
3714
5930
3944
2711
5483
4572
3238
3888
1975
7254
5359
5399
6087
883
7268
2635
4287
1503
5407
972
5915
4417
2194
3758
4370
6582
2323
3363
1242
3470
2049
4458
2752
1357
4583
4841
5910
0
4690
1518
4620
4694
6965
4948
1410
5256
2663
5874
7362
1845
5124
5152
4461
4681
3007
4819
5456
7187
2938
2586
6107
1332
5546
6949
3305
1605
6688
1765
3516
5830
3914
85
5812
3125
1930
1407
905
5262
7288
4905
3216
2874
4073
419
5508
730
6595
5600
1178
3296
6815
6349
6782
6551
6845
3370
7245
5726
3813
7168
423
1994
6826
4935
4674
6764
4489
3347
487
605
1171
6280
1891
1431
3101
433
3333
773
2829
3196
1647
1616
7113
7053
7063
6158
1020
3169
798
2025
5088
5823
2955
5201
876
3114
5237
1395
6552
549
991
5274
7313
5626
4784
7107
7333
2152
1724
923
5957
6136
6858
1849
6353
5238
3820
5458
224
4974
2795
3940
7227
7315
7344
4318
4036
1635
368
3043
6560
2882
982
569
4328
6247
7083
3361
4266
4113
7059
1707
794
1191
4231
2606
2656
4598
310
4295
5479
2596
2351
1107
1147
6743
6182
2888
6337
2794
1543
3112
1704
6747
4225
6073
2617
5839
6978
5378
2612
496
1961
5086
4299
6055
930
4158
3654
5948
4770
1680
1213
5699
5526
1406
2289
4198
4040
1231
6824
924
5250
2575
3641
1772
6374
565
1402
5735
6706
6850
6863
5629
5176
2581
4664
6290
3174
3723
5122
5414
2994
1459
4444
5303
3863
3688
7150
4024
7308
5061
3369
4911
926
2835
6403
1513
5137
4092
4433
348
7030
1805
4059
4507
2674
5715
5440
2953
6724
124
5651
1116
7090
3299
4722
4723
7481
3568
6023
6740
2229
2457
4684
4063
2727
586
2164
5844
5382
2354
7449
623
4584
6839
2523
2011
521
6999
4848
2608
3554
3290
6214
5981
1145
1275
5462
257
7456
5233
5172
4821
1962
6392
3289
1855
5589
2812
4969
6014
5728
2605
2331
2219
3987
4337
4151
4154
6760
5990
94
308
2295
1641
471
285
1250
4027
6748
2993
1713
2284
2820
4709
6266
4747
4746
4616
5260
3911
4186
5654
164
3037
4090
5418
5495
1390
7473
5902
6566
5509
2525
3117
3331
644
24
4076
3570
3918
3976
4381
357
4904
22
3642
6492
1511
676
1977
7376
4539
2878
1200
2492
3629
1592
7410
2787
4798
1803
5253
7014
6955
3445
2031
525
1270
7041
3625
432
6938
6821
2170
1617
3631
5575
1908
3045
1668
5377
5596
2996
2960
758
6891
7377
3866
4640
6872
1475
4545
2044
6328
2782
5681
3060
6705
1002
2673
594
6475
7151
3168
1084
3853
3365
5424
4834
5437
4120
2101
4741
3170
5283
1501
383
2097
5845
4881
7353
456
5916
6689
5354
3469
284
1847
3530
3414
6888
6660
6683
321
6211
3162
4482
5842
3188
3860
2079
6537
99
2565
2012
746
365
1047
3614
2876
6012
3653
4262
7061
2161
6184
3777
1480
5951
5223
7417
3899
5816
4472
3423
389
5099
468
3386
2435
6687
3624
2068
3
3246
186
695
4240
6272
3761
2142
4366
1759
381
1449
5789
1163
4713
6436
4488
3718
3283
3099
906
2599
6398
1247
1456
2363
3113
443
4729
4215
2450
6818
5108
5518
7444
1629
3324
5005
5117
2066
4305
1743
6867
6785
3371
4959
5034
2784
5894
2125
5358
3025
4846
350
6647
6994
5978
437
944
7033
4669
6352
1472
3873
4996
2845
2273
3880
309
2248
2798
4309
691
4866
3075
5722
3892
821
2056
4940
2827
5481
3507
7438
886
1466
6952
1859
2561
1610
3503
226
7031
7270
5635
1864
4085
4491
2666
489
891
620
460
3336
1638
291
2548
3783
4260
3984
5360
4291
1212
6425
3364
2440
6362
1669
3845
3028
2067
1257
6745
4452
3353
3901
2706
3793
2768
2346
168
705
6547
1868
1838
3399
2678
780
2430
3581
4322
4615
4728
7017
529
1309
5471
3861
5758
928
1341
249
2762
815
3241
3678
7259
6509
6093
5038
2936
5784
1305
5454
3279
399
7167
2434
3054
5850
7131
1325
2374
3078
3401
6371
2805
1179
398
7137
4614
4773
3153
497
5512
281
2318
853
6273
2826
1856
6727
7184
3589
5676
5217
1884
7418
6321
5459
9
6523
3525
7307
2562
6495
3549
2057
7159
466
4492
4456
4585
3184
2791
5043
4511
3012
311
2359
6275
3704
7453
1203
25
436
4981
6901
997
6827
1850
1351
2852
4087
4175
1195
514
673
2745
4244
2822
1964
1131
2314
3407
1956
4931
7411
4324
3670
4098
2990
5429
6191
2077
4442
509
4777
1482
954
3792
2905
3182
3214
1281
4157
3318
5618
2867
4123
4354
5463
4418
2917
5900
2075
3179
3461
5805
5950
5428
4956
1174
707
4009
5153
5603
4398
2266
4223
5492
2754
2912
7375
6098
553
4591
6099
6844
391
5013
3960
2048
2771
3206
1958
7436
269
2850
438
1687
6943
4214
5276
2499
2262
2622
4218
3303
2618
1716
784
766
2244
4292
2652
6060
1277
3239
4185
6608
1061
4383
4161
5093
4008
5116
1450
4401
7345
585
5740
4234
7127
6079
6962
3862
7114
3427
4936
6203
7079
267
4771
5221
3082
7095
6836
5289
646
1086
250
4153
796
6173
1674
4649
2660
262
1274
4068
360
1817
6641
6041
2348
2592
5484
2461
3431
7309
859
3000
2658
3634
2255
6369
712
4078
4069
7072
3938
717
4143
1555
5768
2999
225
5911
5958
5220
4589
2974
5361
23
7368
6438
3024
3727
4652
6791
5860
7144
6840
3848
6263
1320
2036
7272
3828
2163
4394
3605
5272
721
195
3090
217
342
1396
6429
2427
6443
3615
74
3668
6908
820
3411
1593
6370
2398
6823
6944
1563
6573
3814
6130
6528
7321
5396
4988
6847
939
4913
4030
932
5202
312
1573
2825
6619
2669
182
1599
2986
2263
4481
839
6865
5799
4786
4992
5295
6646
58
6334
7142
4946
3993
833
173
3467
5246
7002
2202
3809
6765
2415
4691
1523
6015
5155
6532
3726
5604
6781
5607
720
7477
406
165
4833
2604
6668
2156
3049
3383
7366
6167
1155
3545
1377
1997
4365
7010
1303
3621
1441
7023
3224
3102
6364
3682
2422
2330
1193
6565
1608
5054
2293
4497
5912
3869
4254
2003
609
6878
2334
2547
5349
337
6414
5375
1327
5532
5977
5766
1809
2792
2004
1901
1464
6658
5179
3556
349
5189
800
3288
692
1405
7406
6923
889
1422
4431
4812
7215
2696
3833
5053
1535
1814
4101
2918
213
6561
344
2021
6871
2689
2864
7388
2165
5060
3111
1486
1443
1663
1292
2336
4671
7331
4162
4382
7380
2218
2521
6487
6457
5623
1528
650
125
5164
7415
540
134
2006
596
5095
795
5333
6301
754
4745
5365
1497
6159
71
1978
610
2807
4597
5640
7465
4170
6518
6691
5853
7111
2186
3885
4877
6913
2292
1633
7019
2258
1935
4828
276
4483
7284
5209
1201
1092
675
123
6956
4757
3189
2397
59
3937
4685
3538
2361
2748
1534
1841
6127
756
5967
5761
1553
4967
7239
5620
2665
5836
6637
4706
4782
5241
852
4171
3775
7046
2401
4533
2962
5297
1333
6816
4852
4273
6504
177
988
1268
5748
5807
243
4510
2577
579
434
282
2982
6056
2567
6833
1547
1398
3249
3250
5882
1076
3474
5028
4088
6029
7356
6715
6199
5498
112
2758
66
5616
1186
7378
6794
6157
473
4795
3069
6138
4233
3108
1226
4067
351
2869
4070
2687
4372
3926
3648
6372
7441
4637
5537
7136
2564
7124
7179
4611
6428
5102
716
313
6812
6385
5353
4565
3999
4405
4468
7454
1797
5648
1833
4339
1591
2083
366
3842
3505
4772
1677
5248
6649
920
1465
1199
5511
6253
1375
4523
400
2951
6544
3093
4441
4136
3675
975
4056
4878
2730
2113
2294
4944
4872
3439
762
6960
5177
2505
4419
1619
2366
772
127
2965
568
1824
2347
7069
5477
5622
2997
5963
6104
118
1149
1442
122
4286
5742
1672
742
6530
4699
963
2839
11
2885
6757
358
1634
2594
5687
957
4242
6118
1758
6655
5847
6078
1385
3158
914
4891
983
3397
2184
2155
5423
6294
4112
7047
3405
4298
5572
4000
61
6097
3400
4196
4576
3713
2028
2162
1053
7347
4160
6731
3920
7371
2093
6291
2485
4484
5791
2963
801
346
3824
2281
410
2196
6262
3058
6289
4831
7077
3287
3541
5884
6424
1889
1280
6540
554
946
718
1739
6388
5918
212
3486
1059
3854
1773
6848
3694
977
2140
6987
1775
1108
5646
1588
4082
6156
1041
4091
1706
367
506
5193
5369
3912
7078
275
4058
1119
5624
7105
3483
1413
2090
6008
1462
1740
6484
7382
5763
5584
2205
3856
5048
1662
3143
2127
3185
7119
6070
550
729
5160
5021
1709
680
7016
672
4799
7293
2808
5412
5320
3495
4364
6742
1697
1869
4450
4535
140
5473
1560
5986
1304
2100
3720
1211
7202
4714
6218
222
5301
3163
940
3791
6650
1609
5813
4055
4692
976
1339
4179
6462
138
4928
1786
412
2715
1367
6240
589
3801
3349
5150
4515
6229
6786
7397
1421
4761
1170
3558
4909
6065
1960
5583
685
3165
5165
4997
6843
5056
5851
5938
4023
6212
6077
5928
1300
4350
1506
1210
6139
3696
3656
2069
2392
6019
5310
7139
7452
3384
3080
3923
6223
2824
5829
4150
2352
1397
5171
3314
6713
582
108
2601
6793
3789
541
2613
5657
7116
117
6866
6287
2238
6725
1130
722
2373
2539
885
1812
5335
1224
6268
4550
2976
3487
7121
3316
2315
1510
6046
4587
867
2552
5025
3014
1886
1808
4558
4423
2479
6513
264
4107
248
3578
3220
7234
6483
7304
6496
5513
4437
270
2877
2107
7203
3301
4465
4882
4118
3492
1420
2789
6033
2854
1790
7248
5764
6000
3707
4991
5749
1099
4516
7295
6910
4651
4876
2286
5173
2335
57
7013
1645
6992
2341
2141
3372
3066
21
4188
1646
2813
3409
4187
4989
7403
215
962
2776
333
5439
16
537
2753
6233
604
2002
228
6612
5063
3606
223
1287
4932
5057
2889
4850
1284
5271
1140
5404
1875
6984
1330
2481
7316
4679
5756
3524
5988
4
1350
4824
3819
2207
7133
2817
3821
1690
6907
747
2468
5472
4025
28
2698
1822
6132
1214
5433
3337
5129
3831
4518
2264
7305
2777
3990
4404
2344
2239
7276
6105
1813
4229
6732
869
6795
559
5677
247
181
3795
6856
3762
5226
18
6805
382
6267
3130
240
1408
6919
7343
5711
1795
2042
5794
7446
446
288
7351
1894
3878
5001
3840
6394
2220
7468
5970
1238
6027
2362
6347
1461
2585
4061
6215
2296
3766
6018
6526
3292
7091
808
1302
4823
6285
3536
6202
7162
4038
3722
6242
5641
2720
6251
4200
4703
1233
3081
6345
176
6102
7112
4147
1154
5969
1079
2728
1774
4502
4514
6505
5643
5030
544
3139
7249
854
7130
5716
5411
6977
4917
4325
4306
4851
778
6088
2664
6448
2175
141
306
3348
5035
6933
4258
5497
3973
6571
1947
3679
3796
1430
7084
4261
1731
3797
725
3074
828
4124
4923
7194
1693
7123
5801
4925
643
4264
5617
6728
925
5161
7384
1791
757
4749
7247
4014
590
2271
5078
167
5131
799
5880
1279
6413
298
2303
1095
4001
1128
781
4195
607
3640
294
5184
3667
7190
6830
1496
1566
2477
693
2431
7189
1973
3193
2549
3835
4630
668
4521
2887
5323
5965
979
4873
3077
491
7327
3434
507
6133
5229
2396
2978
2245
1125
567
126
5846
1001
5806
653
1035
5252
5504
4548
5561
4379
5559
6674
6512
2282
161
4057
6160
3059
5757
898
2621
198
4399
6036
2246
714
949
3903
6243
4006
6577
4715
1104
7408
3382
3816
5467
2110
1476
6022
726
370
1111
3988
1540
2732
4837
413
3674
6459
6005
715
803
1343
7057
341
2408
5638
7008
919
4796
2670
2379
6718
3053
4471
3036
4462
2489
684
2458
4247
4629
5330
4131
246
3453
5698
6864
6092
3016
6270
1611
1221
7338
3661
2881
3207
2061
3302
1045
4951
92
5190
1424
323
5752
6517
5658
4647
6319
3808
4333
4321
5024
3417
913
1785
5632
201
6951
602
844
2400
4509
3136
3620
3308
1558
6756
5075
4197
1966
901
735
1861
743
1151
3846
5547
1525
3884
6030
2368
2407
5110
4429
2774
3685
7474
3784
4079
2736
4889
297
5994
2989
2646
5944
4347
5953
523
4804
3645
5987
2259
4168
2537
145
593
6449
4203
7390
5162
6589
5448
1217
3128
6972
27
2568
1323
7122
4205
7087
6454
157
6269
2406
3832
90
6490
204
7074
787
3198
6686
3508
3692
3935
6049
5582
4301
3225
1950
4636
5862
4754
4424
6261
7176
2778
1871
3844
6108
7082
2299
3881
5782
3953
1552
4224
3144
493
2251
1801
6
4678
6152
162
6316
7399
3438
2009
6542
4340
4687
4138
7210
1433
1988
2470
260
3033
777
4473
1559
1631
4619
6493
4342
616
2252
103
5148
4397
4571
3266
6461
6081
7141
1750
2178
476
1640
2759
591
4329
7178
7145
3237
3898
3695
3772
2117
287
2957
7191
700
1895
2035
7146
6605
7250
1986
823
1624
1976
7238
2898
5961
4193
1484
4809
3313
2682
1254
6122
4657
1272
1
5724
3087
952
2213
1161
1569
6423
2840
5461
221
3204
7312
448
4840
5084
2760
2744
2102
2285
2495
5041
1927
5551
5727
3770
3706
3006
1235
2515
3683
2847
3514
2138
3637
1745
6702
3527
211
2159
4792
1091
2843
3804
927
3202
6481
912
7219
290
6200
6710
2324
1460
3749
1787
149
2645
6250
6642
6592
4066
1044
3968
6283
6350
2685
3945
1182
5841
3865
6318
1230
4274
6634
2411
858
139
354
402
4219
740
2610
1839
6890
3141
900
210
4700
6255
1050
5672
6355
5803
499
4613
4341
3680
1683
444
3805
3611
6147
4064
2498
38
560
3977
5098
2437
6712
3905
296
1162
3070
5214
4627
4202
5971
3298
7055
6206
2977
6758
4504
1906
1384
7426
6306
2625
1636
4930
4818
4013
1710
5435
6248
50
3455
1483
3094
6979
4632
588
4209
5082
5881
5085
1414
5571
5006
3435
5652
1399
379
5817
5387
2970
1863
461
3422
6472
2980
7264
110
3055
5691
1354
1222
5897
4263
6140
6465
1105
35
5968
4217
5031
5580
4884
6292
2078
6359
538
239
4084
1025
1726
3565
4901
3607
6059
3599
101
639
5496
458
4949
4436
5898
1614
656
6317
4314
72
192
3586
3794
4210
102
1941
603
5287
6426
6192
2104
472
3229
2122
2558
5367
2765
3847
2512
1877
6277
2007
1265
431
2573
3247
5157
2531
631
7395
7138
1524
1744
1914
2749
4371
4016
4676
6235
5879
1329
840
1453
4776
2519
1101
5236
4386
6050
5815
5336
7367
1432
5419
3752
1404
7289
3335
7198
1694
2946
1583
1014
2200
4005
6665
3592
835
6520
5400
4430
5594
39
330
6581
1321
5292
7297
5954
5540
6661
4280
2892
2522
3962
7045
4908
7143
1337
3765
3943
6862
846
5198
7318
2886
1040
5393
2073
2402
26
474
945
7241
5311
5494
3344
3734
1189
7253
4902
3328
5630
2551
3484
706
3807
5536
4885
5351
1670
6441
1926
5831
864
2907
5905
5560
5143
2731
7220
3267
2948
4011
1659
5545
6615
2717
7389
5746
5706
6985
6762
394
5500
3119
6804
1980
4898
577
2046
5385
6555
1870
660
2240
5112
3958
2935
4010
3608
7365
4178
6485
3921
3009
4446
156
734
2123
3311
3262
2972
3430
5324
1381
2358
1136
380
2591
3535
6313
278
3610
6123
3500
1904
5675
5391
5514
4622
5939
6620
827
6673
4540
5067
6032
2934
4343
7230
6576
302
1469
5644
7470
88
3750
4880
5251
3396
1536
500
1197
3424
1742
5049
1392
6954
6736
47
3721
114
5123
6685
4978
1598
3947
542
6602
6636
3104
5288
3753
911
6599
426
5103
2391
5192
7185
253
1118
3633
4916
3502
4929
5427
115
5892
2810
4255
6638
6434
3644
2893
4052
6759
133
6209
1649
5656
7204
3109
2680
4779
5980
5267
2770
2619
3929
3319
3959
6455
1046
5447
1205
6408
2783
2707
6382
2026
19
3285
5051
1940
4910
4297
5357
1613
170
985
6535
477
1058
2288
1383
1876
562
7153
666
5501
2712
7206
951
5328
5960
1352
1844
2844
4736
3085
5685
5417
1946
3183
6375
2741
7034
5893
70
1078
2693
5402
4376
3426
5011
598
4334
6875
4800
3826
3664
2595
4097
626
3041
2557
6645
6808
1056
5858
4899
1768
6887
1286
384
1253
3523
3392
49
69
4604
3293
4638
1256
2902
1166
4469
4313
6440
5875
3859
2897
286
3255
5210
7024
7274
106
2204
2105
454
4529
1192
818
6897
4075
2337
4237
7363
4634
6245
3647
3603
1581
160
699
2130
6851
3355
3295
7429
7018
7236
1691
1444
2676
7044
4648
4858
5105
1164
3123
6151
7346
1457
947
3205
6596
1291
1574
6893
6610
4096
3071
6585
1517
5111
2735
4577
5239
2699
5342
1604
1159
2535
6034
4053
7352
5255
3116
3786
363
5266
3916
7433
5871
5185
2704
2311
7217
3294
4368
5983
1522
4980
3304
6168
5045
184
5634
6606
6038
1700
663
3226
7098
5895
3893
482
5628
566
2846
3346
3379
850
2214
5717
2961
2653
4586
1227
1562
513
3717
158
3515
3951
343
5935
6877
4758
7396
96
2188
3159
6575
3802
713
464
6216
2940
2473
6709
2217
6137
6067
4595
2256
7170
6106
5475
5196
4693
3030
1301
1169
4409
3547
526
5254
6835
3539
4520
1854
7075
2316
2312
5581
2270
3529
1223
3553
7299
937
3803
3972
3056
3496
3730
6356
121
2357
3955
2150
522
2533
2493
2496
6959
3677
4590
732
6039
6006
792
5751
830
2571
6903
625
1590
1401
2444
866
3482
3197
4938
5760
1729
6690
2131
3441
2462
3740
1639
615
5188
1632
6964
1995
5174
7110
2072
6767
6226
5769
6427
3433
2023
4887
2111
3187
1175
890
4950
1938
2345
6480
6976
6129
3257
2032
2181
1545
6648
2527
7258
5773
3699
2631
1586
1423
6179
2327
3443
6312
4275
2227
449
5338
5787
6769
2189
2103
2298
6432
1643
5062
2019
4357
7188
993
2494
3375
917
1376
6058
1172
4976
1315
2228
3480
1243
1860
5659
2538
4625
5430
5092
4968
4817
2420
1761
1589
788
7407
6982
1245
5269
7427
5993
5109
2180
5450
1492
2297
5158
6534
1922
3841
1658
3913
320
1010
3874
3587
1582
5913
7266
5745
1494
6135
6197
6410
373
2158
5669
3490
5534
3703
1939
5421
5096
5413
5744
5073
6254
7166
1708
3956
4888
6841
4109
6016
4311
5208
6047
2833
4575
3879
6407
4962
7337
6300
172
197
2076
5702
5068
5733
6471
4130
4499
5670
6324
3909
1417
2832
3663
2818
6166
4475
6726
1202
60
4029
4089
4415
1578
978
1738
3329
3244
5586
1505
6722
4751
2278
4361
3852
999
2231
2043
179
6069
6045
5187
7460
6051
2221
1110
5017
5264
1261
1165
6693
1788
5460
642
5943
647
6536
5973
6778
1965
1363
6531
6902
1932
5826
2054
6386
3015
7298
1016
68
4128
2082
1471
3827
486
1990
4667
6061
2321
1931
2915
7147
1438
2580
6588
5821
2367
7324
769
1970
3263
6629
3138
2465
3997
7173
3146
91
7416
5864
7369
7445
921
5083
2108
7310
956
6855
2802
3390
4111
848
1909
5662
4463
2773
6082
1888
2786
1992
2995
5937
6236
6737
6333
612
3829
2681
3963
6800
150
1071
4653
3222
2611
4105
4460
5521
4660
6817
1150
3240
3799
6572
5680
5907
6644
1298
4793
2823
2620
2929
4727
4505
6993
3035
5065
2524
981
6803
6066
6401
7221
1215
1311
1944
4389
3728
3501
4095
2439
4900
6941
893
4670
508
2487
6909
3223
960
3415
7262
6405
5156
3771
107
6578
7042
3559
1263
7480
1858
1546
2939
5627
6367
5012
5516
1365
7160
7022
6562
2924
6680
1411
5804
4487
6411
2651
7148
1218
2598
4380
4407
1026
4856
4133
6895
2168
1974
1074
3652
4106
3924
4813
6442
3660
299
7088
1160
4369
4628
2091
5747
7303
7364
3941
3462
571
4763
6625
7360
5431
7157
7323
2466
2484
1733
1049
6986
4830
6303
5934
753
6052
6278
1313
5822
5605
4316
845
2708
7040
4650
6861
2642
903
2309
7322
480
1730
669
450
5770
1952
1495
4022
1780
3617
3065
831
7004
4721
5257
3512
6609
2380
2579
3436
7216
3954
5645
3429
7155
1173
502
1570
7311
5696
4395
2185
4808
241
3662
2027
1943
4323
4787
5039
6580
1907
7386
5506
6003
6543
5671
3277
6150
4020
703
3307
2987
6894
3593
5946
5538
2145
3320
2308
6001
7263
2578
875
2053
819
208
3778
2734
5820
5394
7192
3659
2837
6323
3038
2480
3472
2070
1100
3264
1652
2383
5277
709
6714
5827
6940
6114
6822
6981
745
6320
6527
1627
5562
1539
5142
5819
5457
8
2109
6134
655
1881
82
1487
7370
3754
4439
2883
2623
6451
1737
1892
4702
3609
2518
5755
2160
6265
6466
5985
5490
2071
3176
3745
813
3358
6095
1702
5200
1695
4140
6583
4832
4426
5876
3173
2991
3982
5087
4712
3403
574
3787
2233
2191
7461
5682
5797
1493
546
2476
4256
7092
3780
1348
1897
6431
6336
2087
5679
4975
3836
2
2945
6751
6912
2302
48
2307
3756
7425
3518
970
3998
6574
317
1393
7440
4762
2371
6579
599
3739
2275
1012
4537
519
2559
3806
5107
2849
205
4250
5865
2949
2445
7287
5275
5661
2572
5998
1949
4508
4557
1412
4556
4612
1297
6004
2856
1620
6946
6194
851
4610
7071
3719
7000
755
4942
1319
4285
904
1810
3275
2171
1207
1369
2975
5655
2574
1885
2724
6376
7117
334
1467
3651
2911
3622
5859
980
4802
5718
2441
5059
6252
6929
2933
7336
87
1098
934
5608
1468
4596
5792
6177
6961
6958
4883
3381
4164
2602
1630
5665
7158
1541
6558
5914
4222
6178
3359
3613
1458
4986
731
3823
475
4448
5835
5614
7235
7421
2513
4410
1064
488
1594
3177
3671
2517
6730
7296
750
5
3200
4733
6860
1273
1762
7486
3051
1685
5350
2403
4265
1512
5180
6884
4459
6622
1879
2235
2455
5380
3466
1642
2556
6225
5855
1778
7328
1618
1705
6939
1913
6928
4043
7056
4012
2590
3404
3048
396
1834
2223
5401
5234
3790
1322
4503
2895
3061
7089
3767
5146
2216
6829
7355
4999
6230
5832
307
415
6752
2661
2503
6420
3272
5786
2550
5731
4849
4522
4897
4543
5613
5042
478
6700
2206
6698
5966
4805
1135
7106
2718
1770
5750
5974
7156
5637
5007
6384
5441
452
5979
315
2099
3218
739
826
3855
429
5488
5856
4547
6820
5486
6973
1848
3341
3023
2280
2545
1386
1862
4155
2569
1664
5212
6945
785
6975
6111
909
3970
6366
5707
4797
3031
1434
4579
6110
2274
6246
3757
5322
2672
1832
3743
4870
871
3236
7195
3271
2788
5426
4374
683
4478
592
227
5795
632
3948
6630
5485
5327
4348
907
5455
4631
4987
2014
4526
1504
5818
7103
7348
1366
6711
3532
7451
5505
3242
3600
2958
369
4838
4165
1655
4683
4189
3446
6729
6238
2425
543
37
2151
4454
3716
3394
5166
710
2863
5022
7483
6510
4270
5612
6898
503
2399
1818
5734
1678
1601
4542
5010
4879
557
1580
5474
2018
1403
2838
5713
1675
873
7246
5076
6926
2831
1435
2148
1289
3969
5577
7301
3215
2279
1819
4643
5694
3748
3459
6969
4310
5300
4501
1903
5307
6868
2052
3952
1937
1971
4569
266
528
4857
6498
4781
3907
3562
4964
238
2317
751
1336
3034
6007
3050
6463
2570
5386
2010
6128
3345
4943
6083
1945
4045
1711
3493
2001
1556
7394
1479
3145
3412
7086
1282
2322
6468
340
4859
465
200
4163
2998
2891
3022
790
4416
169
6002
6397
7467
6771
5014
578
5906
6749
3983
3282
6789
5710
1749
329
180
5144
6256
5885
2721
5574
4086
2582
3949
4173
1736
1984
6383
2746
2967
3020
770
2192
1308
6415
1364
2388
5318
2459
485
953
3190
3481
3961
1371
3635
6249
4662
319
153
6091
1387
2956
2290
6852
4403
865
3452
6331
6489
862
504
6013
3148
3876
5554
3232
1310
2695
7479
6611
447
5548
5451
3097
5738
3733
2106
964
1666
6422
837
5873
1831
3276
682
5592
3724
5284
2257
3638
5130
6396
2761
4926
6144
430
2781
5762
6502
4915
6308
2265
1531
5544
4039
1942
6716
4864
4730
7281
6538
4578
3243
1830
5956
1866
5597
5151
2677
4182
6652
2211
3511
2467
556
6723
2453
2146
1258
6882
1248
7485
5808
1033
4206
5316
2277
2800
1478
6121
5578
5730
2540
5286
5055
2508
3133
1021
918
7132
6624
1607
7120
4054
4903
4644
1132
1753
2092
3253
5888
3210
3658
4811
860
5759
1720
2058
832
1983
3451
3498
5341
6025
5753
2310
6126
7
6525
6539
183
15
7404
331
3571
7357
4146
403
6017
3251
5339
3317
2372
4241
1068
812
4470
7463
1987
1712
6524
4654
7212
2454
636
209
6464
2983
4134
1584
4411
1198
4517
6593
5136
2074
1948
7302
6739
4624
1766
971
3521
5541
1537
3632
6915
2426
1034
7037
5168
3476
2643
1220
961
1728
5667
6389
314
56
4018
6631
326
892
4607
4642
1340
3488
1701
4675
2340
5139
6257
451
4208
5317
4863
7224
2679
7096
4445
3760
5416
3574
3725
1409
2941
3326
2423
4506
524
3643
6529
4890
648
5222
328
4570
4332
2212
4855
5999
6995
4551
7482
3669
5355
2139
1686
771
996
6911
733
6777
7275
1445
2959
2614
2799
5169
7244
6282
4174
1190
2971
4319
5539
1735
6089
2628
628
5922
6623
132
5896
4801
6914
5058
4282
2884
7154
5199
5304
7251
5639
6813
441
4486
5567
1017
6189
1240
7237
7255
916
421
3506
1018
4783
765
2992
3520
3729
4698
895
6776
390
3585
6869
3199
1285
1816
7226
834
763
75
7393
3939
404
624
4886
3032
3280
878
1500
7261
1090
1267
3882
7330
6886
5072
697
2475
2428
3894
630
4047
587
5178
5720
155
3083
7161
6062
7218
6635
52
2325
5861
6310
5464
3557
6766
3712
4732
6326
3872
6917
5866
576
2177
5091
36
4048
6997
4251
6074
5444
1963
5469
1236
3687
2694
6174
2922
2041
5872
6169
662
2276
467
1846
5422
6594
3768
1394
1083
5552
5213
1007
6697
1989
2112
4680
829
6825
5765
1239
1718
4269
627
2981
3073
759
4710
5278
6335
4034
3971
3595
4750
3377
5904
4083
4015
5381
689
5525
3697
638
6028
3895
7469
199
159
7340
7379
1509
154
3387
5697
6880
614
941
259
2272
2916
5434
6774
6219
6905
6533
1902
6314
5315
3325
943
5615
1507
5167
6553
416
4696
2973
6117
2868
4144
4860
1437
5406
375
5917
2866
1229
3868
4803
5674
1767
1916
3564
6120
4152
1719
1572
2747
3577
515
7005
142
3875
4081
3227
2143
7349
3160
5258
1427
5690
7401
5452
1779
4294
6311
6346
2051
4080
4408
4477
3548
6220
6094
654
6639
4768
5802
5308
7182
185
3151
874
1388
151
5790
3068
63
2197
5798
2755
187
6904
5576
870
3537
1474
6694
6500
1335
2737
6342
2701
3086
4588
3330
1314
1538
1134
6675
7011
532
6814
3175
572
3991
974
6963
4892
5824
4002
5047
6378
7424
3612
3106
5995
1485
4826
1097
1416
2416
6185
5964
1139
5395
2842
5867
3981
2038
3342
3351
877
6948
4810
7101
5920
4440
7164
7180
922
3602
1251
3526
3312
1477
3597
5587
6503
5261
2460
973
4159
4743
4961
4895
4735
3217
7109
7256
5510
230
490
5689
316
2857
376
2529
535
1644
1232
5347
1060
6170
1836
5265
4979
7383
1312
6439
7291
4384
791
4363
395
3103
1057
6900
361
6787
1899
1463
3044
2249
4302
4425
2904
4512
3583
3334
3626
174
7413
4867
7094
2925
5032
811
5449
2775
810
6373
6395
7471
3166
573
4192
3883
4767
2154
6834
6412
5291
4367
5230
2691
1959
1489
4785
7326
2546
3362
4021
2247
2830
5549
856
1418
7285
3908
2554
2853
4235
2966
2667
6176
518
6456
4922
5863
5352
3776
4119
4232
3322
5207
3084
6671
3300
3979
7066
5376
5530
7054
1307
5191
1255
2979
6916
7317
4065
5529
6522
1264
2684
2413
4393
5723
741
5478
2668
77
1928
4985
4353
137
3473
3260
135
6115
6469
218
5989
2497
5344
6020
7265
938
7099
4775
4580
175
1415
5767
2448
3822
2921
5528
4169
7358
817
708
55
3857
2432
5313
6488
324
7423
4718
990
4352
5218
6679
2648
1378
5491
3915
5878
1316
2326
6473
2119
1356
3851
1921
1029
5119
6511
202
4874
144
4396
93
5023
7286
129
6846
7319
6521
1567
6676
4457
6208
4861
2944
261
417
2900
6149
3759
2386
6587
7028
6141
80
7073
292
6799
4268
2675
4312
5018
2806
5487
4007
3891
2563
5052
5588
283
2640
4602
265
5984
6768
2703
1527
4560
4957
1137
2136
3691
4028
2045
1194
5247
5141
2555
3890
804
2355
2022
958
6148
2865
5927
3596
3254
1529
4659
1661
6991
5601
6297
6719
5029
3764
6632
1167
6996
2005
6145
1114
4682
5120
584
2381
5115
677
7135
6627
6417
3115
1158
1792
5228
5154
5302
3746
1338
7341
3203
4835
2179
3690
42
2375
2353
4663
5132
4958
3096
3974
4451
352
355
719
6482
4549
4807
5924
1900
2115
933
5925
5319
5997
364
2338
2343
6983
3604
6614
5570
6227
13
4248
861
7428
4621
7006
5542
271
6934
1425
3127
1796
4641
1840
3552
7273
2803
6783
2449
3208
2320
2332
6968
62
220
4017
5557
244
4971
7448
2937
3870
2729
6175
4972
3076
2637
7278
4167
4216
686
83
5134
4527
2764
4806
20
44
2501
511
372
5736
424
2190
2478
547
4623
2526
4836
2404
3192
5383
5285
3268
5992
1698
5420
5579
4822
2542
6080
1968
3628
7108
4199
651
6172
5409
5887
6603
3171
4633
2085
5121
5754
1799
428
5408
1103
2819
146
356
4358
1370
7076
5647
868
5224
4725
6299
2593
5362
1650
6885
661
4665
7051
273
1089
6918
688
1623
6293
6042
7020
4480
2683
7093
6770
5364
7225
1360
1117
377
1781
3332
992
7432
4778
2037
6666
3849
3573
3286
5432
3150
1037
4893
4378
2447
3546
494
6399
935
3747
1826
64
3906
4464
6096
5348
2424
7163
7294
393
704
1782
347
4135
2409
3964
6271
2862
4608
5903
1228
2815
1533
3737
7043
4933
7277
2647
1067
5721
5203
7232
5273
3711
1561
5181
2516
6309
6116
5982
7443
5480
1568
6717
1196
4190
3120
4998
4862
2300
618
1028
2236
6703
2583
775
2208
45
1138
968
5678
2210
6131
4564
6452
5550
6598
2627
5695
3039
5104
5133
3666
2095
3978
5705
4592
7049
4534
2187
6054
5775
46
2261
293
5373
5611
600
2490
1917
2942
637
2841
5282
5838
6491
4655
6541
7359
752
5609
1657
3788
6338
3067
2174
4689
7458
7420
4753
5708
2016
3522
5482
6358
1266
6607
1052
457
5739
3194
1024
5949
6692
6437
6550
4320
4820
6205
5779
1671
7036
1748
4955
6435
4686
268
6421
1751
6112
4191
942
3698
3457
894
5321
1597
7118
5346
1679
2520
2650
6651
621
453
6307
5642
5340
2659
7026
3946
4742
196
5591
1954
3686
4907
2193
6980
7050
789
3731
3017
3576
3763
5619
2700
1023
4149
5919
698
6402
2124
6681
5019
2710
6696
3646
1929
3544
2502
3817
6419
3027
1379
1979
1216
31
2861
3040
2116
5163
5585
2350
6284
6295
4963
3630
7267
207
2814
4031
194
2914
3810
6298
4734
3782
3910
2364
1204
4816
3368
6557
4317
4983
4428
4279
4635
6286
2443
6409
6797
4345
4115
872
617
152
1514
2121
3519
7300
6515
4645
5159
965
3575
1296
5976
353
5809
3509
2901
1156
325
989
2763
570
7115
3934
6193
6682
3693
6021
2553
6460
1953
2182
2510
30
5558
3864
147
3281
2020
5870
7181
6348
163
6604
4245
5843
4639
4973
2743
5947
5077
3155
7207
4467
6024
5232
4485
193
279
4554
6164
6922
3418
1725
459
4524
5936
3584
6365
4990
7455
6656
386
5325
6201
3137
3234
3591
86
5268
2250
327
4142
5147
3447
233
1925
7085
5094
4815
842
3742
5704
232
6387
512
1454
7329
6654
1127
4414
2534
1055
3448
4331
4707
5849
84
1278
4945
7060
3408
2566
4148
575
4125
6379
2848
1918
6234
2654
6142
6217
6616
5003
3147
495
2576
7402
5633
6853
3555
2690
7134
5883
2633
1142
2739
1689
166
3258
1516
6516
2268
2128
1439
6204
659
5502
3157
7140
7484
6570
301
2657
749
5533
5037
1009
2616
4336
7070
4267
5281
4110
6072
6476
4277
4780
483
420
378
7027
29
2133
4567
5828
5625
5700
3098
5701
4335
6559
6772
3904
670
2029
7457
3710
4035
6447
1372
2928
422
3378
1882
1036
2836
67
7129
3917
6433
7373
4290
3936
3219
1596
6183
1783
4552
3230
843
4104
3419
4574
3732
5774
5016
4356
6930
6672
2203
1011
7213
89
4427
1144
6763
748
2809
7242
4739
1919
5249
4049
5081
1048
3105
1225
1754
5314
4145
1361
2469
5877
2952
5446
5610
5781
5673
5390
1015
1999
4239
4756
723
2098
4019
1532
1246
5869
3278
2370
3744
6494
5991
1473
6854
4941
679
2081
5568
7279
2456
2369
4918
649
385
6754
3126
814
2201
498
6837
3966
5215
3986
2543
1998
2086
4141
479
902
4701
1600
6302
879
4230
5848
1355
2474
6842
6507
4791
4528
5126
2176
2306
2313
2870
5425
4326
2378
1872
4559
6380
3551
6339
5517
6224
7459
3391
2851
6163
6103
774
7478
3052
3475
908
1789
4156
2234
3933
6076
7412
6548
4496
5079
4402
4413
2365
1249
3018
2923
2828
5211
995
5046
1152
6181
2725
484
2714
4213
5219
3751
3406
216
6744
3088
5796
6085
1252
6232
2609
1551
3354
6755
5415
4839
2930
6874
5231
536
6444
1755
3812
1488
203
3928
5489
3494
7385
1347
1673
3367
3700
2722
3922
4563
6906
967
5064
104
6889
1571
5599
3454
6325
1112
5686
4912
97
2096
1823
3477
5793
5606
2040
6514
6971
1905
2483
2926
131
3800
3269
1981
4531
931
2172
955
7282
6258
3830
5305
3649
3124
3785
3026
3029
3284
3072
7431
4228
6467
113
5743
5959
6288
564
1837
1651
4103
2769
235
5972
652
3092
899
7240
2242
6244
7009
5170
6746
5410
2600
737
7476
7400
1087
863
2871
442
2433
2511
2291
3741
4868
4062
7152
5945
2253
2269
3702
501
2772
304
4532
6187
2120
1898
3871
6198
3598
5466
3967
3389
2339
7080
1019
191
5631
3569
4243
701
4359
4042
6446
6368
2237
5520
2662
6881
4766
5663
5356
2740
667
2705
1727
54
2909
2750
2906
3350
4752
4536
5331
6259
1129
3449
2149
6828
3513
3413
517
4434
2671
4568
1890
4099
6896
6733
1741
3896
6304
6153
7350
5468
5388
4673
1717
3818
3665
2226
7177
1470
7332
5712
3310
3456
3567
5962
2405
3089
1912
12
4183
5242
4939
545
3420
1237
1957
1391
2390
338
3321
7387
6921
3270
2757
3385
2767
7223
1508
4601
5524
5566
608
2060
4180
2000
2486
4412
6165
4307
5519
5371
6695
4711
5926
4982
4865
1219
3887
6831
5729
5909
6360
6677
2389
5503
622
7175
5660
5932
3601
896
6832
1760
3837
1804
6720
78
1115
272
4500
2382
1426
2232
5732
359
3156
4656
4132
2452
1146
2230
5465
1094
5127
7048
2532
3428
6819
5280
552
3338
6989
4226
100
3181
2304
1121
6260
1806
1234
1359
3021
3925
2780
1951
7269
3533
3773
4303
6640
1185
4953
6741
4032
43
1550
6792
388
5476
5684
3850
7342
7003
6601
2964
1447
6796
6678
7149
5785
1283
5366
3339
4139
5921
5368
2047
6162
2872
1373
782
3213
6343
2429
1123
387
2641
1345
136
3265
7104
2880
3561
1051
1177
1723
5405
6586
5140
1005
4894
6155
3689
2377
4970
2395
6670
1682
1969
1259
6806
7038
6281
2356
3357
3464
6404
1039
1520
5598
1811
5531
3616
1815
910
6761
6406
4102
7174
2050
2126
5772
4919
4077
4921
6519
345
534
6966
4827
3769
2968
4993
2801
3315
1688
2797
3248
3491
595
6186
5370
2785
4581
3932
727
5889
6031
2137
1328
6704
439
5299
7283
4346
1576
5090
5825
4375
2144
1985
987
7035
1184
3121
2528
6569
1013
4555
4854
7409
6790
7462
3442
5573
7374
5650
397
3531
4351
2875
4719
2644
3886
3779
3858
3479
6801
1515
3440
3458
6040
4296
362
3566
1380
4744
34
1241
6363
1065
445
2033
4760
6935
3618
5693
1544
4829
4046
6119
1317
7442
2790
7007
6621
3992
1577
5279
776
4044
824
1294
5044
5891
1206
3042
3672
5933
4238
4281
4759
6920
405
6857
783
1993
4726
425
1436
6322
6241
3008
1575
1684
229
1915
2530
6667
4530
1603
5834
3235
2198
6109
6195
3709
1967
5901
533
561
1288
3950
1734
5955
3129
1747
5507
4271
4207
3460
1857
7197
339
455
407
1318
5556
4546
1933
2147
6477
4388
2065
1176
1853
6075
1382
3684
1120
4246
4697
4984
4051
6393
6125
4453
7205
959
2742
