1276
2441
103
1000
2469
2304
895
2359
1516
235
776
2025
2582
249
1674
667
1096
2420
2204
119
2546
189
2253
395
1744
1843
1471
343
2275
440
1818
511
471
1483
1364
1788
1436
2572
1884
2063
2209
994
1883
1855
717
1029
1188
1405
1903
206
2290
689
1116
973
655
2345
610
498
2442
738
2029
714
1072
803
2695
33
1612
1739
501
476
403
85
2643
683
1293
420
257
720
966
1260
1089
2386
242
1390
589
723
2172
613
86
1849
1658
707
2002
1280
2164
1476
1224
1408
2181
779
2199
2355
1921
749
1660
2537
1196
2062
2135
1043
556
2464
1954
1207
1167
2646
1780
891
2087
190
1834
1559
2680
2165
2479
2324
2088
1623
1676
1975
1253
1624
2455
993
682
1245
1772
1769
108
1683
1986
1473
632
813
1374
1306
2405
2298
1657
1451
449
856
2147
594
1606
2429
2015
2190
1698
1867
1571
243
2550
1786
21
1446
1415
2471
1827
1078
2041
2389
1126
1208
2068
368
1509
850
1201
1430
431
1807
1685
934
2307
1713
861
1453
2559
807
591
196
1927
1747
1482
2117
493
1886
1663
2504
2535
1087
537
878
1455
1600
354
417
1283
2066
2350
2094
116
12
1144
961
675
2524
1715
2566
982
838
1983
270
1609
1963
1943
2038
1480
24
969
2575
2177
1720
2562
2700
439
621
1549
590
618
2207
2230
958
2637
31
1605
1959
1362
2690
937
221
846
1939
2295
524
167
1084
2028
2347
1913
1318
110
1094
1042
1603
239
1791
2547
746
379
1580
1853
1613
1870
1529
709
957
224
75
2024
402
256
1034
466
1066
1356
63
2660
1845
2549
1753
2517
2613
1121
18
1839
2393
1976
967
981
2346
141
1413
2683
2607
328
2264
991
1962
2539
1642
541
2033
638
127
1215
2193
1373
1774
970
2285
1285
1773
1672
2321
1011
1099
266
207
215
875
1193
1077
1488
50
2091
2667
2187
2294
1059
2378
1908
1332
1046
1805
1971
1457
2320
784
2000
1830
2399
1074
978
800
2042
429
2069
547
2202
502
1596
26
2418
1338
820
1622
2054
627
2459
1370
1957
1577
426
327
1228
1511
2180
698
569
1183
1518
2401
2457
2706
2303
730
1864
1798
1102
1995
2516
352
2100
2349
2497
1892
2443
2145
2269
28
1298
1466
2416
671
1191
1866
279
72
536
1037
1272
112
1751
646
563
923
2122
1462
318
1035
798
1629
1022
1058
1706
2633
2131
1064
706
216
984
1342
2628
529
1203
1119
2047
1973
326
2703
2653
120
2374
2325
5
30
2542
292
645
1941
680
1737
1654
1503
351
2252
91
1493
1216
2368
2661
971
593
2659
2143
2060
2484
2611
804
228
2125
2634
2001
2440
857
452
585
2419
2112
1185
822
615
463
1461
996
1523
2554
100
444
995
1852
1746
860
2652
1710
1450
1874
1574
1068
1009
1176
2126
2454
633
2678
2503
515
1008
841
13
1255
2601
748
1644
1887
2490
1213
905
410
897
421
2016
1143
2189
1848
388
198
1589
1793
988
564
2364
2557
2274
1002
729
1205
2220
183
155
1548
2579
1182
500
188
1341
2162
2151
409
1107
701
1065
2262
406
1758
504
134
1491
1032
785
118
1628
1599
275
948
611
2701
1924
1117
1842
1027
630
2026
2105
1233
7
853
1385
574
1822
595
204
728
276
1740
2474
2495
1012
2277
1547
1933
74
236
1259
187
906
1269
375
1690
349
350
2370
2251
1595
2076
2123
2243
606
237
2120
715
623
546
2035
2450
84
2127
1778
2045
2312
756
2581
1041
814
2228
734
1633
157
1906
1179
2329
193
2400
1878
2109
2221
925
1677
1854
769
367
2256
1309
428
83
2175
2136
816
1625
2208
916
2
933
1689
747
1082
1708
227
531
200
2229
1422
391
2688
1965
572
1044
2494
1730
2593
1303
124
1019
1553
2323
1616
1857
1252
40
2310
938
848
1631
1184
2319
2144
2527
1114
2477
2044
1636
317
1641
1500
1999
414
1528
1031
2254
2170
2691
2266
2090
1615
1386
396
1304
51
2008
245
2152
2461
694
527
1560
1901
1728
201
1738
1525
1930
2102
1909
1384
2098
2309
251
1718
626
2353
456
2404
2570
1984
102
160
1993
404
1313
577
44
230
212
117
1882
128
2291
796
1223
2225
401
398
294
339
2610
2057
884
2414
1841
2481
1645
299
1320
313
783
664
939
1826
2642
2113
1736
2668
1982
1964
2236
2037
497
1586
300
1652
2116
2103
1916
484
943
373
1323
888
2670
2048
2083
896
1787
479
1915
176
2640
516
2212
1640
1563
2473
1682
2249
195
1506
1315
1592
1820
1680
2411
2157
362
1268
418
1291
109
399
2592
825
80
699
9
1752
175
1693
659
2448
1601
1214
1396
1862
1267
1907
534
2433
2205
1136
1225
1444
643
806
1149
164
2446
510
507
876
754
743
932
2472
1478
2638
1544
2281
1823
1359
2426
636
592
1562
2246
92
688
793
436
1910
1552
1368
90
900
1502
1350
62
1081
1576
751
1316
1803
1653
2705
2608
1486
387
425
1045
2687
2071
2427
1919
2200
2192
2183
705
1307
2061
1232
930
2132
1138
122
144
2315
1979
333
1748
52
661
1175
2195
41
812
1403
1575
2261
697
1998
1339
773
2543
2615
2384
1894
681
1585
1566
1124
786
2395
219
2567
1960
829
2630
2322
619
2326
1899
1885
377
291
2623
1170
1777
174
560
570
810
2639
2331
551
1377
345
2067
2356
1804
1782
153
2596
2051
1421
1638
2493
1844
1322
1949
4
987
23
2506
1876
736
298
2595
49
946
1297
467
780
1851
1763
2674
27
1348
1241
1357
1311
1974
1972
2217
567
1190
1487
1010
1811
849
2276
2158
1716
285
2538
1141
1197
10
1263
1419
1904
832
782
2214
2423
1465
959
1977
974
1687
1679
1238
338
1393
1614
1024
760
1056
2182
490
1470
1040
2210
1115
170
272
1163
1858
1705
2104
2435
2618
107
1900
1735
2119
337
269
461
2107
492
1192
1431
739
2485
2059
1816
2588
2032
2074
1288
2498
2663
2351
1025
877
470
71
2139
505
211
2612
2239
2555
1835
2363
513
1948
1172
2430
1776
2604
894
801
363
1125
1935
2330
1712
864
2694
1880
365
1665
1539
430
1947
496
869
2560
1978
873
2466
539
690
2622
1686
1836
789
1254
1709
1799
2580
232
662
1944
2297
341
908
1367
1545
1070
2198
1966
82
1088
677
2027
2235
1767
2031
1992
1139
2534
1555
378
768
238
2169
1508
1062
1494
1953
703
2467
2672
2476
2671
1398
919
2647
844
1475
1507
1873
506
217
389
1734
762
1406
329
2258
1277
22
2658
34
821
1861
1438
1699
287
2231
2654
532
2545
1819
1161
2699
1988
2040
1656
1030
6
581
1104
904
1211
2080
1439
1684
2240
1558
181
214
2366
1146
358
416
872
2383
1602
596
2439
1355
2149
2518
60
2255
788
889
1118
1454
288
2597
8
1749
1825
713
964
2332
2300
2478
936
455
538
874
268
1314
765
545
2166
1551
1258
413
2379
2222
2452
400
2296
1546
93
1524
1007
2023
126
2201
1140
920
2565
443
2390
1054
225
1649
2227
1647
434
508
32
2086
2072
2077
199
1229
180
1282
2046
264
2174
2339
719
295
794
2406
660
1914
1607
495
105
1650
745
922
1520
2577
1326
669
915
1425
231
1474
1221
1989
1100
2396
1321
1888
1922
2173
687
2536
607
1784
808
540
2043
1301
89
113
2664
1235
2137
191
2392
2341
2677
1498
2605
248
1760
70
158
1557
2159
1755
880
1871
1271
1243
1257
1759
771
1312
672
366
859
514
1550
1248
1517
2018
1794
851
2432
2381
1662
1128
2584
2289
845
2010
1427
2270
549
1105
361
892
445
1086
1061
1666
480
640
625
14
2213
1543
2625
2540
1626
464
1168
405
1437
2499
629
609
2073
2409
133
1
293
886
1875
1879
583
2398
881
330
2009
53
1534
913
488
1594
2407
1639
1490
2704
1890
1447
544
149
885
1242
1771
494
639
2191
1150
2286
924
247
1013
1896
1132
2431
2385
2387
2019
604
1956
744
2263
1530
2626
2216
2185
2470
2268
1249
1891
454
1651
355
1305
992
757
1160
1325
194
1210
2449
665
1877
2578
290
1719
731
1968
1795
1764
322
1564
1231
1093
997
1218
2360
325
612
855
1336
2480
1365
1635
259
622
441
281
407
442
2507
2140
1434
1675
1731
2696
686
2523
1554
931
557
1838
1154
197
750
1112
17
481
575
2519
1230
1783
763
1452
135
1521
635
1514
460
1994
552
2614
2621
2650
2056
77
2106
424
1401
2528
2544
340
1343
1388
412
1990
88
998
819
323
1996
766
321
2108
1510
836
979
1443
1792
2344
271
46
1110
1133
2408
1669
16
2541
2241
2675
867
1902
2587
438
2188
1222
2515
2022
1038
1111
2313
262
1246
755
1931
3
1378
1513
2521
139
2563
342
1969
2011
1328
940
2099
1537
530
1329
2004
2482
2585
695
1381
555
1153
1991
950
359
255
390
371
1389
2206
1789
411
2532
146
1741
1418
826
1442
843
2624
837
106
1704
588
2017
2338
1435
862
213
1382
2428
99
1897
1159
1981
2552
1583
2644
2707
39
2388
2050
451
1847
1092
2656
2468
1363
111
2272
942
1568
73
47
2686
2161
96
1761
1593
1147
2154
1766
1122
1346
