1404
557
3
655
762
1967
1723
1509
1153
726
2006
151
2206
2353
1288
1579
2260
156
2675
1001
1585
1731
2225
1266
687
1372
730
2639
2661
1980
501
1816
2572
2705
258
714
1371
993
2184
2426
95
436
1292
722
739
1648
2485
2707
1717
1287
973
1473
2265
1303
1177
176
1074
703
244
2654
1782
1146
137
1253
2201
2050
1610
1569
2362
1437
517
437
738
2312
2310
309
1601
264
1923
2067
2087
922
1050
1820
2504
1323
227
764
2595
34
139
1164
262
2159
2126
476
26
1198
581
660
2628
163
2481
666
414
778
97
1555
365
955
2100
42
2467
907
1879
1011
220
663
2333
252
847
434
1767
88
679
1490
1387
2227
527
1556
508
642
1773
1515
542
1525
1836
31
1788
2218
188
411
2279
2011
2414
1621
263
133
162
1649
299
2429
951
2401
523
193
2078
2374
1064
981
1488
1065
325
1765
37
2574
2332
122
534
2443
2475
1443
521
2690
1449
2096
1421
2147
840
1726
1571
563
2083
1589
2607
2389
1444
271
1320
239
2094
1774
2133
877
1808
1066
1801
1392
1339
511
2644
1284
334
2385
1141
2499
2193
2216
2223
2119
1793
1892
1631
1829
1499
2536
1209
920
1676
614
765
364
1949
1348
884
2410
2405
1634
723
257
1370
382
600
853
2102
2051
1136
1603
1896
646
1641
445
923
444
1546
8
1352
1222
1673
1201
1229
1126
2457
184
2077
1405
933
1792
2647
804
426
1702
2014
433
1889
1953
537
126
1426
198
2027
2123
2612
1409
1677
2703
613
1596
1162
440
1727
456
1927
1538
2081
2158
1299
2070
518
2646
2587
333
1871
718
388
1796
2253
135
2549
1296
1386
2560
2240
2516
543
1084
144
1644
1479
598
2313
205
1960
2513
752
1485
2270
397
1890
641
2155
2372
2444
841
43
407
701
1937
1285
1663
1900
1417
1658
653
158
586
238
152
775
1448
1532
538
984
2129
1638
372
2446
1720
1247
1184
1642
1771
2211
47
1762
400
1176
2065
1550
1424
2233
1085
2307
1600
2252
213
1123
1661
2186
1125
1604
2471
81
2630
1336
994
1931
214
567
547
2213
117
2173
1656
1901
1150
1235
815
1364
780
1029
950
442
2150
2296
552
967
332
2103
236
319
1027
954
919
2125
2341
1494
116
1165
1535
1047
242
1317
1759
2494
2357
1300
74
379
77
1928
30
2532
2576
935
2409
1797
119
998
681
273
92
2381
1017
1682
2303
1752
111
1192
1936
1671
1504
1841
1985
1461
1194
415
2621
1361
248
724
2230
1366
558
2049
1968
1057
1489
1517
1897
529
2651
337
2563
15
358
1647
1127
2584
1572
2056
506
2465
782
2092
2437
1278
452
671
486
995
2588
1978
604
2442
66
608
708
1101
2395
1597
849
270
2456
2540
477
1974
1145
661
1347
174
2290
1308
1533
1578
1362
322
1518
288
1436
1260
463
112
2702
408
1313
606
1945
1025
611
1476
1657
1102
115
1852
2672
1007
403
504
1314
1350
2347
1343
1761
113
1383
1358
516
1787
1899
694
2392
70
1269
1526
882
2554
2598
118
774
488
1321
1950
1626
2109
893
2222
2015
84
704
155
2131
2200
323
202
2492
1241
1916
867
290
928
2691
2167
1221
862
495
2435
2538
1309
2304
1360
1861
1686
1590
1783
1772
1633
146
1246
2700
2151
1588
1881
2547
208
1807
1462
1394
2212
2219
1746
2489
2248
939
2696
2620
1625
418
1139
1491
1779
2687
1151
1373
357
1551
2553
1036
298
1325
1790
2176
207
2609
2124
599
927
2085
1714
1268
1887
192
2282
2203
45
908
1469
2454
889
949
957
1454
744
1662
590
1498
790
1803
2653
1623
469
1835
899
142
375
1838
2152
2061
823
2
170
237
1054
313
650
886
2335
1333
1651
392
986
760
2022
2501
544
2330
2165
1510
63
2689
1416
609
630
2149
559
1568
1559
2244
526
2478
2356
2291
1169
964
946
1438
1547
1466
2045
1629
1089
128
2526
391
1382
2199
2458
2172
768
2590
1586
1228
1614
878
338
1282
326
603
2337
2635
1545
2072
1825
669
1422
41
1257
471
938
1377
2361
346
1506
643
1520
1981
1013
1365
535
890
1694
291
1672
541
1261
2367
1675
1166
1130
1042
2599
2551
2613
883
2074
27
970
2182
794
1645
2432
1815
1231
2329
1933
2037
850
587
9
1196
2360
1733
331
295
680
710
926
234
2354
2292
872
1965
1616
2449
1465
2254
1104
1909
846
2305
503
2561
461
1549
958
2336
2249
2143
1306
1226
2545
1650
845
1459
921
1063
56
1749
2059
1799
1775
1363
2128
836
698
1450
2217
370
475
1660
898
1863
2185
1992
2586
2455
1813
1973
249
405
147
1143
1295
157
2555
2243
1962
1840
130
1893
2398
413
1374
2476
1311
1929
1766
942
1908
167
1540
639
1040
1022
2209
1434
282
2180
1681
1191
2040
2344
1848
1263
911
1542
2676
402
1496
729
2658
187
1252
443
2075
1878
1464
1858
829
1758
784
719
597
1798
1056
1163
2288
1683
269
1279
1627
505
1888
10
2202
1699
2422
2346
350
1503
2266
2140
564
1910
1049
2577
799
65
301
177
1809
2224
474
1854
1894
447
2521
2154
1997
536
1390
2500
965
1862
2001
1612
366
1844
806
2682
2600
741
2674
36
1407
356
2673
2221
2046
1400
977
1850
195
315
441
979
2433
1778
1265
2482
1882
2068
2263
2403
870
1332
1237
910
1536
1729
607
617
2105
1670
2215
209
2665
897
294
1159
1154
132
1093
1483
1446
1990
1183
1942
289
510
179
589
422
2704
1817
1632
1874
786
1170
2413
623
887
2652
2421
1131
2512
2042
251
2157
2571
161
107
351
2171
2115
888
349
1090
667
997
2520
2575
1441
2459
571
494
2662
916
448
675
2121
1045
345
327
1401
895
2033
480
1961
336
616
855
1880
302
247
1613
1298
29
2057
664
546
1969
2377
423
809
1208
1653
2047
87
199
1789
483
1433
874
566
1561
106
2615
1455
221
1947
734
1707
2363
1527
2278
749
275
1522
2345
759
1356
2002
1724
1587
509
1511
171
2272
2462
354
861
2539
2342
2384
1256
1493
1242
2633
75
73
638
1000
1531
1023
1427
1864
896
711
485
341
779
1976
816
519
1543
120
2692
972
1659
2378
683
1147
1334
458
716
773
1492
2390
1207
1943
1837
278
551
2038
2285
2597
18
1541
1227
185
2472
1122
228
2557
1215
2450
1396
1993
67
19
2518
318
1534
584
1919
2585
1842
2603
153
2286
912
1598
2643
169
1885
86
2463
885
1669
1512
988
1294
721
1640
2112
2546
1403
1185
2271
2533
2293
968
1913
1728
1735
1238
305
1940
512
82
2093
2558
631
2146
851
593
1830
2284
1264
699
1924
788
953
1730
1327
1156
2383
2623
974
417
1258
2208
1958
766
1393
1925
826
2531
715
2110
48
1324
1053
2507
1082
1566
1319
140
2029
1447
1359
1413
342
980
1914
1032
1920
44
789
1376
2351
384
2031
756
2319
1367
446
2484
1038
225
2281
430
971
1624
2677
697
615
1996
2118
286
183
2387
1872
866
1202
583
2258
1059
2187
733
648
992
432
618
396
232
2098
914
311
633
394
1605
801
1342
813
2679
2192
753
450
1293
1563
1415
149
1905
293
932
2097
1286
2510
2021
637
960
1688
1869
1262
2591
860
2294
90
1794
1046
1008
1785
1630
2164
962
2127
2066
355
378
636
1994
383
747
2311
2090
256
310
575
1167
2058
2328
2493
568
58
2007
6
732
1097
1041
1674
181
2178
1245
691
610
1713
1214
2508
1946
104
725
1225
1530
2404
285
665
465
1523
2113
1006
1611
250
2053
2255
2107
1018
1107
2479
1095
303
123
1133
2618
532
940
2023
1276
712
539
2229
834
492
2438
2334
2388
101
1575
1301
412
857
1315
1212
1051
1009
124
2235
963
2581
1158
705
1497
876
802
2136
1337
28
943
2232
520
1110
1875
265
2162
1452
1922
460
2573
2320
1709
1698
1016
2340
1270
2298
652
1457
1431
1470
1903
2268
2642
2137
1930
881
959
2490
2685
2039
1706
513
1938
2214
2297
1341
792
522
728
929
1537
2161
502
2583
2373
1174
175
479
1039
435
875
1219
103
2379
2634
64
1516
307
1197
2589
46
194
1205
2614
2693
1505
2436
2135
1876
1750
814
1010
300
1722
235
1691
1608
2495
1740
108
2003
1784
1592
2004
1739
121
206
2386
2012
1521
1331
1753
811
1030
858
2684
2419
2461
2322
1031
1932
624
1805
776
424
830
2198
1851
306
1865
1275
819
1129
2393
2601
917
1408
2106
1701
1117
1823
172
1902
404
854
215
1710
344
690
2228
787
217
1655
2451
1310
570
1092
2055
2578
1402
791
561
1482
1606
2287
983
1866
1732
1453
707
308
2562
419
2099
216
634
737
1178
1911
1344
2276
807
937
1977
1128
795
2380
246
186
1081
1203
2466
421
2188
1804
1224
924
2274
2418
35
693
956
2376
1745
60
1696
2032
493
1406
2396
2366
347
2348
692
1833
2241
2430
1636
945
190
1199
1760
798
1857
2542
296
936
904
560
717
2452
2226
1776
2166
1609
1188
91
1216
1998
141
1380
2670
255
1529
1233
2256
431
1098
136
2632
2251
2267
54
470
828
1248
573
1124
160
2594
