1835
416
2176
2535
216
293
689
1703
1138
1056
710
1584
336
1593
2092
922
1947
2001
3
2289
345
23
1174
2231
773
2441
1191
1606
35
292
415
716
2579
1958
1945
458
2556
1822
1763
1475
1523
2106
675
310
401
250
590
317
1603
709
816
2230
1088
2135
2143
1283
537
2100
859
22
1966
186
725
1769
1826
1925
2190
1038
1565
1296
426
517
1451
1962
2530
1682
1644
949
2047
2193
1630
444
2220
908
1280
1960
2228
280
1796
1969
2198
2431
2201
2131
848
634
1586
971
985
2498
854
1836
283
2584
2558
2161
474
1360
1409
1041
2637
1199
2528
1572
87
925
389
1288
2392
2031
233
1685
2185
1849
2145
1571
1482
548
2324
54
1236
2090
1705
2254
41
1976
2395
106
1539
2168
646
628
459
2171
2347
2642
1032
2391
1094
350
1914
858
2672
1139
1828
1093
1169
245
1271
269
2699
375
74
248
923
2504
1492
1997
1107
1244
1627
2515
88
2060
26
326
2425
1922
1526
499
2130
1552
468
1305
6
1563
1877
2361
1979
958
768
504
89
1970
2027
2257
1895
447
2323
2236
2387
2140
1931
1645
679
2064
567
921
202
2188
695
384
769
1738
247
412
1417
1381
1679
1126
1366
2537
1205
2179
332
1148
1134
1743
2472
598
911
46
2332
329
1974
2054
2389
166
2316
1217
1250
1165
2363
1886
1880
605
2512
2015
1083
2622
2665
2360
1992
2618
1485
182
1379
2148
460
1434
152
1633
1052
1651
1964
2442
2623
1632
715
1655
539
1480
2279
1286
445
2602
2258
2311
1195
2524
942
2366
278
1219
2243
1723
2433
1961
946
286
2576
1854
2707
1963
1505
155
677
1921
2529
298
883
935
123
664
1012
470
2177
738
239
1338
2291
1341
2539
871
376
970
1658
776
217
2178
703
2514
2635
1700
1675
1453
2137
1398
676
2087
1772
2456
2368
265
2613
1587
388
2548
1188
1436
762
25
1907
797
736
790
1173
1840
2134
1078
2125
1307
1891
546
370
1203
2463
1111
845
101
1852
1825
1223
178
2564
714
1299
2448
974
1720
227
1556
167
1116
2005
52
2408
24
690
234
1102
895
50
870
835
2555
1391
1625
1503
2182
2050
81
2215
1616
580
190
360
2267
1392
451
282
1944
1031
2265
364
1666
669
2674
1491
1610
846
954
844
149
1924
1567
2352
13
493
2532
2107
913
169
2251
514
571
2396
2039
2078
2088
1890
34
1590
2314
12
1548
884
1510
612
644
2538
1166
1034
305
2216
1671
880
691
741
1843
1729
2470
1422
510
2287
1306
1449
989
1471
385
2111
2342
1312
175
1140
1130
1151
2096
2410
2641
727
420
637
161
694
569
595
1479
1725
2081
819
2129
204
2293
1745
589
2259
2114
2252
792
1292
367
2286
1506
2594
1516
1024
168
20
1231
2365
2480
1150
321
1615
1509
2612
748
1693
2508
194
144
1294
1329
530
1168
707
2331
2354
2377
968
1239
617
2638
2547
976
1385
2432
1817
1291
1314
2159
453
2575
2022
627
798
1218
455
1722
1748
1649
424
865
1659
21
2191
2123
303
1785
2029
170
603
1736
582
1053
1249
2110
1108
490
609
596
1856
397
312
2497
177
817
1642
1578
1493
1538
1326
541
1419
1248
1082
1968
1229
2554
387
1167
67
449
2062
2502
2002
2429
362
538
337
472
137
1654
302
1018
466
1232
1936
2283
1734
939
1444
1814
1673
744
2208
640
879
457
914
207
2385
2052
2207
1698
2194
1967
1029
1049
1129
796
1906
2136
2098
2341
1687
687
724
661
2593
1343
572
550
421
1300
878
236
2667
2308
437
937
812
289
774
1808
1164
2206
498
2469
1090
1577
2016
701
2082
516
1892
382
1457
988
1123
2053
264
1180
1878
616
2117
2219
1901
2065
242
2643
290
583
2056
1665
653
2601
2355
1938
1106
544
1121
1621
586
2551
2180
1495
1095
901
1626
1171
1298
1778
931
2405
1060
1941
422
1732
631
231
154
2607
1804
1428
1269
116
1591
2627
183
633
1369
1172
511
512
1641
440
1902
2242
1246
969
1274
479
1460
396
1145
215
742
1115
59
898
2079
448
1919
1858
68
1006
758
1917
330
1361
1613
1450
2146
515
1405
14
600
51
1771
1708
171
99
917
2059
2452
533
2034
900
2115
1686
1196
963
96
2017
1441
1861
1007
1308
496
2615
1382
1990
2688
1620
906
179
575
1932
127
1570
1984
2167
749
1255
2454
1367
1327
2698
1230
2320
42
63
1120
1347
2158
853
1208
92
1949
495
2181
2126
1242
1551
557
1040
19
1508
404
659
1934
941
1278
1611
1198
1114
1310
2120
751
1800
2018
487
1759
1762
1744
1070
2356
1002
972
1574
164
2437
1403
1540
418
2495
1768
1318
1784
1629
1275
344
2439
1935
1334
366
219
1566
1829
1372
238
2374
1959
2479
1301
313
2628
2483
684
1395
482
1181
718
501
497
1975
1062
2234
1238
2375
2694
70
1359
308
86
827
892
775
224
2328
1240
2604
1490
1821
198
867
1824
1424
2122
573
209
1869
620
176
889
2298
2103
1753
1362
521
1335
93
427
180
2046
2086
2345
311
1363
1735
1819
2044
699
1488
1864
519
1118
1690
1761
1531
2384
639
1751
638
349
76
1791
2294
77
902
2527
38
1987
2436
2091
16
1646
1179
2700
1177
904
2147
1430
85
1260
1100
1302
1500
1951
2703
700
2282
2008
1884
658
551
2443
1955
706
2567
2253
1680
57
195
864
1068
940
2606
297
1709
842
1476
2330
529
2139
1352
882
1803
1353
2544
1182
1010
897
2624
1747
43
2481
1185
2464
446
1866
2500
1437
1474
1702
719
1270
1262
916
1546
2545
2067
2153
997
2671
1279
2423
363
1923
1619
2609
610
1393
148
2367
2513
2380
318
545
1786
973
2042
90
2304
105
1755
990
1926
1857
1323
2222
1276
1336
1674
2440
2362
1676
126
693
1779
1635
1389
1355
1863
2435
1520
112
411
2616
405
2299
863
849
478
779
47
300
1855
2582
2170
2041
132
2080
1197
1597
2617
1431
1124
199
82
2400
604
1724
324
2276
838
2565
1952
1160
547
1928
27
163
79
2245
1189
212
1727
1316
822
1996
1461
2138
1604
597
1465
1830
2004
1200
1142
1560
1793
2417
2482
2305
2487
509
621
1721
619
2348
1228
1073
815
1661
562
912
1912
2164
145
315
606
1522
2526
896
668
430
2678
436
1650
1374
2651
975
1247
1133
626
138
1915
559
130
225
1371
111
1043
875
339
235
2490
2475
789
830
869
353
1719
1557
2444
346
2011
777
1287
1995
160
110
1311
909
563
508
1241
2045
680
630
2471
755
409
29
1390
934
2666
395
2461
1874
526
947
2335
1014
71
503
2156
2163
2109
915
2263
1694
861
944
1221
371
2428
184
2063
1867
1530
1714
2225
735
454
255
2338
713
1086
2383
483
241
1008
729
1235
1313
1832
1432
565
1380
1402
2127
1775
1259
2250
380
1141
730
1883
1348
2536
2108
489
1210
2210
378
1175
1375
2083
2592
578
618
824
1147
1801
1993
2009
226
146
1816
2038
1456
635
722
1125
2705
434
556
365
591
335
351
2611
1458
852
1497
1640
535
2523
1337
2032
1266
2336
2393
341
1439
977
2313
656
2175
996
645
2187
757
750
650
847
2591
287
2223
910
1459
2676
2603
763
2543
1939
162
2077
1489
1257
1514
2610
814
2116
151
1365
2373
1696
2072
2203
2563
2371
2394
850
1688
1948
129
2503
2614
2325
1400
109
655
124
2317
354
576
1999
1728
1030
1447
1358
2089
1765
1427
2155
821
2349
745
843
2640
1156
1592
1112
2473
717
1842
2697
2192
181
343
862
1025
2340
403
2600
536
2189
2149
1794
174
1973
1408
2516
2070
1541
1695
513
240
2522
1991
2459
636
1517
2693
960
1916
2076
1136
1865
2557
394
435
1558
2358
1186
928
632
1340
165
1757
2695
2517
2319
1781
1039
159
2221
1547
2689
2661
464
115
2646
417
2030
2204
983
1889
237
1797
685
1774
48
72
2670
469
1162
61
1798
348
28
2625
1035
58
1758
1848
45
1159
1875
743
614
672
372
1064
1009
2570
2160
1097
1868
945
1904
211
1576
1544
1978
1994
2491
624
60
1643
1455
1204
523
794
1585
2142
193
254
1525
558
1143
622
2026
1937
2673
1513
1137
2048
263
1872
1534
1158
2255
1965
2653
919
1065
2446
2451
369
1401
1815
414
120
2581
1940
1893
406
1324
1222
1152
1089
2386
1780
2574
1683
1612
647
1281
122
2102
410
102
1258
1325
712
131
8
885
2390
1882
2150
1388
726
2306
999
778
532
930
113
1853
1583
1161
1045
1662
2248
98
818
1386
1623
65
484
2658
2321
956
1037
140
153
2211
1201
2553
1561
801
826
2632
261
2620
2546
524
681
868
158
1767
1027
1487
770
1468
560
2598
95
136
266
1076
2589
1245
1550
473
642
10
1346
1802
2649
1524
554
1350
992
1806
2409
2415
1026
705
279
881
500
1741
918
955
392
671
2247
979
2292
1157
2025
7
358
1322
837
1470
465
1879
1224
982
2006
1050
134
2055
654
2359
1754
1871
1760
218
964
1844
197
1055
272
461
2660
1528
2669
399
80
2510
2278
734
786
1660
1263
720
1942
1502
2166
304
