2559
1669
2035
1231
2356
2322
149
602
1951
892
774
52
1575
926
1059
162
97
1363
1127
830
2053
373
733
2046
5
1300
1410
659
1788
74
1690
321
1998
1019
1805
664
2634
409
504
273
453
1074
177
1974
1121
961
2032
1520
488
1384
2159
516
1235
12
701
1196
2433
1572
1789
747
1338
2271
18
1172
890
1342
405
284
2386
569
1724
956
388
2326
2122
1161
1549
2685
1589
758
1706
452
1578
1602
1008
439
304
1606
2666
1694
124
735
2082
2455
1350
1793
1353
73
2130
538
1337
449
10
1748
485
1675
1536
1794
1534
270
1980
228
1707
1045
671
558
1205
2106
204
85
540
1584
1455
294
2377
542
724
2154
1482
1587
2458
1976
991
1676
2161
1539
1027
550
898
1918
1745
332
2531
147
205
1910
1810
119
2145
677
1031
802
1153
2567
952
1901
328
200
1567
1346
685
2633
1067
2008
1509
2113
2524
797
2625
2529
1617
1842
1191
1610
1286
153
1965
1298
1603
2040
725
1258
666
1847
1415
2645
636
1186
1368
1866
195
594
553
2061
218
1772
1344
372
476
1721
1289
1750
1626
1995
2269
2612
1826
2632
139
2309
400
1972
2499
689
2366
2699
465
595
393
858
1129
2639
470
1110
798
738
1291
1084
433
1620
2126
1987
965
2577
2034
462
1120
1200
2707
143
2190
1052
1747
1757
1532
1986
734
1310
380
1892
2391
1293
1260
1729
1230
1858
1502
19
1316
2467
1158
2257
2657
47
1828
2558
175
2376
300
2336
206
1124
1722
42
408
1450
710
2181
1103
116
579
482
1175
2291
821
266
295
1203
457
1488
2295
901
1692
1802
654
2267
1915
793
2363
2464
1830
483
1406
2704
57
286
1421
1389
319
1193
805
2244
463
1543
1155
932
611
2253
1592
2519
826
450
971
1735
598
661
2390
81
2280
1321
1471
1660
1934
1412
326
981
254
2428
167
2478
1882
364
2484
1652
1590
1766
596
2316
1919
2447
2194
2055
2345
311
2131
1770
1687
633
2231
1682
2582
1136
1607
974
967
628
1751
593
740
1447
2673
440
2649
673
943
1654
1005
1713
1119
658
2703
2313
2581
1930
455
48
616
2517
2325
3
1761
688
2150
430
61
2093
651
1098
2676
2490
776
1325
578
808
442
642
861
2593
1596
125
1442
2379
2285
2178
2102
2140
2248
2522
986
1060
1868
1454
2184
622
2357
748
1220
260
1254
2015
66
643
1379
257
174
2310
1152
2050
1876
1181
2172
1824
1252
17
555
1886
1002
1194
847
1272
587
613
626
2220
1741
171
1573
1468
1407
2059
1498
2110
1799
909
223
1797
2098
1319
1945
1623
1811
1058
2573
2516
1872
2227
1672
2165
2162
1568
246
1818
1369
2477
905
608
614
904
2687
317
2089
2525
419
1255
1090
1869
94
1711
577
163
469
682
2646
1257
2565
374
1166
505
639
1883
1513
301
363
1889
638
2344
1339
2160
2177
2374
114
1217
653
2068
1651
527
2514
156
787
308
1975
378
655
445
2678
213
849
2375
1393
1211
2640
1744
274
888
2043
2454
31
2480
512
1280
157
477
86
2250
835
1297
2427
703
968
845
552
732
2239
856
1331
1525
1056
77
1137
2086
782
245
1218
1764
1837
1938
851
1851
1014
779
6
515
1929
2243
1852
713
812
2367
2624
1896
1779
159
854
726
755
315
2540
1557
876
983
1487
1550
1512
1335
1656
2078
839
742
1138
1481
846
1688
1615
2472
2200
1139
2143
2022
7
123
2091
1125
379
1597
1898
1054
152
817
2217
987
1201
348
1180
1522
2508
1398
88
307
428
464
1294
362
63
1143
2364
344
2541
2495
93
210
919
503
1411
1146
1462
1013
2621
1007
2411
136
1944
1519
27
215
541
2226
1728
2057
767
1969
1453
2692
1821
815
982
368
977
1314
2335
520
2327
1973
285
1434
15
1147
1355
2048
825
2605
1742
1653
914
866
1897
547
288
1113
1416
2547
667
1004
1684
1616
804
824
2602
58
2205
1720
1598
2066
910
230
1448
1583
471
1857
1756
1237
1907
624
2103
2555
2090
1028
1003
28
764
1865
2396
2275
964
976
1661
361
354
1942
1954
2137
2127
1168
1281
829
2331
916
26
2554
92
1595
2249
68
556
526
2434
1278
508
1555
1957
98
87
1174
2487
816
2185
2498
2532
1740
2505
801
1383
395
99
2088
111
2372
2615
335
69
2394
357
1330
1035
2606
148
2042
2607
1956
2457
43
2211
202
1223
2179
1853
502
381
2268
2107
313
521
2129
1959
588
727
2293
763
795
1062
1332
2141
1069
250
1526
562
1446
1046
2146
1806
2502
1732
586
2199
778
1109
2594
224
769
2469
75
84
770
1485
1426
612
870
1499
1621
1381
334
2355
2622
441
2575
1933
625
382
2306
1547
936
2664
1427
2072
2539
944
2010
1845
1249
2442
1840
1214
860
29
1796
1271
1018
258
2006
879
1042
2368
394
896
190
1709
1667
2056
938
322
1795
422
1495
687
9
1345
929
775
650
1192
2333
1391
963
497
172
1037
1894
252
549
1463
648
1266
1378
1566
1640
2175
272
585
336
1430
2176
2416
2587
2180
989
496
1377
1627
1677
186
1489
2112
309
1685
392
574
1705
2380
1947
518
2590
603
1829
1808
525
2099
1474
248
2617
994
2642
2700
297
214
716
437
2659
828
872
1911
2544
1399
1261
2197
1135
365
1664
771
104
1612
1270
1096
89
2147
255
2087
969
1558
2609
2148
1927
1960
1250
2134
377
2254
1405
121
122
563
1061
1611
1334
1888
467
532
1768
1437
2653
706
1459
1771
432
1356
1380
1477
1464
2222
679
1234
2698
2016
71
1040
1089
2527
1758
40
390
2662
375
1755
2461
819
1306
2349
2677
1083
1691
2463
345
1479
998
1545
2654
514
1390
2192
1647
1429
957
2170
150
2052
1312
1491
823
1715
231
1114
1081
1501
1438
1609
2348
1733
698
1928
1326
1905
2683
2424
2266
2652
2202
473
754
1849
1517
2643
2631
2142
1680
1202
2084
2298
604
1904
1812
2460
2083
2549
2189
966
1634
2492
337
2601
2209
2169
601
836
413
1197
1924
2518
192
2223
2292
1920
1212
599
1763
1095
2116
1157
2408
2511
2695
1216
1635
1032
1923
1565
1717
1537
1738
565
1496
2438
39
418
2265
959
62
1836
410
743
2296
151
880
2025
789
142
1798
2014
2240
1170
243
2528
2361
1571
194
486
2251
2570
1015
2241
2312
869
2389
2157
1867
1026
1943
1503
493
1588
2193
1435
64
811
181
1071
229
76
1792
1844
1461
359
1347
571
537
720
1825
2281
2215
1064
2370
2446
460
1187
1506
543
1714
251
2552
1782
1242
1323
1141
283
827
1048
657
2658
2674
2636
2572
2319
1475
1801
2437
2246
329
921
871
2012
2027
1856
2420
2207
582
1963
1154
1579
80
583
2562
2440
980
1936
818
684
2597
1360
545
2252
554
1701
2553
509
461
2342
1276
191
323
1999
2339
36
1518
1551
1213
203
1302
2294
897
1055
1716
2235
292
1906
1273
887
615
133
267
1106
631
1642
1695
1022
1891
2182
1776
56
2063
1017
1870
2186
1561
2337
490
1372
1167
999
1538
11
1188
91
1178
2400
2114
1251
265
1472
2219
495
1169
2340
1457
474
2120
2618
1528
941
1702
2188
1296
2100
1238
573
2545
2171
672
2132
1878
1387
1749
2028
2384
501
2451
2238
1644
883
407
1521
2462
2167
261
2233
237
2489
1815
370
2037
2272
803
1710
1848
351
2404
757
176
1917
426
2124
2705
165
1049
570
423
356
70
1497
2620
1102
841
745
1931
480
1228
2611
2284
2058
96
189
1341
1548
32
2301
984
1394
1320
2406
1985
551
1559
2536
2444
107
2604
1053
1514
4
411
2627
2449
1813
404
704
1012
2279
925
940
2681
1494
606
1148
44
1225
850
416
2234
857
2542
1436
522
1834
2029
973
383
475
1874
2365
597
1354
843
403
1885
412
2548
1662
2589
2422
35
2018
891
103
2302
387
530
120
1177
1560
55
2329
1816
911
1781
2430
83
1982
1176
1737
60
1009
1708
1388
1304
2011
491
65
859
1079
807
1629
128
2661
1445
1577
1150
1850
499
1841
1638
427
2475
339
2121
1625
2546
16
51
49
970
1909
1370
813
2696
1508
814
1224
2439
2041
506
791
2346
2264
2373
590
2488
1236
1600
50
2415
219
1746
302
2535
1208
397
2668
686
1678
1515
2315
2656
1020
739
1752
2403
367
833
680
1977
2263
1586
240
137
2507
1719
1639
1423
1068
134
1614
227
349
79
2360
1632
875
1476
773
834
396
168
435
129
1800
144
2491
1441
2638
865
908
820
2065
1284
2031
632
731
1762
2521
166
160
2629
915
1480
1952
1305
112
2338
511
2500
1099
1727
296
1516
1839
627
678
1686
617
1490
1123
1663
170
101
135
1256
1219
712
2097
607
2117
2530
235
618
22
401
2650
1622
1996
330
1935
2318
1649
1371
2081
1994
752
2347
640
2060
30
2230
2690
1697
1981
2571
1108
1322
1666
954
2070
2051
1184
1650
935
1855
960
1036
340
621
2481
1078
1681
263
1025
1206
580
1820
939
1227
2443
1726
1425
1950
1440
995
1645
1418
2588
1553
1631
1433
533
1226
953
2399
2004
786
303
2237
1034
341
1786
1967
