1580
1051
1242
892
408
1069
2698
1696
597
1161
75
2061
734
888
939
2097
1483
12
2390
2260
280
1182
2083
2310
2285
1555
2633
1062
1629
1632
170
909
571
1433
697
744
81
1822
441
253
2440
654
976
2592
2318
1388
953
1658
2278
1125
2523
966
1643
1949
1259
1720
74
1693
392
2439
209
1818
2093
1535
1637
1207
2105
969
2568
2261
41
740
615
2231
978
991
1469
127
1570
2043
2531
481
45
2234
2455
1370
1105
2506
2034
104
1885
1796
2327
320
389
2678
2681
101
414
1490
2671
1379
49
2647
1258
1835
1616
1179
516
1077
2377
124
755
1797
138
995
1288
563
107
2363
1572
1899
2553
1539
1777
175
2081
2145
406
2208
460
1660
318
2095
1328
1916
850
2164
2228
537
1451
674
1067
2332
1811
823
928
1362
907
2378
2130
1212
439
1578
2387
1938
367
586
2124
1043
1943
2019
55
1489
533
1770
878
2566
499
440
1031
1956
432
2431
657
1440
1924
1094
1474
1455
638
1621
1554
1751
155
2210
1424
973
1214
1281
2004
686
1273
669
2272
931
2047
1431
1983
867
2076
1016
1000
2010
693
1050
2402
2667
1170
201
662
1422
196
815
179
936
48
2297
2550
166
792
2489
2623
1623
2204
775
661
2511
229
1595
2215
136
2075
831
1075
2460
1574
154
1870
2643
722
2464
472
2510
1996
22
353
721
751
1226
2587
1033
1589
330
1947
1728
2492
567
1935
237
508
1519
893
1124
2162
1101
959
2037
1336
1221
2651
420
806
495
649
2502
1701
491
568
187
2077
573
321
2405
1330
828
2149
2379
1812
2653
723
1434
421
1925
1017
2284
2595
1626
2445
1049
904
141
498
2486
1070
1169
2399
1641
1617
1752
2577
2266
2251
764
1923
1604
640
2529
757
328
2039
347
1863
1240
605
270
1847
1423
2579
43
1592
2259
853
2200
329
963
2543
642
2044
241
1470
112
1944
1411
1987
524
1061
1959
2333
1768
1053
1605
1520
2467
742
1774
314
1365
1045
769
1793
938
2415
2188
1719
1734
2454
667
474
1568
2534
1518
70
235
2177
2250
118
1864
1380
2233
2573
2035
1341
1831
1514
1361
2385
2691
2028
62
1721
1220
2214
2329
2674
583
468
100
18
372
1789
1558
2058
1071
1889
715
2526
1596
1095
2011
1397
2123
139
2458
1457
1152
523
2197
687
2000
1435
2306
2705
1453
610
861
177
545
267
456
673
2594
4
446
2322
650
21
1042
950
2559
619
2704
2313
496
1497
1180
1348
149
1074
1845
1426
1059
2483
51
1970
1392
2106
2222
2303
1861
1567
983
1671
1396
1655
2639
171
1587
548
1029
32
2504
2496
1022
1373
633
2627
37
2134
596
2581
1978
1333
2111
2166
2500
1958
2456
1024
2263
1576
1087
1666
800
346
2051
726
394
2139
2
1676
1892
254
13
1186
1781
1322
2346
2087
2433
17
762
236
1950
1035
829
793
169
639
2126
269
2283
448
1148
2092
438
866
68
1992
2330
2240
1985
1542
871
2449
2265
2638
1638
399
2138
1464
691
1707
1032
206
1608
1108
2338
2517
1602
788
2375
802
2292
91
380
2544
539
2090
873
1299
2582
512
2300
2423
1080
1121
795
160
865
952
207
1472
2296
461
1236
1583
1086
1427
2436
1823
1790
971
1926
1162
1482
1109
2679
2212
492
86
2640
2583
1920
2578
975
1661
1732
2522
2625
2185
1085
92
1910
985
816
2487
1139
1013
16
643
1131
968
1742
1368
409
247
1175
2602
465
1802
1289
2518
2584
27
1763
2153
2295
457
348
2547
1020
1545
59
1826
1657
2478
400
607
411
2291
799
1756
2063
2539
708
1753
747
2497
875
2672
2665
2180
1496
287
450
767
1703
1547
288
947
444
2161
2348
1975
2542
1217
1906
1498
58
851
1691
1189
777
1738
47
80
824
33
2276
1758
2472
298
1494
1711
1948
750
807
2392
1880
702
2391
2275
887
1339
2127
2171
551
396
335
625
510
291
2023
57
2488
611
785
1058
1438
653
2118
343
131
2344
899
2586
1239
1713
67
2091
1493
1731
1145
1346
927
2463
30
1611
1664
54
1301
635
276
1997
2085
761
182
2703
1974
1876
2022
1047
2642
1253
2473
26
308
1386
1119
292
614
1640
2477
158
1647
2693
223
2094
1076
1609
1723
2535
1869
1851
746
1172
385
200
1191
2030
2088
940
1073
794
1665
150
2676
296
1039
224
1882
2072
1089
2380
1714
96
434
1178
97
1858
1875
2453
129
1715
2247
930
1407
1807
371
2096
620
87
1363
2026
923
1099
1028
2165
759
354
1293
2113
189
2190
488
2015
838
2148
1389
962
836
602
494
281
359
493
61
1264
526
1936
1200
2335
7
559
376
1704
889
1308
1881
268
1500
1529
717
848
1233
212
803
423
2302
1046
1461
1492
1355
203
1485
2444
2560
302
286
970
2546
1329
1456
2631
2396
60
1754
2314
781
670
1243
1524
623
872
437
1784
297
1393
766
2249
172
476
811
846
2220
1056
1678
1215
2686
882
15
2589
949
784
2645
1900
1317
2521
194
2203
656
579
1534
1577
1269
1683
1327
1448
2025
2386
1919
695
2357
208
322
2003
1984
1548
2372
147
1429
111
473
1262
2135
1122
2201
780
770
1673
1401
345
1712
1036
1868
1856
2479
1594
1143
2403
1183
1282
921
1394
1644
778
88
1103
2273
1015
264
2014
956
1285
2168
2606
2684
1692
1897
211
2254
1078
2498
174
480
1171
1222
1977
1755
2702
1154
1473
323
2179
1398
984
1709
776
1315
2442
2052
52
2033
2320
2361
1390
46
2551
514
847
554
1561
1159
202
629
368
600
2414
1733
1588
852
435
765
1479
1909
1158
540
430
1468
357
834
2248
2082
580
2279
14
204
1976
1846
868
1859
637
2199
2635
1375
684
1760
2269
135
1631
2611
317
1382
587
782
1010
23
1292
69
1942
1235
1367
1309
422
527
810
258
1466
56
2656
2422
1727
233
856
2159
2670
1227
109
102
1384
2084
1772
316
860
1833
566
190
198
1344
550
589
1679
2245
1891
1544
1167
652
1194
507
1952
1377
2152
2654
1011
148
181
1684
2211
1551
1667
128
1360
1201
808
736
1694
1994
1088
2268
946
1229
532
8
2281
2112
1794
108
989
1107
1946
1800
1432
1467
1079
1267
403
285
1883
843
1612
2288
2491
1980
1372
1503
1415
1652
2571
957
1546
2219
820
1349
713
2369
2334
879
1585
40
2637
1203
1537
1809
1877
464
1654
763
251
827
1527
1636
338
2673
901
1441
801
2443
419
1260
1155
1795
709
165
133
303
2277
191
2104
1515
937
2351
362
1971
1462
1458
3
2476
1821
2256
2663
2098
558
1439
1040
817
2120
2682
123
2398
2074
2137
2419
1782
701
1932
2450
2558
876
511
2021
562
29
44
741
445
1961
1038
2680
941
99
28
1150
883
1129
1276
2694
2572
874
283
1928
506
2239
2042
591
982
1620
2198
42
1912
1590
2666
993
1218
2065
2257
1263
958
920
156
2345
1563
2196
1775
1739
1176
1280
2512
2110
1248
1680
2012
2490
592
1270
675
886
369
161
178
1414
11
1256
2182
1813
1400
787
2282
1553
1613
2616
1209
1931
2101
2206
1231
210
65
500
1188
413
830
2471
2376
960
1174
2343
1806
1442
1216
2701
225
2629
812
1698
2073
1279
898
1324
2585
624
631
340
689
756
176
2172
2246
378
1904
1187
2223
36
365
572
120
1748
193
535
2253
85
2432
2013
1296
967
1828
980
1872
521
122
1134
1319
2650
1014
2350
309
2425
542
2699
300
1516
2356
541
925
594
1211
821
2006
720
1244
35
1757
2707
1060
2176
885
2617
384
1917
2316
877
2537
727
2007
383
2031
1792
2242
484
2621
1894
184
826
1842
1338
2336
145
1656
1827
1687
1860
1769
2169
1488
2132
791
1689
1114
2545
518
402
1225
1381
126
595
1374
903
1855
1635
1323
470
1303
549
1238
1476
1642
1314
783
89
173
678
1999
1843
2046
144
1306
2524
2287
213
2125
832
977
552
39
185
2174
1716
509
1118
2520
1730
2561
2596
271
431
998
1192
1163
1725
2590
1538
405
1619
934
2689
1112
113
1830
809
1505
2608
1283
1702
1735
1041
337
2189
951
588
671
82
1506
110
2109
658
1810
837
1246
2131
1044
1082
1586
363
168
2262
272
1697
334
142
2192
525
863
632
1513
1741
489
2509
1371
294
2603
2147
700
1072
79
2533
2193
1522
1849
880
1405
2452
1783
593
2270
1408
143
1006
1255
1097
1874
2066
134
2495
699
528
2362
2470
2619
1829
897
1746
2207
121
2175
1272
2205
922
1230
994
1841
1168
1710
2353
2070
2243
2659
2618
252
1378
844
707
1837
180
2437
471
575
517
1008
301
2136
683
728
93
295
651
564
2417
648
2562
2339
2507
1252
768
719
1677
483
1817
1862
38
731
2365
475
1068
576
2462
485
1743
692
1298
1265
2049
2116
1767
601
2620
214
2146
1903
2515
1670
449
1501
1591
2354
688
1312
1007
1297
315
1941
2119
1901
1573
1541
331
1127
1173
1332
306
2086
2312
1990
1582
1536
796
1540
2027
2244
685
644
1627
1549
706
1669
477
1726
1284
341
1808
617
1575
694
999
250
2548
1018
864
1444
2690
972
