2457
313
1443
588
1879
867
842
2700
65
428
1384
1897
77
1204
2517
2247
1052
761
564
2655
2062
747
1575
706
1777
2073
2484
1000
290
2270
1002
1325
383
195
1030
709
491
1953
2648
2237
1299
51
331
467
2503
344
2364
1483
68
1652
674
2130
2440
366
1722
1160
1348
181
802
1253
1839
1080
1781
435
938
702
247
1278
2641
1871
2272
1786
2059
322
2053
2159
1731
2293
1649
1903
1114
1451
798
101
991
724
1308
853
1245
787
2090
1388
2485
1421
104
1803
1480
2018
1915
2211
1154
334
718
1376
1658
2219
1022
1702
940
2100
112
2329
2416
1448
42
2386
2092
2292
1791
508
350
1543
1437
1236
2510
236
2101
1856
135
376
2184
262
2584
2085
1359
2479
772
2110
1485
2480
2575
2372
1776
717
1267
402
2080
2138
2473
14
482
1414
159
1549
1630
548
2631
2209
1570
2645
2266
509
293
1870
2474
2093
2179
2646
318
2422
1527
2007
1334
1466
1459
2668
1013
196
644
1086
2344
1554
1085
840
529
324
1041
231
964
1259
472
2192
1989
749
737
682
151
1009
2044
1044
79
2604
2108
1799
1020
601
330
1187
87
1188
2705
1195
2262
1357
1717
1119
570
999
1023
248
1827
1868
654
916
1734
2162
2466
338
1546
2547
1274
2139
2029
329
67
1457
1135
1861
300
188
48
1798
274
2351
503
1729
1908
199
2628
1230
1928
872
924
1297
208
707
1882
1317
286
914
2318
1916
1089
1524
1678
741
1333
206
2038
392
25
827
124
1129
1400
76
1923
2125
266
1320
723
116
2557
1104
134
2241
2336
885
849
2079
1450
484
2227
131
855
947
868
2404
1055
913
1305
892
1465
1555
1528
1779
2445
629
2570
2677
1960
2617
1662
365
1071
895
487
1435
103
1746
2301
2119
363
1361
977
311
2629
1804
2315
129
816
2425
2698
12
2638
404
820
191
783
1096
2600
336
1753
2127
929
1587
901
1949
1818
549
658
2171
2328
2075
1532
2068
356
535
441
886
2447
1748
423
355
1890
894
1212
1475
936
1553
2682
251
2089
1339
468
1761
1847
563
2200
2208
1939
552
1067
2460
2327
1295
543
655
1495
534
1795
1880
1441
2497
1933
801
996
1914
1169
1190
1574
1551
2574
1016
632
1679
1447
2589
1167
166
1634
1019
1425
1826
2332
315
1699
518
2156
596
555
1133
952
2019
1906
2046
915
680
1952
337
234
2409
1215
1332
2024
1319
645
1353
1899
2493
806
235
2128
1855
279
756
1059
565
233
1852
1694
1756
173
1115
1517
2295
2287
2400
2054
2657
1137
107
323
1014
1501
1846
619
127
1072
1218
2511
2563
1703
1117
2652
277
1159
1733
846
1203
2226
1048
1932
1806
149
280
2671
497
2338
1506
1894
1863
636
2039
1005
2281
1698
2087
1526
624
2693
1452
1640
2532
2513
31
2443
1720
0
2203
1752
551
396
444
651
2070
409
2465
1713
854
618
2392
974
971
1232
263
578
1969
360
631
2394
271
1198
660
303
581
2154
189
1816
137
252
990
942
1577
875
220
2662
2316
2477
2670
292
102
982
1796
2610
686
174
1266
684
771
1199
963
1522
690
512
401
1100
62
177
1822
2424
158
1666
85
927
1663
542
792
1007
1150
579
2131
652
873
1176
1996
2692
1168
1433
750
2190
1987
2129
1493
1541
2259
2450
728
662
1043
2654
730
877
1006
2556
232
2015
259
1309
1386
1081
412
515
1730
1110
2618
1758
2387
1764
1810
2123
2341
408
1629
1108
2437
183
1288
2169
1626
822
1497
1641
23
194
433
2045
287
462
302
1323
743
2538
2620
255
2191
2013
2322
1255
1166
766
874
1155
979
1704
993
1143
130
2622
2454
2172
1675
2613
2230
1478
1516
615
501
1809
2020
2478
1240
813
244
2051
2264
56
278
2512
2689
502
767
1782
2569
225
454
2288
1200
1238
1825
2608
2120
700
1470
678
2198
1523
1688
1082
1912
2265
1306
2406
2462
779
2178
339
1213
2002
1069
1668
1793
745
554
1343
218
2433
340
1314
395
1367
2659
2385
1828
425
1127
1589
2221
524
2690
306
1442
2356
380
1655
455
314
1978
1950
1499
725
2407
908
2056
603
1643
1667
1438
1711
2359
84
2361
2476
2521
1328
613
1578
345
1101
2683
2559
2290
1919
2076
1106
2441
2537
2468
1887
325
1837
584
697
1427
1902
670
1992
164
70
1869
2136
496
2347
2173
2224
2506
796
451
152
1434
1736
88
1366
1859
2365
1473
1271
2417
2635
933
45
2324
1743
679
606
1763
4
2706
145
1365
1657
1156
2626
1968
2674
1772
37
2063
1304
1244
514
2408
373
762
2366
689
2455
2572
2695
1430
1413
1382
1784
1547
1130
585
276
421
869
2145
377
1018
1935
1537
2518
1217
826
2166
593
1823
2373
379
1760
2524
1079
2528
2215
1273
99
961
1290
471
983
91
1505
205
1967
1603
2149
1745
1705
669
998
2591
1977
2514
427
2530
701
1206
1924
637
602
516
2115
1502
708
2471
712
1307
890
1991
688
1122
1597
921
2238
919
823
1558
2210
681
1737
230
1070
2314
2379
2502
2399
1681
2590
958
1820
2196
1862
814
1608
1625
1900
476
1219
1948
1850
2256
2469
1226
2448
620
2596
2321
520
2568
2452
1665
2494
222
478
2102
253
160
641
1504
139
1567
1917
2660
2049
2296
2057
973
1564
1936
2052
2037
272
1521
1508
1680
2624
1463
33
2231
2233
1012
2554
1228
5
165
6
2428
1316
884
838
675
2436
1925
1486
1783
297
769
1959
753
2095
907
2185
2509
240
1032
1605
2681
972
71
992
2026
809
359
665
2342
659
1054
1424
805
1659
393
1381
1436
2527
2175
209
1087
987
513
2488
1490
2637
447
326
1898
1808
27
133
2199
227
1312
1853
284
256
483
197
2047
86
1265
2496
1489
422
2614
2067
1402
185
2403
1186
1363
955
2118
1904
1049
2501
1276
2358
1385
54
267
1454
1970
2426
1223
1864
2197
362
11
157
2592
925
1569
1556
1582
343
598
2507
949
1453
460
361
2504
414
2086
1229
2661
2229
1500
1637
1599
219
436
153
2602
582
15
2249
1957
20
1408
1750
385
1621
1161
2370
591
1193
172
2577
1163
1771
937
481
1184
817
956
742
1449
2061
1709
89
2442
627
2307
1684
1623
800
2234
1095
2672
2240
1889
291
407
69
1971
2276
364
2187
965
431
1552
443
1455
249
2546
2523
2369
1596
815
1105
1648
2000
1843
1456
1181
1583
1405
1268
1112
2009
43
715
818
120
2483
1723
905
1216
1439
1930
1592
604
739
1542
411
1513
1369
835
2278
1039
2649
2106
1310
668
2160
2685
1824
1867
1399
1534
281
2078
321
2041
1179
2320
1945
1393
888
511
2636
1940
2271
1958
1819
891
2091
1340
2398
114
49
1208
714
883
1173
2704
136
1715
381
1066
2487
2413
2096
1559
1842
53
2048
2594
2680
530
2418
1207
1706
299
1672
2223
2188
2202
648
1604
161
17
1561
221
264
1303
2375
526
2074
623
80
1063
319
1302
1123
1292
2405
2587
1471
2664
557
932
1895
841
1028
296
1616
163
1293
775
420
2003
1021
1026
773
1311
1770
2283
237
1394
2609
985
351
367
2353
470
532
1182
2205
667
1349
1417
1091
466
335
429
1602
2349
2414
1671
1646
2355
2619
489
597
1848
2522
2603
2707
1368
98
945
399
547
2036
951
1942
75
2362
118
2500
1065
1164
1231
1145
656
1084
2027
1851
2028
352
1076
1545
1598
2535
1401
1146
2121
1344
1024
2345
763
1374
391
719
2599
810
1627
1415
1708
1036
1660
1883
1631
105
2667
1515
523
599
926
882
1943
2612
438
1004
2525
1426
764
2540
607
1354
1356
634
1961
2032
38
269
83
1696
372
1645
2588
2303
2251
2562
1974
1962
211
1716
61
1520
200
1260
577
2548
1980
1249
214
2350
2135
2699
1462
170
510
819
1910
1201
628
2647
384
621
839
2243
1496
1909
1767
1107
58
349
611
906
1845
479
1248
1927
40
1251
342
341
1254
1390
72
1111
1224
522
2312
1220
8
2383
803
110
592
1615
2064
117
1954
1477
1624
797
2499
21
419
2165
2498
811
984
2552
1507
1774
1261
1687
41
720
2597
1805
1275
2111
1172
2228
1754
260
1196
2371
2071
642
569
1685
1628
1120
2348
595
695
519
2616
1444
1973
132
1003
1078
1192
465
141
833
2022
785
2235
1227
538
2294
430
1544
653
1638
1102
881
2258
2109
1392
369
2615
1571
1593
1479
2104
2395
2297
994
1656
2482
1661
140
458
1519
146
545
1881
1710
776
525
416
1460
1975
1931
210
2581
1773
113
187
506
1929
721
2651
1262
2153
1038
2606
2214
2146
1025
2088
1644
119
2084
182
190
1586
261
1440
2058
2257
3
852
2133
1289
1576
2116
2411
217
1821
2151
640
902
676
778
19
410
1432
643
426
2213
57
121
1037
2004
2248
1673
1612
1787
1918
204
18
638
1403
1984
1355
394
2650
1098
2060
2260
243
1739
1794
1103
241
531
440
333
1284
1283
1326
452
672
480
288
2302
1338
609
64
1993
1416
2567
896
106
308
1371
254
424
2357
2298
307
95
1327
2317
765
981
257
2464
2549
2008
1180
550
759
192
1695
1315
691
