1592
1605
2172
1550
1088
2373
2256
1650
1784
1192
1477
1702
1248
2701
951
2284
152
746
1109
131
2262
1436
145
1710
1724
1251
612
2693
1113
1772
799
584
1186
1197
1621
631
1804
713
1971
742
2340
1170
1158
2410
2547
535
1977
1707
681
1552
2561
2278
1604
1987
1758
1695
464
1713
2659
80
2000
1781
2039
2623
2501
1198
1789
2052
2563
248
1676
2429
648
693
2355
64
629
864
121
1426
1420
211
1220
2639
1406
888
2445
2460
1335
688
2269
2268
651
2442
525
1238
2071
1291
1544
808
917
1142
2417
55
1196
2111
93
2374
1578
2502
939
2483
2239
247
334
1228
2137
467
1587
1464
438
1619
778
741
2045
683
1421
56
1311
661
1800
1027
2103
47
1183
1835
2015
1215
1539
2109
195
1763
1777
474
273
2001
1579
1879
132
795
2401
1577
2267
1417
1389
2515
1029
2126
295
614
513
1959
1745
2148
1479
1519
35
392
1571
1497
1169
2678
2300
608
1746
138
2523
268
81
272
1208
2178
835
2009
1343
2430
846
1853
1405
1863
2196
2107
2139
15
2314
798
2447
2062
1060
312
832
2436
810
1557
544
87
2407
108
1910
1570
492
1824
1144
1049
2247
416
378
2605
1012
44
1608
2545
1387
63
2251
428
1914
1869
2022
727
175
711
1397
1783
1551
2621
676
1017
1560
479
517
2419
958
1614
2092
2525
1839
879
381
2528
2575
1898
1881
1843
1512
506
1273
956
1591
1036
2526
2185
2325
2640
141
2622
1000
904
1393
1698
843
92
1775
677
1044
868
560
668
632
2657
2629
797
2081
2160
1403
274
2335
1626
1111
2606
2068
1217
1342
2121
2707
1892
1529
1139
1974
2358
611
826
2189
737
1528
777
2228
1412
2368
1883
659
370
955
338
892
59
1150
130
437
28
135
1780
257
1199
1207
1467
819
2593
856
187
269
1756
147
674
1556
756
809
489
901
938
1558
824
465
1070
989
1655
1559
1880
1749
1286
330
2093
2154
199
1180
1115
2387
863
362
849
229
1305
316
480
1040
149
1920
481
253
1045
2012
1285
1140
1813
1184
2369
861
286
173
2027
2671
985
913
703
2540
511
1988
1872
106
1897
2318
758
205
1450
115
591
2449
1754
1093
2166
2583
2492
1428
1145
45
1828
1392
811
300
1478
994
630
2204
2127
2159
1187
1660
705
2132
2322
129
1231
2072
987
1792
1807
49
1949
1606
1991
970
1938
1482
1759
436
1859
1963
2037
1788
2450
772
164
2535
74
1264
1535
374
2147
1856
1990
1268
750
2197
1659
344
1680
443
1576
1726
1083
572
335
872
119
2421
2144
1805
1382
669
1299
1741
1816
451
2321
1404
1782
666
2156
749
1173
2651
1997
427
1830
1862
1157
1376
2163
289
2031
1542
1472
725
1028
2055
1230
1773
1354
1947
1728
1840
1224
2105
1466
1281
551
1791
559
710
1683
625
399
2187
1172
1011
1484
54
592
896
2309
675
376
724
577
762
855
616
565
1332
133
1894
2203
1334
665
1146
2302
2354
448
2478
294
2140
2586
507
1790
2381
1511
1448
1820
403
134
230
2097
1546
1475
1929
2531
2533
1905
2305
1895
788
1757
779
2405
501
1474
1864
766
2648
1374
785
2210
1097
1968
842
1411
1833
2634
2056
1617
1103
1135
417
389
2116
394
5
1385
2030
923
337
1312
1138
112
1304
2480
1365
157
2299
1610
2578
2592
444
2277
867
890
1628
689
2242
236
292
2158
1485
1715
1667
1658
2165
485
2021
2108
1562
291
52
2631
94
267
1438
588
1239
982
977
1039
31
2125
2704
2098
2157
2382
332
2654
717
2636
618
460
1966
1033
84
1851
12
1250
1095
1175
1737
345
309
2133
2552
871
1437
2050
366
2306
331
2424
1858
435
740
1887
1102
646
561
697
2378
1926
2468
1205
2236
663
1430
2191
1809
234
722
755
1357
225
219
1510
2044
2152
1063
1612
1359
1913
412
1423
812
2260
1677
1976
802
877
190
2377
2253
747
171
320
360
1876
249
2330
2384
2529
1852
1435
1451
1442
2638
1776
4
440
829
1513
807
1831
1320
2503
498
1917
627
589
2357
1554
728
2026
553
1802
2660
1502
1572
1936
1495
1762
2698
945
935
46
1473
919
1301
2232
839
775
2363
1292
2281
265
1928
42
599
1259
1321
1998
1125
1447
308
2124
1580
915
2514
260
1377
610
847
1536
2579
736
2510
2131
564
487
1318
82
1030
818
597
1689
1896
633
898
2293
1204
1806
2038
2218
2498
519
2457
1189
2543
1935
495
2270
2298
949
2295
290
522
1253
2511
2542
1256
1079
1849
102
1279
1735
1394
2136
2665
2216
1969
1132
2142
760
786
540
2240
37
2199
734
1951
2255
125
212
100
1903
397
619
851
14
927
181
962
1625
193
2508
527
2094
1911
264
1245
2115
2626
582
543
168
146
1223
968
1051
1143
649
2231
96
1717
1252
2695
1177
579
637
1009
1293
2504
536
1582
1657
1439
531
1395
1836
603
178
2188
578
1288
1875
2669
1975
20
7
2557
1441
2456
2692
1868
1327
1940
2287
1537
1549
2587
1573
708
2705
1534
402
1296
198
237
1532
1077
1533
1274
245
2391
2415
820
2455
2074
1566
1370
1272
2257
554
1639
1107
2569
911
617
2347
288
2261
1241
239
920
150
1838
609
1752
516
563
2461
594
342
981
791
2439
350
509
1308
2614
859
753
1289
2496
400
315
1218
804
1950
2649
1521
1053
803
642
2688
1211
1222
523
1952
22
2348
2524
18
310
144
1768
484
910
1300
1518
162
2435
2042
2414
881
1306
936
1240
1380
664
30
1893
2117
202
91
496
2332
2519
2264
251
1059
136
2296
2311
1038
2372
1654
782
2521
203
1953
600
1068
1602
1727
520
1618
72
1647
409
1665
301
586
1585
90
1811
1052
706
537
1346
2078
2428
2395
1922
95
1280
1457
602
1945
2323
433
1932
2422
889
407
862
387
1360
1569
232
1503
1992
1096
1508
1923
678
2307
2571
690
2086
206
1434
1344
2303
2053
2691
813
1105
2134
1623
1850
2601
2600
907
787
1668
311
2017
2057
1486
709
1058
2034
573
899
2549
2004
1233
2176
873
720
304
2067
2513
745
606
1069
1487
1271
640
2192
729
1373
48
1168
472
478
1561
510
1946
823
1653
452
415
218
1073
650
256
182
2412
1882
654
1743
1786
209
2090
2219
504
2416
718
796
1454
2464
2349
1685
1407
2425
418
51
1937
748
1934
658
1336
1347
626
997
390
411
1094
413
1884
2597
2402
1568
367
207
2181
2527
1514
752
2694
886
1425
70
471
1101
2223
1047
68
1899
702
2289
1506
1416
764
2473
2453
241
1731
2161
1116
530
1747
714
201
188
1980
36
107
2290
1488
50
1877
1810
1730
893
33
1999
1613
2193
1829
2007
2215
576
17
459
1751
2316
965
83
1915
6
924
2182
1066
69
1960
469
529
313
1056
2235
973
1317
1433
715
165
79
719
2434
1276
1337
1249
2327
943
2534
884
1547
1808
1110
721
1985
1700
326
439
2686
0
2362
483
2658
1084
2344
2155
1287
307
1600
2536
1176
282
1162
1711
1099
624
1603
303
2101
192
1490
615
763
3
914
1075
228
2674
2576
738
204
1673
2273
1330
857
2113
532
1620
696
2173
1644
2212
2423
1388
1493
1459
441
1703
1112
790
656
2532
2602
1369
2687
512
2530
691
359
2356
539
2088
2538
1221
1817
122
2130
2427
493
1678
1515
8
776
2280
1541
2326
2205
1148
434
101
1018
404
2577
2329
784
566
2207
1904
442
318
2286
1082
220
1310
1481
281
1126
918
580
246
2393
200
111
2170
1402
2200
1194
222
353
634
1622
680
2029
2345
2313
2682
1517
1496
1323
476
2476
925
2497
2620
922
1832
1214
978
2666
116
2060
1081
838
1686
1302
1962
639
1770
2599
1008
41
2635
2095
700
2462
1867
278
739
2560
1939
1396
613
759
542
679
2486
2168
2175
2248
1065
1918
1640
1378
1526
343
1106
670
547
2516
1696
382
800
447
1200
419
60
2143
2426
1322
137
477
388
1424
2562
266
1627
999
1596
1331
909
346
2517
1458
2454
905
2505
2664
466
127
2064
2677
1117
410
552
76
456
771
1669
852
1624
78
340
1744
1494
380
1141
1329
2292
2014
2488
967
2554
1609
357
2446
757
271
937
2259
707
2082
2006
1970
2339
2065
287
2171
1690
2333
401
701
2230
285
2662
1023
2040
1349
2646
1333
1134
1307
1266
1718
1025
2418
186
1738
2617
363
570
1567
583
1636
1778
1309
2058
1409
1742
2087
883
1662
1564
395
1014
324
2226
2102
2656
2546
1446
1994
1119
815
1010
216
2059
1355
1641
926
279
142
2279
878
801
408
1229
1555
1127
792
86
2507
986
1708
1193
2661
67
521
1455
196
1921
1649
1263
2366
526
1190
2433
2431
2451
607
2141
2559
1720
189
533
1712
475
2555
1179
2359
184
2668
1226
2607
2342
2341
993
712
1825
2146
569
1390
1149
1885
995
732
1362
1350
1553
1509
2650
2046
1748
10
971
991
1815
396
2265
2128
73
361
224
2237
99
2432
1958
2564
1352
2663
463
2375
1642
1315
1874
635
2448
1638
1774
903
250
1297
458
1901
1635
169
2364
242
1210
1616
