1558
1819
2665
2521
221
2037
2004
1957
263
1480
2140
564
2186
1824
816
975
2000
1242
662
2162
1014
1643
1352
696
1055
612
2024
847
5
583
1069
1696
746
819
2660
1648
1390
716
1958
686
914
1230
1568
163
980
2087
195
1015
1234
2450
2506
521
866
1053
1118
2120
1313
2648
2239
1960
2415
2364
1596
1653
840
1721
733
2073
2297
783
2517
1756
1431
1535
2231
1671
1892
2527
1913
1339
2448
2203
2111
589
1747
177
234
1011
2255
2461
2022
525
1735
1154
460
1455
1283
213
889
1454
1013
2183
891
828
1903
2134
349
1203
724
1647
934
2049
1890
1088
671
118
1587
541
1158
1182
1244
2015
1085
864
1245
1707
1501
1327
108
175
1779
1370
1505
2135
2326
303
1849
2458
1248
112
1945
915
2319
2103
732
707
2260
1686
1346
500
2334
1520
1270
1929
2591
1467
1188
57
2600
876
1777
1692
2668
1986
535
16
883
331
1962
1836
1079
2465
607
217
2095
1927
1474
1812
1236
304
1749
776
96
158
703
1584
2470
1139
1324
135
242
2567
887
1871
1952
547
2413
675
1365
1216
2478
2472
115
1752
575
2027
120
88
1860
413
185
324
359
2150
1814
1632
2473
1745
1709
482
1555
473
2233
1891
2201
1173
1144
2439
1239
1482
260
663
1406
1613
1880
191
1328
414
376
926
2338
2248
573
138
1155
1881
494
856
2486
1232
1225
2565
598
2131
1068
1533
2116
87
616
2157
997
510
1018
1036
78
91
1401
2706
208
2237
2023
309
202
54
1651
1238
1305
611
509
2454
726
2429
1951
729
400
745
1028
1412
1193
2384
105
1724
1350
1990
409
1336
1104
2025
685
2054
363
503
910
592
1893
1609
28
450
301
1727
959
1338
401
44
188
2267
291
1768
1222
259
737
31
1705
527
1180
1628
2663
111
2336
1129
1659
1914
1542
1042
489
1258
2526
123
1415
1246
637
1473
426
62
1374
2028
109
2614
2677
634
184
1466
610
1341
6
938
753
2139
2238
119
844
1440
906
197
2306
1538
1933
89
1263
2505
1491
1624
691
1656
1397
13
1697
971
310
820
371
345
18
1866
2277
152
2225
1911
885
670
384
307
1425
976
1732
2578
1536
1134
2560
1665
1695
1149
969
1471
2497
1631
454
300
2678
991
32
2664
1984
622
540
2412
1798
693
372
1902
1107
479
966
1750
717
661
512
164
2383
951
151
1141
569
1302
2190
2160
238
681
2452
528
1181
2128
1261
689
860
2484
1492
1780
2378
1162
2359
656
850
1540
471
1340
127
2658
2683
1855
801
70
706
1920
2350
954
2522
742
2502
1209
836
898
1136
1226
2503
491
1517
314
1662
1616
287
269
302
1159
311
485
178
1908
2540
539
427
1384
961
2617
1599
449
2209
2175
605
1334
2151
2366
2263
104
2281
1464
2642
1869
161
2411
265
1483
2699
2347
963
4
1557
809
370
391
1677
169
1314
1457
467
2357
1615
1722
2469
1513
2217
1941
1979
1059
1924
1007
25
849
1332
130
1877
987
624
1498
775
470
763
1441
752
1191
1918
1273
1846
2290
2036
2388
58
2173
1889
1426
1459
2211
1830
2132
1802
1262
182
2373
437
2616
1840
759
544
1852
2697
796
751
1698
126
1620
397
868
1574
1518
154
1872
9
1102
1947
2159
329
552
855
2212
842
387
2009
1074
2579
782
1755
1008
2643
474
389
140
348
2438
2587
558
1218
1661
683
176
2303
1810
1025
896
172
1190
8
285
596
2428
1987
619
579
343
2374
2187
1683
340
1700
2309
1789
2528
1371
41
1864
1991
461
2165
2583
880
628
551
811
1475
1253
2569
1786
1743
2349
224
46
2682
1212
1522
781
2640
2537
863
410
919
871
750
660
667
255
100
2273
1462
901
1898
1394
1272
721
134
1243
688
2313
2637
1479
1265
1465
168
465
1213
2419
2423
402
1976
1322
2369
1715
1342
433
247
141
1688
339
1978
937
24
798
275
2047
546
2511
873
785
2531
2079
149
362
1083
295
1153
2679
162
2693
439
1955
1506
2284
2516
1570
1900
1552
2019
1045
2641
1572
2453
1560
642
1033
2182
2100
1630
821
146
533
144
548
2593
2509
1378
1293
1148
2320
1870
714
393
2333
632
51
2310
52
2432
266
2193
416
2031
444
1196
2247
1160
1887
2370
2068
347
2355
1961
379
2274
396
1103
2166
2512
1793
1451
777
1120
2305
653
1054
1001
740
10
1938
2335
2032
949
2093
431
194
2608
1919
203
1005
1652
869
2072
1954
1016
48
1703
1657
2654
2199
2652
719
1716
769
106
872
502
1138
1682
1876
1679
1387
1252
620
1554
1240
825
2167
2667
38
2398
2440
1319
2298
153
2396
2142
220
230
904
1231
1090
2070
64
1611
2513
2631
17
297
604
2576
462
424
643
1438
1286
931
1284
1737
1510
86
2271
2118
2628
2168
1838
2599
1073
520
1588
1392
1452
1595
608
1851
1257
700
2577
2066
1495
649
942
1658
1731
1817
47
2102
1563
160
27
262
1437
170
2500
72
1329
2635
1228
1362
1549
124
1165
436
648
2622
965
1751
2455
2418
1516
296
2403
988
2219
1260
1435
1879
1275
1706
2136
457
692
1850
1746
200
2108
1771
1310
1427
318
193
2514
2265
1842
2097
1811
523
892
1048
845
346
499
1124
1862
508
2115
2685
1582
657
481
621
292
1730
614
2200
1354
957
1808
2445
2474
215
1379
2195
274
1511
2515
2386
2276
1043
734
147
1537
1168
1867
2086
2206
526
647
1460
2
1897
20
167
173
730
1905
788
1330
2630
1601
1942
2399
1699
2152
128
1910
1949
2391
15
893
1712
298
2483
1010
1763
506
2109
972
682
2249
1626
33
1964
2620
907
59
448
3
2210
2588
493
2524
1985
35
768
429
2371
382
2243
1082
897
2246
290
757
515
1532
1469
1279
908
1663
920
1142
701
2083
2518
1151
2534
912
1594
2564
823
129
2687
2331
1360
1348
2598
1640
2557
1736
2479
69
2435
2171
1353
1019
2633
2442
2491
1604
899
1268
2056
1733
2647
519
2492
953
137
1472
2189
2240
756
964
1197
1967
99
2035
306
2324
2048
630
1235
2490
1195
2368
2595
2475
566
1778
641
1306
475
2402
790
2686
1998
2702
1512
586
1633
2675
1655
2460
1375
1603
2607
2482
1580
2671
2615
2681
1857
1366
2659
407
1411
1901
2113
2223
1829
241
577
1823
1673
1526
2676
258
2673
1356
1493
2703
420
1051
1741
2634
582
322
417
1117
2645
974
252
2397
968
335
1781
704
2390
2050
841
1267
633
1618
327
2130
1376
2694
2408
837
1179
1463
2328
1982
600
133
1086
826
993
1484
2481
1264
1060
2596
2059
56
2040
1405
1895
814
710
1691
365
635
478
2092
2358
1806
1551
1841
636
587
1414
807
568
2114
2282
2362
956
1075
554
1581
802
2414
2234
2064
779
1576
1458
1832
451
412
2431
1178
1194
1434
852
1282
1424
0
659
1827
977
1825
1367
171
459
1642
2067
1650
113
1024
150
2553
550
618
364
2592
2075
1002
1135
222
2253
2382
1935
789
1152
1701
835
375
695
1915
240
2377
1093
1461
1711
1097
1391
2104
580
862
256
1788
699
1999
2568
2259
2626
337
1201
1717
1550
2543
1916
216
2052
1486
627
766
2307
1494
1418
1507
254
1973
1447
851
2466
1930
280
664
884
446
2147
2292
1098
504
2467
1251
338
1928
923
709
1081
278
1710
93
1931
1400
787
1125
201
1373
326
2289
1787
367
2220
2457
2198
1774
1589
1399
941
2287
136
1337
1529
157
2632
996
848
1318
1481
728
1734
2546
1140
505
780
2653
1477
581
2343
2456
49
2221
2698
2356
1856
1773
1963
1089
2609
1803
718
1300
2090
1878
1417
253
308
1137
2091
2124
1714
537
1297
1845
727
1357
2017
1956
1145
2444
2106
404
1566
2315
1567
761
613
2367
2380
1670
1220
1917
43
2480
1767
2680
992
1266
531
1675
84
2696
530
1641
1573
1592
2602
1044
1912
1012
1184
368
658
21
1448
2348
770
1525
2055
572
1174
2227
2314
2562
2690
947
1304
1101
890
1147
1559
405
1597
784
2447
501
1729
1753
1865
1488
741
833
1843
1720
913
2700
131
2080
2250
1678
2495
180
1468
441
1381
1420
2145
1970
651
1321
320
2381
354
399
999
490
2256
1323
2529
1524
1847
103
1790
1122
918
2179
800
774
1664
1821
1884
2612
80
2449
2327
1408
434
268
2062
1809
1274
2437
1725
366
425
2651
2485
1041
640
760
2351
1351
2207
771
1975
442
2504
2611
1050
2394
497
2389
1815
1364
536
1207
511
2254
1591
626
488
646
1039
2464
1577
1543
2426
11
2122
1534
644
2410
593
456
2299
1029
2406
1047
264
1096
754
1070
1666
2099
344
909
1757
1953
2574
2662
2007
2544
817
694
1171
2283
1863
1095
81
2688
2125
925
2105
2107
248
2110
1754
2178
936
829
2550
795
159
2605
749
973
1301
747
2337
1433
251
1728
1175
1667
60
2476
1309
2581
438
793
602
455
2245
2559
517
156
762
1049
2501
702
591
2137
1718
810
1281
668
555
2218
1980
2691
679
319
2650
705
1883
2666
603
341
1708
1636
2670
1801
1423
1057
720
435
2215
1859
563
979
767
1259
1127
