2043
1846
357
1152
2028
340
1685
189
605
2462
2613
871
487
1864
2401
912
268
86
837
723
734
591
1050
637
11
1051
116
1901
233
2604
554
1239
739
2523
29
610
288
1555
1401
1377
2035
1031
151
2705
1519
2508
303
789
36
200
2109
252
1962
781
1960
1095
145
2327
2040
1287
1005
1240
327
2264
719
1882
2095
2420
1204
1420
1452
2359
1009
1205
2050
2048
2418
2017
1133
300
412
1905
223
1313
451
1266
1749
1660
680
187
931
68
1282
35
1088
494
2134
1832
1268
852
2198
2617
1083
948
769
1775
2143
2562
1375
1311
107
1306
408
1448
2281
170
1916
929
517
96
624
2255
1786
527
1174
74
581
741
123
945
2322
122
93
1525
1773
2173
2649
724
2110
1674
2205
950
2655
2138
520
2115
2062
2543
110
212
1942
1471
1216
585
2520
415
1037
1167
2268
1719
2130
2007
577
1829
993
391
2272
2565
2644
2694
1247
2496
1071
250
2355
2093
2690
932
493
1258
1665
2347
112
2279
2176
2186
750
1355
897
1514
131
336
2697
2507
1703
2311
298
632
1615
1417
1185
2626
1621
365
482
1277
1865
623
641
1404
2567
2437
1859
2517
859
2065
525
2308
2457
1223
2026
2415
2208
1738
615
1983
1352
2084
582
801
508
148
1844
1796
405
755
1770
2530
2239
596
2238
221
2584
446
1820
1679
100
454
1790
1963
556
1879
2005
2505
2207
1094
1548
1828
456
1922
1891
2060
2399
2555
2305
710
1569
1971
2144
2332
1271
1393
1030
975
1848
1342
825
924
853
519
987
717
2141
1075
2582
1090
1485
321
997
1776
1767
1373
1256
738
2463
1713
1758
802
489
576
773
1821
903
1402
2637
1220
893
2575
293
850
2554
810
1326
1341
2179
886
2031
1994
179
317
2159
2639
1546
1226
2120
2182
1353
2544
2433
1100
1109
655
401
331
2148
1319
774
1617
2412
31
592
2489
667
1890
2262
1436
1717
1211
2356
65
964
1333
2454
330
2053
595
1221
129
2125
150
625
1148
2426
140
865
1225
24
1925
1359
2297
439
900
371
894
1303
1192
2295
240
1257
543
385
645
418
1432
1706
1330
1945
2590
989
2094
2651
1527
1251
1973
1898
1496
7
1423
158
2396
808
652
2670
2318
381
1654
715
2448
569
1850
722
1714
1041
1270
1581
1077
1422
1709
777
276
87
1537
1531
1800
1479
731
768
177
1130
2430
2394
495
647
2126
498
1262
2618
378
1795
1348
1778
196
183
2532
1418
1586
1927
284
1646
25
1731
411
225
1294
1234
2266
270
2571
2573
1672
1467
558
1144
1119
308
2398
307
111
2388
1138
2491
1839
686
1515
1728
1663
1113
656
1539
874
1682
2479
394
1158
629
630
568
2306
149
1605
1644
1210
282
2236
1855
1642
1273
2121
43
499
762
1577
2200
352
1710
2010
846
1312
395
1450
350
254
2136
1630
2499
1183
1149
896
1017
360
2131
1106
279
63
1177
485
1739
1
1264
1340
2673
215
1068
424
851
1001
1047
471
339
1592
2245
2118
1398
1416
536
1718
607
2661
537
2063
2265
1329
2373
2177
1165
1187
2354
1902
2353
20
372
2537
2625
795
257
834
1410
56
2514
1532
858
423
1556
1004
1606
1998
856
1279
1582
2127
1809
387
468
1888
1151
695
2047
1928
2097
977
2531
683
2578
606
1309
1768
2221
2704
1020
1057
1991
349
1213
657
946
459
2596
1863
264
2591
952
980
1565
1789
2692
2510
2568
2633
2142
1513
2199
2377
1708
2192
1155
2642
2569
2472
1343
1324
1503
1982
2576
1391
2146
2098
2319
1060
2432
280
275
1328
1914
1042
421
369
2652
1769
1013
1561
500
2170
1323
130
1762
2686
1494
1675
1735
1724
1629
480
256
2668
6
1598
839
1137
650
1594
479
210
2081
2085
428
1972
902
921
1861
2278
38
207
2111
2256
1968
954
373
153
1381
1763
438
1335
1609
1241
1801
2451
1868
604
1584
389
346
1523
1602
127
1811
2242
2542
712
638
2172
1344
725
2672
2449
1687
2169
661
1128
2340
2122
243
310
793
976
899
457
1559
522
1242
966
1080
1207
1283
1725
860
664
634
1736
94
2416
2419
2267
2643
1651
2317
1590
1947
1208
1390
1498
759
1692
1723
765
2459
1929
2379
1372
1439
1580
1102
745
2006
679
1893
965
1228
627
109
564
2254
2096
1477
84
1955
18
1941
1011
2385
2147
857
887
2488
691
2471
1304
232
523
2338
1640
1690
2174
2009
143
1761
790
342
764
746
662
2380
1214
1027
559
2246
1668
2145
274
286
27
955
2431
353
2509
1764
2036
119
878
1872
203
40
840
1166
1327
2656
565
1483
2666
425
2477
553
1750
2706
1805
1310
1062
160
877
663
626
1522
1002
49
917
1079
1599
659
1823
462
1512
2269
1217
1069
2674
41
2482
1332
1428
355
2663
132
2283
2598
403
477
2290
2202
2292
969
2113
570
1112
835
2361
1196
1575
2504
684
1507
880
1435
918
1826
561
1536
2701
376
2493
2099
2521
2605
1302
206
2212
2687
2002
85
1734
1785
2546
379
1705
788
1760
879
2003
161
658
552
2225
64
1501
1842
2435
239
530
2103
1098
2561
984
224
1255
1169
2189
2293
1784
2585
1935
2478
1688
1878
1289
971
1779
1506
138
2526
1072
2073
986
294
1288
1443
867
916
538
490
1838
102
2233
1956
154
1387
22
535
436
524
192
1627
2191
51
951
2371
142
991
101
1543
1931
1729
1636
758
1961
1932
1808
2702
1557
1096
1475
476
1203
2427
1628
2352
1856
1777
241
483
2076
751
1114
925
246
414
603
2658
1862
2315
526
337
2119
21
2535
1189
776
2037
1752
1419
146
1116
1799
2046
1356
47
1612
435
366
814
944
2045
1835
2424
1896
1384
2042
2390
1366
889
2464
77
2132
885
936
1885
1406
923
812
1125
901
2210
2577
1894
2631
305
1379
344
89
1493
2180
1574
2662
464
1851
988
1039
1564
1195
2024
370
1374
1906
1301
2372
1715
442
748
2029
443
1495
2438
2288
491
2539
2378
201
2284
1425
1339
571
2357
2622
2059
2087
1595
419
1952
2163
690
2624
613
1587
2444
2606
995
407
845
2466
1673
2513
1162
61
247
1633
319
155
2349
1429
1892
3
1021
711
167
1244
2089
343
2475
617
265
2634
1623
682
66
1468
316
1953
2534
816
2350
972
392
1980
941
2413
639
2494
1560
2012
1647
677
285
134
237
2280
1949
2240
399
1461
1290
1571
219
190
2116
620
1252
406
703
52
1923
2638
2086
1307
1121
1840
589
1490
2285
2276
1164
1730
763
1408
2529
2588
1815
1616
1659
2467
1315
930
2157
1038
2409
2282
742
1707
962
1990
2551
854
697
470
2260
1334
1482
778
2224
611
2108
2676
1877
2227
2628
2563
1603
1486
2490
2286
447
1499
2071
1235
1969
2558
26
169
943
601
1320
289
1921
2223
831
644
313
5
807
1585
2580
1911
139
1781
295
1122
2054
1554
1462
1454
1538
892
910
2185
978
1939
933
198
1933
2612
642
926
1528
1568
1545
76
747
2228
1280
1572
1218
417
1897
968
2067
1981
1347
242
2101
2476
309
2664
1810
1695
67
873
481
2184
881
1985
681
1082
1105
1449
2027
445
1314
1297
1670
1139
362
531
1434
1803
2033
1022
583
828
2465
953
869
312
97
973
117
1035
135
2574
855
1092
2684
2301
2219
1276
1664
2611
1677
2162
501
108
1656
2025
868
1346
947
2229
707
1691
271
1293
1958
2414
1427
2329
1681
2220
1441
1697
1744
1600
162
398
2213
2601
1938
2114
2402
1040
1751
1367
2483
2623
2423
272
1926
1792
332
1281
278
908
1834
249
1065
1053
2393
1292
521
1993
797
315
2592
2070
503
870
1951
1924
1632
1541
2015
1142
1529
2304
82
2100
513
95
60
2289
505
919
1970
34
872
1662
1043
1797
1089
547
511
588
4
2201
202
958
2404
1566
54
118
1260
2316
1700
2249
396
2387
2044
2217
1813
622
410
2251
1903
2368
1378
1721
92
1950
1117
532
551
1937
2461
9
660
166
2030
1465
39
2253
1134
502
631
701
653
2056
1171
2206
2524
2364
1504
2616
1802
1385
2458
907
2511
1920
227
75
721
942
935
1036
172
2307
798
1500
1172
1409
1845
1497
1704
1847
1917
2154
1015
53
1084
1188
1318
1526
12
2405
2133
1604
1400
1626
460
1741
1362
888
1365
453
1881
1680
593
1026
830
689
238
1081
2648
1712
124
1791
1989
2211
981
949
383
1884
2497
990
1412
1913
702
45
654
1765
803
2550
214
1018
636
1141
829
80
1553
2263
2302
2681
1061
144
180
1549
1643
1484
1480
1948
204
2171
1093
1278
1033
1224
2348
2312
740
328
121
1819
862
455
1979
2646
1596
772
1232
2112
322
2440
2572
2685
1608
380
1123
364
2320
1825
2038
388
2641
2549
2077
1689
512
1243
1331
1474
441
2480
1988
1558
213
195
1044
1415
2392
1132
426
787
550
2203
2034
1745
1012
2589
1780
528
137
2675
2165
2579
575
1755
437
461
1337
2022
1198
1182
1453
2650
1175
727
409
306
1684
506
2691
673
1444
726
2
649
694
104
1291
105
718
861
2421
218
2243
1788
390
165
1147
1645
1661
168
234
2547
205
377
