1122
948
1876
1447
248
1942
1777
1230
2317
805
899
2204
988
2516
1073
1966
936
703
2434
352
1688
1886
2165
1066
1167
1514
2116
2428
2414
2513
1962
272
1265
1738
1503
181
777
557
2501
1446
346
2487
727
2014
2589
1712
2341
1036
1019
1523
2307
968
591
2100
95
347
535
1834
647
1971
763
2122
680
1012
315
2330
443
2615
572
356
2528
860
1193
504
1337
1646
363
2271
1470
980
2401
2408
1030
2020
1794
2151
2424
2378
1770
857
107
798
1249
220
2268
1475
2184
1427
2377
2319
408
461
35
1309
1399
1338
2643
452
400
958
1609
978
1351
1164
116
1431
1750
406
685
236
1737
349
1979
991
2649
41
2079
1253
1789
104
1076
2109
213
262
779
1675
2173
1973
2158
724
1734
1261
946
1500
1027
2092
1373
2672
985
2639
261
1608
1174
1472
1798
2067
2025
2634
323
793
391
322
1187
2277
2082
624
165
1119
1534
2033
2470
1745
1153
1108
16
823
2358
1723
1077
2652
2185
196
2601
155
376
184
2270
1764
1377
221
1629
202
628
1779
889
1069
2365
1453
972
2048
112
2619
1254
2557
1829
892
2181
584
573
795
1111
2162
1982
224
761
1374
276
1053
2620
2245
2402
412
1541
618
1944
1513
775
2304
999
2061
2552
2089
1455
2135
2190
2471
957
1926
1201
117
2683
1590
169
482
1594
360
651
1809
1838
1176
2357
1277
190
195
240
1000
612
172
1735
2099
2678
515
1960
934
2527
1683
2362
2331
842
1842
1358
1989
1539
135
1781
785
2363
9
1832
1611
704
2084
898
529
1231
1411
969
713
1379
1157
1299
683
316
610
2216
2485
890
1638
92
1669
977
2337
757
1227
982
1525
1801
2000
1793
180
1225
2581
8
2153
2340
430
1468
409
2320
330
1912
659
1599
2115
441
2352
2474
2127
1290
1485
971
2241
2257
741
1997
225
1330
61
780
600
435
1831
2384
2681
1772
1927
1279
2196
123
487
2359
923
845
2650
62
2482
296
1632
355
1848
1418
345
1419
2698
782
560
263
1915
1130
1432
385
1080
462
1181
1294
1900
2315
2617
751
1728
514
1207
1715
2479
636
2136
147
746
48
1460
1753
2211
2105
111
1291
1200
1990
2605
1112
2621
2287
38
1490
1023
641
2279
1010
2498
2161
314
1751
466
492
943
2057
726
1311
1292
2262
2322
237
794
1415
1467
2473
1406
542
1759
250
561
1618
1409
2008
1426
86
1121
2222
1849
209
671
668
2636
329
219
2342
2385
307
2496
2134
720
1007
865
2125
2172
1488
1551
1650
2576
888
760
256
2437
79
1182
523
744
698
159
895
1189
829
1434
2300
796
2041
2290
2492
285
908
2594
518
802
119
1471
1954
2026
697
981
559
2667
1587
617
917
1423
1721
1331
2407
567
26
2666
2364
2278
837
2447
2016
2175
2321
1958
2168
1647
4
1295
1616
273
321
1391
66
2696
863
2285
1168
1004
2657
1385
1761
952
1733
907
664
990
1546
1910
368
1264
12
2088
2553
861
2603
2329
207
2188
1790
2410
1348
804
364
125
341
2336
189
2556
1304
439
1644
2266
1951
672
76
334
1463
94
212
2091
2098
2534
827
879
2293
2212
2080
2422
1890
1070
728
2448
1802
1180
1739
137
921
1384
2459
2423
293
911
2305
88
1402
2349
1302
198
748
1589
2614
2673
2208
2538
1983
1634
57
2548
67
910
2040
2090
1571
662
2632
528
583
319
1768
1300
467
2150
2578
1508
399
700
721
1178
43
707
2686
965
1843
973
2668
2289
2627
1852
2325
1449
894
1100
416
1812
156
1825
1451
2118
131
2054
1953
1992
1524
1275
1099
2177
773
1110
2507
649
1533
44
768
1568
930
807
776
1853
2515
274
1045
2083
1226
1537
2572
1991
2176
1758
2381
2382
758
1666
2032
2584
2132
1884
955
17
629
1371
1109
2085
129
1197
28
417
2059
2264
885
1538
2072
645
1786
1895
585
1999
453
83
616
71
1062
1903
1497
450
1184
375
2344
731
1850
2564
1284
1860
1105
268
2112
2144
464
2397
78
1250
1165
1553
738
1726
614
1161
1417
2679
723
2439
1563
1946
2449
1845
929
2394
1837
1655
830
404
1343
1009
326
1139
1642
2463
1386
1245
2568
569
828
366
284
1584
1459
2413
1822
839
2075
882
1871
494
2261
1430
175
1024
706
2286
709
2169
211
599
2275
873
2030
317
931
1206
2664
2301
543
1013
598
1730
2491
2651
1857
1232
1315
2547
252
2265
472
1394
1324
1765
167
1894
1474
1649
1479
1934
2141
103
2565
2028
665
1162
82
2011
745
2644
1560
2566
2390
2450
532
887
1042
1341
206
1805
449
1583
2068
1152
1314
1170
126
1923
401
893
2642
157
1339
1437
801
310
342
1440
1612
1389
249
1344
73
1136
1507
2238
2250
2702
19
858
1393
2630
1016
423
481
2587
50
1118
1247
2573
442
2060
1366
1929
1916
770
953
1720
711
434
821
226
2602
507
1026
354
1796
55
1381
150
1645
495
1020
1565
115
883
759
2623
1293
85
1856
1329
138
1223
1370
2035
998
1312
1713
1186
381
510
2493
1345
675
2598
1274
774
205
689
210
594
615
1064
1556
1797
141
396
787
1272
967
718
1924
546
1931
2704
478
304
743
21
1904
844
228
2094
1938
1404
1005
1375
1998
2456
2395
337
2251
106
199
2313
1527
657
2514
1363
1015
1477
281
1554
1868
644
1313
1129
164
286
2202
1956
1724
1995
556
260
246
1155
93
1332
550
1640
1156
2662
2441
1846
1517
176
637
431
1317
1305
1879
2
2648
1766
1727
1755
1624
160
2316
2582
2203
2339
14
384
29
292
1126
2223
2396
2259
2093
105
2404
1769
350
694
1211
716
2350
1711
471
420
1078
2159
1996
692
937
1784
1920
1458
2318
1158
36
139
2389
2147
465
1911
2707
2087
2541
2465
177
2421
128
924
735
1216
1778
2694
1128
501
1746
2010
2288
24
311
1660
1681
601
976
564
877
800
1493
1512
1818
2693
696
652
593
2511
1071
2616
2334
2585
386
1349
1867
2209
2253
1757
1210
2433
410
1961
607
1906
1327
1120
2398
849
1578
1947
2590
1144
2283
1169
1328
638
2310
1323
2624
161
230
338
1528
421
1614
1697
1610
1044
2095
2199
1577
2233
2676
1749
2194
1038
1350
1692
749
1964
587
2608
708
402
1993
2232
2284
1054
586
654
1569
2114
1137
687
2163
871
901
499
712
1033
1573
1858
2113
2243
1429
1708
1307
1263
75
32
1776
2302
2645
2351
1928
1237
1732
2356
2469
568
974
2700
813
436
266
1548
571
1968
2417
102
2475
592
251
2069
1145
918
2292
1175
1217
2164
2347
577
1021
811
2703
1388
1360
2457
1278
1576
1705
1597
1333
2201
632
2420
938
2076
2388
1057
1535
2529
2064
656
1425
2225
767
270
2530
473
1628
1690
729
309
526
2142
1665
2024
2327
2391
485
674
1135
2502
455
1270
1461
52
925
756
1933
2074
1489
2633
2221
2622
149
725
521
498
432
1289
992
1549
2214
2583
1754
1592
803
208
245
1980
2458
2427
2654
1281
500
2106
1667
1639
2701
954
1839
520
148
1620
631
1606
124
2574
1854
869
1466
1014
870
2560
555
1505
1823
2638
1320
2217
2653
476
1760
1336
1865
1952
558
927
1598
407
1588
2510
1685
1236
259
915
459
388
1204
900
1244
1113
2086
1967
2476
1819
1420
2505
1651
732
1965
2017
130
1866
2376
108
2029
1222
826
1396
1896
1575
2607
2525
1428
1433
1976
34
822
1977
506
2687
403
306
2267
2685
1185
847
2228
1049
1824
1872
134
2411
2101
1882
1148
1885
2006
2446
2435
2237
2236
2692
98
1260
812
2311
1482
2137
1948
669
382
1922
2497
2518
1653
951
1873
920
1107
1060
2546
483
290
1707
1355
1098
941
643
1787
1008
1283
2182
1104
2146
1695
470
810
1986
428
1774
369
2635
613
1791
1994
1600
820
2480
2103
2046
136
1486
1510
1694
1595
1536
2065
1280
1306
843
1003
2043
2166
1106
1950
2393
2409
2494
2521
2535
1601
186
2690
1296
227
2070
1703
1369
1085
80
214
511
2591
2258
2655
339
1483
215
1898
737
480
1342
1319
1562
1919
2674
1519
719
2247
966
2443
619
179
2034
522
906
1593
635
688
1496
1011
2532
2524
715
2366
1058
1318
1532
2249
1889
2062
2306
2688
1813
372
676
1052
1301
1693
1847
1492
933
33
2314
856
771
1059
2167
1212
866
269
538
1623
1851
1881
838
1710
1795
634
2298
490
7
1142
1192
766
233
1410
2509
702
422
1972
183
2346
949
994
411
2333
2160
491
2145
2332
984
2244
370
2369
1125
1316
2179
1827
2610
1025
2489
1213
2706
1065
234
1439
1596
203
162
2198
2593
630
1408
1356
1403
427
626
2403
2425
1627
451
275
1844
6
1246
90
505
1591
1684
158
2660
336
2129
2661
781
1731
1269
2254
2586
1407
851
1334
1378
2047
1224
1188
2239
2361
1147
1716
1957
2536
474
950
2073
1037
604
678
13
846
2205
496
1303
324
1635
1365
690
621
1325
1022
1362
1641
806
1545
2495
1544
1456
1572
282
1258
1704
170
1353
1631
1637
655
902
1321
1833
45
2656
305
1542
89
393
1075
53
2440
197
1888
1945
1840
2641
