263
2986
838
2780
2403
2291
852
189
1702
1298
1397
1306
1315
1089
423
1390
326
803
835
1672
1720
1913
1578
1412
1642
574
815
1430
918
198
1308
1067
1940
3217
1284
1207
3242
1457
957
1817
2232
2123
743
1941
1352
565
1371
2151
43
995
746
1700
1780
2371
658
2997
1827
2909
3198
1331
2752
1962
2565
85
2892
2230
1598
1779
2391
303
698
3174
2057
2816
1482
3004
670
996
1654
1074
1955
1065
2995
3154
3028
3140
2754
2355
2433
1798
1032
84
735
2265
758
3210
2716
2781
1516
1565
3317
711
3184
2630
878
2427
12
2824
2008
655
1964
2758
613
1906
597
244
1262
1469
3321
1295
1477
3220
3029
3010
2071
2703
2597
2048
1801
222
717
2669
767
1489
148
667
3083
2880
3268
1423
1117
1476
1980
2830
2315
2963
1090
541
2548
3195
2710
527
3014
25
2497
3249
2439
2959
1304
1275
856
3022
1663
1633
972
563
853
1450
2869
1659
3046
2330
937
2846
958
554
305
1155
1294
809
2609
576
2524
923
1313
2442
3101
1420
2874
2958
428
2287
1918
380
1293
2658
2196
3188
2247
611
1280
2081
395
3080
875
2322
1856
137
605
1173
732
3191
1952
684
2303
2305
2617
207
3324
2311
343
2659
1804
3200
2189
3088
387
748
646
252
1833
2129
2955
319
2266
446
594
2660
807
882
188
671
3164
2508
1609
134
2051
289
1515
2219
1204
1995
712
184
2364
784
509
2404
1815
1375
2432
1581
707
1156
383
1057
1898
854
860
952
2055
101
1853
1003
661
1499
682
1509
3092
220
1049
1408
1818
895
1681
1166
2049
2998
1657
2807
2559
654
1629
2908
3132
1912
537
1255
257
2440
2351
15
75
2589
632
2406
511
1481
1653
2979
1361
680
439
2331
627
1491
1959
1462
1144
553
1279
3244
2114
647
2339
2109
896
1796
1588
1882
2562
235
2614
2180
420
72
204
730
2458
2581
1671
1440
1233
902
973
720
3110
3320
1793
993
1266
3024
1356
1458
2518
3070
1619
897
2494
569
3255
2773
2033
3262
2259
3281
2253
1012
2309
2833
804
2629
3246
3077
1290
315
3016
379
1366
2273
2765
3049
2568
2872
1878
2209
2782
1066
360
465
3061
3150
2526
1226
989
2013
2405
2481
3124
2895
469
2632
2917
1846
2946
3309
626
344
709
1087
976
590
2591
1035
275
2726
2370
1732
547
1559
841
769
649
2967
2176
2704
736
1411
2553
242
3319
1259
239
417
3081
471
777
618
776
524
2733
1736
2245
2923
861
2888
2336
2898
934
206
2840
1527
2098
1127
1715
2966
228
1186
1268
1987
1986
967
586
283
1451
1432
1909
1636
2445
2269
179
418
2735
1916
2271
568
1729
2595
1696
429
328
1286
493
1084
1272
2044
1183
2382
1394
3304
805
1725
3160
1191
1908
820
2841
2362
935
615
905
1167
1868
602
800
2042
2242
2859
208
431
1483
3063
1216
1004
3183
2742
528
994
1617
1182
1497
1859
3105
546
299
1199
368
3275
2325
236
2184
310
2456
2399
3050
86
1102
559
270
3170
1532
104
351
1099
1310
2744
1790
112
3054
3298
1518
846
501
3142
601
799
1471
141
2205
2167
2661
2496
1334
2001
1778
2943
2375
797
773
2076
814
449
2603
2047
770
1046
1566
2152
2182
1208
2282
2652
127
1071
2729
1436
94
103
1318
362
1188
706
2194
2199
2914
2499
335
440
1068
595
3122
2197
2572
1058
3272
2598
3171
1895
119
1400
353
1872
48
1652
2662
314
1661
714
2883
249
2390
1641
1500
2940
2037
1528
3308
1615
396
51
1823
2293
694
1560
2369
201
2320
2743
1876
1839
1958
2021
2826
2299
1718
2628
2884
456
2950
3167
1976
102
1911
160
2571
404
2092
2278
2260
2165
128
398
2342
1983
2471
2347
1320
2361
783
939
1826
3251
1921
2453
2504
300
2065
2579
2422
484
943
2509
2547
1787
510
2224
516
2715
1640
1682
195
1506
2867
2650
109
3215
1951
825
2128
699
9
2520
1950
659
2690
1601
1214
1862
1267
534
1225
1444
1149
2212
3002
507
754
932
3247
1928
1359
636
592
1562
92
688
1946
1910
3145
1368
90
900
1502
1350
2110
1081
1576
751
1803
3211
2435
425
2771
2977
1919
2681
705
1307
1232
930
2618
2170
144
2463
333
2100
1175
2695
41
812
1575
2262
2476
1339
3131
3323
2925
1585
1124
786
2267
3163
1960
829
3238
2731
619
2762
1899
1885
377
291
1777
2820
570
810
3292
551
1377
2393
2887
1782
2832
3037
1421
1844
1322
2052
23
2346
49
1297
467
780
1851
1763
2978
27
1348
1241
1357
1311
1974
2223
1972
2720
567
1190
1487
1010
1811
849
2790
2651
1716
285
3123
1141
1197
2171
10
1263
1419
1904
832
782
2717
2972
1465
3227
959
2148
1977
2239
974
1687
1679
1238
338
1393
2489
2474
2192
1614
1024
760
1056
2680
2127
2517
490
1470
2379
1040
3205
2712
1115
170
272
2130
2372
2877
1163
1858
1705
2104
2627
3223
107
1900
2584
2284
1735
2601
2317
337
269
461
2122
2107
2452
492
1192
2837
1431
739
2929
2059
1816
2275
3189
2032
2074
2207
2575
1288
3071
2290
3230
2881
1025
877
470
71
3296
2626
505
211
3216
2736
3149
1835
2329
2896
513
1948
2402
1172
2980
1776
2535
3206
894
801
363
1125
1935
2903
2853
1712
864
2956
2973
3311
1880
2332
365
1665
1539
430
1947
496
3068
869
3155
1978
873
3069
539
690
3228
2383
3112
1686
2250
1836
789
1254
1709
1799
3181
232
662
1944
2813
341
908
1367
1545
2302
1070
3058
1966
2922
82
1088
677
2027
2740
1767
2763
2031
2679
1992
1139
3118
1555
378
768
238
2169
1508
1062
1494
1953
703
2513
3027
3285
3039
3284
1398
919
3256
844
1475
1507
1873
506
217
389
1734
2473
762
1406
329
2397
3176
1277
22
3271
34
821
1861
1438
1699
2418
287
2231
2414
3266
532
3136
1819
1161
3316
1988
2040
1656
1030
6
581
1104
904
1211
2080
2713
2412
1439
1684
2240
1558
181
214
2533
2901
2696
1146
358
2607
416
872
2924
1602
596
2991
1355
2478
2495
2149
3093
60
2255
788
889
1118
1454
288
3199
8
1749
1825
713
964
3125
2856
3020
2301
3044
936
455
538
874
268
1314
765
545
3299
2166
1551
1258
413
2920
2222
3008
400
2296
1546
93
1524
1007
2359
2023
2566
126
2201
1140
920
3161
443
2935
2578
1054
225
1649
2761
2483
2227
1647
434
508
32
2378
2086
2072
2077
199
1229
2819
180
1282
3260
2046
264
2174
2864
719
295
794
2700
2952
660
1914
1607
495
105
1650
2395
745
922
2467
2450
1520
2557
3178
1326
3017
669
915
1425
231
2778
1474
1221
2751
1989
1100
2941
1321
1888
2592
1922
2764
2173
687
3121
2599
2795
607
1784
2486
808
540
2043
1301
2625
2844
89
2446
113
3277
1235
2137
191
3219
2341
3291
1498
3207
248
3000
1760
70
2847
2900
2747
158
1557
2159
1755
880
1871
1271
1243
1257
1759
771
1312
2425
672
366
859
514
1550
1248
1517
2018
1794
851
2982
2654
2381
1662
1128
2611
3185
2289
845
2010
2994
1427
2270
549
1105
361
892
2574
445
1086
1061
1666
480
640
625
14
2213
2666
1543
3231
3241
1626
464
2487
1168
405
2641
1437
2490
3072
2525
629
609
2073
2637
2409
133
1
293
886
1875
1879
583
2398
881
2944
2543
330
2009
53
1534
2838
913
488
2817
1594
2407
1639
1490
3322
1890
1447
544
149
2564
885
1242
2799
1771
494
639
2512
2191
1150
2286
2800
2640
2677
924
2878
247
1013
1896
2621
1132
2431
3047
2385
2387
2019
604
1956
2866
2649
744
2263
1530
3232
2216
2185
2949
2470
2268
3026
1249
1891
454
2567
1651
355
1305
992
757
1160
1325
194
1210
2449
665
1877
3109
290
1719
731
2839
1968
1795
1764
3082
322
1564
1231
2684
1093
2721
997
1218
2697
2620
2360
325
2948
612
855
3031
1336
2480
3003
1365
2766
1635
259
622
441
2843
281
407
442
2682
2605
2947
2507
2140
1434
1675
1731
2622
3025
3313
2551
686
2523
1554
931
557
1838
2706
1154
2610
2657
197
750
1112
17
3237
481
575
2519
1230
1783
763
1452
2829
135
1521
635
1514
460
3148
1994
552
3218
3261
3137
3259
2056
77
2106
3007
2810
2932
424
1401
2528
2544
340
1343
1388
412
1990
88
998
819
323
1996
766
321
2108
1510
2974
836
979
1443
1792
2344
271
46
1110
1133
2408
1669
16
2541
2863
2241
3289
867
1902
2854
2587
438
2188
1222
2937
2515
2022
1038
1111
2313
262
1246
3064
755
1931
3
1378
1513
2521
2709
139
3139
2563
342
1969
2011
3128
1328
940
2099
1537
530
1329
2004
2482
2585
695
1381
555
1153
1991
950
359
255
390
2768
3226
371
1389
3287
2206
1789
411
3051
2532
146
1741
1418
826
1442
843
2624
837
106
1704
588
2017
2338
1435
862
213
1382
3252
2428
99
1897
1159
3248
1981
2552
1583
2644
3326
39
2388
2050
451
1847
1092
3280
2656
2468
2894
1363
111
2272
942
1568
73
47
2686
2161
96
1761
3286
1593
1147
2154
3089
1766
1122
1346
