1029
2451
3103
1179
882
2633
3122
213
2011
456
1753
2248
1108
583
1335
1657
308
2664
3257
639
1508
666
1871
1533
1137
2617
1998
2542
1217
905
601
2288
2031
97
2705
845
2246
924
1254
542
2967
2108
474
2268
1779
763
391
3289
317
2969
2459
2956
1448
814
1434
3064
256
466
1815
2377
3268
2927
949
2813
411
2040
2582
1388
1355
2165
2841
1802
1264
599
368
2716
910
1591
2722
1778
412
514
2632
2273
3101
1706
2253
2287
2179
3039
3236
2886
769
89
2538
429
1648
515
785
2596
291
2594
2426
2943
2238
3019
74
3181
2541
2753
1846
427
892
3121
276
1841
470
1704
820
2269
1194
1357
55
1387
248
694
1168
2766
407
2119
877
1449
444
1408
476
3086
143
1024
1140
370
3080
1177
1490
3164
1939
1044
994
2682
538
449
731
2139
3189
3143
76
2460
2127
708
644
1979
2464
2184
1172
2101
3032
1615
3292
2909
2365
998
521
1507
381
2902
2676
1777
758
239
2700
2008
43
1296
1892
133
290
451
3029
2612
2422
1618
2690
902
1577
3156
2164
2525
2458
1088
3074
2359
3094
3258
2405
2302
1544
168
2419
2446
2012
83
2198
1722
1719
2066
628
962
1385
1782
2485
1751
2516
2284
1135
26
104
1730
1301
2079
2591
2461
2325
2668
2413
739
2646
253
1061
1053
2416
789
2505
1457
2759
1138
823
99
2443
660
2401
1600
1487
3146
227
2935
314
502
2685
243
2019
540
2518
1363
1369
2000
1386
1497
1816
1236
2308
47
649
3028
1292
608
2559
3326
2470
32
2536
2501
1060
1143
2093
3284
2463
390
3297
1835
1366
981
3173
1877
3177
1907
192
2986
188
729
748
495
817
56
231
3239
1323
1620
152
1430
416
396
1309
2424
1102
1150
2367
2531
1712
442
2441
2930
2438
547
1464
3231
3038
695
2148
1451
2691
1672
2631
1502
793
1277
352
2297
2075
2489
928
1957
3034
976
864
613
1921
176
2095
821
2069
299
1429
730
477
1006
1294
1589
1065
2961
518
3294
2120
765
2102
3120
481
2053
1295
204
49
2324
2598
1477
1268
400
3225
732
3117
2399
3010
2152
2734
569
943
2889
975
678
2966
1070
2074
863
137
604
968
871
1915
2166
2034
2694
1786
2312
337
617
1703
3097
225
2555
437
1967
1376
1435
339
605
567
2942
2423
879
1674
961
2613
3241
2256
1836
160
2492
723
1963
1359
904
2241
1954
858
1244
2409
1700
867
1590
2949
893
3009
2338
1126
3203
3114
1862
1791
2887
862
1868
1267
1446
374
2639
1092
1193
2471
1601
1127
2595
803
2589
3187
1509
2529
2763
2351
1551
255
3234
2718
2604
3123
2623
784
3170
2719
468
2030
754
3220
602
2086
2091
3070
1297
1184
3209
1854
2890
380
1402
382
1918
2960
653
1048
284
2467
1445
2196
262
1505
2123
186
2258
1082
714
2376
1133
2036
3259
2213
3267
2822
1488
2431
2781
631
1036
2013
2323
123
315
663
1637
146
264
600
1153
3282
1400
752
1343
2567
2654
2628
2934
2026
2361
1755
2421
1839
2126
2250
335
1716
3059
3155
3098
2662
434
790
2627
2663
2667
2280
1973
2689
2212
2819
1640
1141
2092
408
753
1475
2882
2779
265
1542
2121
1480
1750
2741
2867
439
2320
1269
1046
139
2452
3276
2279
2018
2465
633
1278
2154
1200
1214
2650
2403
993
3044
1733
2517
2158
1113
2227
436
1669
236
490
1656
2513
2064
68
151
1885
325
1553
2301
1849
2060
1091
1175
2159
751
2968
420
2985
1235
1911
3139
2186
2926
446
2836
2805
3219
713
387
2754
1120
1641
556
1206
579
2959
2931
2234
2578
530
2520
825
229
1797
3314
3012
1677
1602
39
3190
3285
173
478
818
1562
304
2991
2309
2010
1668
2725
1078
2124
203
175
102
46
2795
3040
1603
2499
3006
1964
1698
2948
1831
1796
837
492
3100
12
3273
482
1671
1144
2214
1743
2029
3018
493
1460
2476
2904
1329
1800
1771
3291
425
3198
3312
1059
1819
657
891
2914
992
1134
1937
1550
17
59
394
1910
3251
2498
1900
1625
627
2514
2225
676
1872
1685
233
1701
1901
1042
2839
1627
668
1132
362
1452
272
3218
1444
1391
1111
2760
2133
1281
1223
359
1606
2068
1431
2600
164
3087
1570
2674
1848
1237
1736
100
985
1212
3194
324
62
1423
2828
996
2584
2570
1855
2087
3082
1440
178
3099
150
2331
297
1860
652
1426
2278
901
96
90
1415
2457
1966
2661
684
677
619
3013
1187
3081
999
2977
2244
3096
1770
3197
1275
1968
934
2229
215
2016
2736
1580
52
105
1720
3299
921
2415
1832
1051
2560
2952
1079
1820
2486
2850
2925
1729
22
2052
2216
1923
329
1955
2128
1097
1202
2656
3057
149
497
2237
3017
1353
1188
755
496
624
669
698
2830
1903
2539
1686
1098
1397
2809
1251
3023
686
1566
260
2727
3092
386
693
1219
1548
2896
2368
2857
1028
737
65
3079
280
2592
2675
1341
216
2698
510
1068
1752
2797
3221
404
1393
3316
321
467
3191
827
2752
2974
286
2495
637
1781
1276
1100
2710
2468
2027
2864
2762
632
1218
240
720
1949
16
2228
3133
1647
1013
2964
1180
2048
2648
1304
2963
1063
1776
373
1086
585
1597
1740
2603
2041
830
1646
1875
2562
1924
565
3175
1381
1495
800
401
3072
1110
2045
2835
2141
2353
2860
2758
395
1149
635
2527
93
2992
2259
3253
1428
3188
1667
1412
340
2680
1261
1289
2601
533
3301
909
873
1867
1983
2475
2695
5
1746
948
859
1725
1728
287
2730
1486
2496
2707
1410
673
2785
1171
3135
3085
1316
860
3252
196
472
2291
1483
1096
2532
1484
2329
305
987
728
2891
1962
2642
2335
3037
487
2868
848
1080
2342
2317
241
1368
772
23
453
1914
2340
1337
1608
1823
1273
2175
1995
2798
2375
1169
1378
399
3290
1552
3265
2983
1784
2293
554
3062
740
1077
64
3083
2142
947
3211
2635
707
1255
798
1456
1741
1933
1116
94
1330
1062
3007
2747
3255
2395
1731
2834
2147
2510
1714
781
2447
1216
1609
745
2480
829
2171
956
1960
771
2226
1389
2938
3295
1991
1514
2872
2812
1240
1259
3215
957
1454
2043
2004
2792
1662
2638
1884
1498
1696
1623
469
2900
899
2190
375
2903
2393
2298
1972
2050
1948
1952
170
237
313
650
3140
1333
1916
1651
392
986
2808
3041
3077
544
1783
1982
63
2657
630
3216
559
1568
1559
526
1709
1286
342
964
946
1438
1547
1466
1629
1089
128
1197
2439
1158
3248
2816
310
1586
1228
878
2386
1282
326
2651
311
2294
1545
3061
2894
2717
2089
1257
471
938
1377
2394
1506
643
1520
1853
535
1694
2339
541
2138
1675
2028
1130
2265
296
883
3105
27
3264
2842
2356
1231
3286
850
587
3192
1196
960
331
295
2728
3182
710
926
2282
980
1883
2996
1616
857
1951
593
2954
846
2494
503
1030
461
1549
3130
3208
1306
1226
1650
2893
2104
1749
1775
1758
836
2746
1450
2201
2418
475
1660
898
1863
3024
1403
249
2453
2195
2205
2358
1735
2178
1041
413
1374
2878
3149
1766
942
2215
2687
1040
1022
2923
1994
282
3261
1681
1191
885
911
560
2021
2450
1496
2777
1032
2235
1252
2491
3106
1878
1858
2877
2832
719
2645
1056
1683
269
1279
2553
2058
3298
3067
2801
350
1503
634
1407
564
1049
1865
3300
2113
2349
177
86
2522
447
636
3224
536
1390
1938
965
2084
366
1844
806
1655
741
2984
36
2023
3093
2344
1224
3060
3025
1850
195
2363
441
979
2580
1265
1270
2209
691
870
1332
2958
1536
2655
2665
2077
1670
3321
2257
2945
294
1159
1154
2180
1093
1990
1183
1942
2337
3125
179
589
422
573
1817
1632
1874
2619
2504
2230
2094
786
2472
2462
1170
610
623
2071
887
60
250
1131
3235
2042
251
3228
776
2933
2723
2800
161
2404
2321
107
2775
2326
351
2530
3247
2305
3166
888
2566
349
1090
2272
667
997
103
1851
1441
705
2840
571
494
1833
2483
916
448
2739
675
3172
1045
2558
3066
345
327
1401
895
2033
480
1961
2379
2620
336
2987
2136
3315
616
855
1880
302
247
2844
1613
1298
3254
3089
2658
29
2784
2057
2726
3200
2827
664
546
1969
355
423
809
1208
1653
2806
2047
87
199
1789
483
1433
874
3111
566
1561
2286
106
3263
1732
1455
221
1947
3022
734
1707
2500
1262
1527
2965
2322
2110
3153
2262
2497
2521
749
3008
275
1522
3138
3277
3287
759
1356
2002
1724
1587
509
1511
3052
171
766
802
354
2794
861
1010
2783
1342
2090
2523
1256
2593
1493
1242
795
2545
75
73
638
1000
1531
1023
1427
1864
896
711
485
2863
341
779
2224
1976
2720
2264
2568
816
519
2185
3005
1543
2918
120
2572
2630
1233
972
1659
378
683
1147
1334
2571
458
2548
716
3108
3004
2810
3212
2953
773
1492
733
2672
2493
3152
1207
2332
1943
2414
1837
2852
278
551
2696
2038
1319
3110
1512
18
1541
1227
185
2162
1122
228
1521
2911
2847
3131
2634
1215
1315
1396
1993
2866
3240
67
2222
19
3320
875
318
3042
1534
584
1919
2106
2978
1842
570
153
140
912
1598
