1727
1437
3241
2565
2424
1953
3117
1286
1533
988
2974
676
2954
1863
2268
1344
2836
1610
376
1413
2846
209
1734
7
2790
3082
1507
2842
639
1342
295
774
1697
343
638
3029
1796
2843
1434
2844
1973
2190
2299
1559
2330
654
286
812
2224
2132
221
1183
1593
546
3293
2968
2658
479
2478
1870
1495
481
2667
2317
2436
451
2446
3004
634
3273
1919
3227
366
945
1062
1580
173
1901
1335
1758
193
217
2454
1641
105
1816
548
2349
1043
2363
1363
2761
2526
1199
2981
2778
1143
938
1205
1350
1745
3071
1493
1160
538
114
1405
1537
2603
2915
1795
3154
415
1028
2088
2407
2505
1276
1909
1549
1462
1375
389
1582
2480
1934
2625
761
1471
2380
557
132
3053
2725
2383
2617
326
2341
985
1041
1161
1343
2996
449
2934
2516
1144
2430
146
2449
1094
2179
2437
3306
2793
794
161
1604
1871
400
2008
691
2174
3104
1633
2496
2952
1390
2900
2852
671
741
884
417
2143
380
1328
2012
844
572
2377
1046
1993
2506
264
688
701
1937
1928
21
2816
1873
748
444
1860
2908
516
675
646
2902
1489
2758
2942
1638
90
1449
2028
1382
48
2291
2345
1714
2325
2005
578
2348
14
1281
3086
156
3210
723
2425
2819
890
2988
2199
3067
318
179
1856
1491
1924
1430
575
2188
342
2893
19
2452
1698
2924
1912
2103
1197
315
2931
1636
2587
888
1814
1557
1366
567
2550
956
1313
2361
2338
1952
1532
282
937
1065
463
749
425
1665
2102
2978
682
2411
276
2328
2557
2886
494
3237
447
445
266
1127
1503
241
1510
1338
2576
2736
1485
3045
2850
641
1066
1823
1592
1294
1125
47
431
1959
2940
798
2959
1494
1428
830
3043
1825
765
1978
233
722
100
2876
3140
651
360
3174
2711
2575
924
3027
1583
208
2389
997
1483
470
1446
2235
1319
1124
1431
1982
2013
1230
1267
975
753
2197
1452
710
1942
1482
1599
2568
1394
1401
515
579
117
1027
3138
31
544
736
304
1210
484
1269
1974
2196
1037
1547
800
2641
153
3049
2864
792
1151
3315
2159
965
1841
664
2585
1361
2271
1119
922
3184
1318
2292
868
598
3204
1464
1538
1777
3141
1754
2042
3278
20
1356
2101
3014
1374
350
458
1563
2892
2185
3324
628
1994
1691
2985
3277
372
2541
2646
930
2492
1155
1897
1007
2494
2943
3299
1420
489
3220
1556
1920
384
2260
2724
1223
3076
917
188
943
1851
320
799
1773
2875
498
3152
8
3294
2051
1755
647
500
2140
1927
287
1578
2039
920
1112
3195
1376
2556
2861
614
1100
2256
2744
730
3297
1234
1129
178
110
613
3130
41
2747
1783
1011
2817
2722
1439
218
3286
900
1473
293
1347
1621
928
2913
1211
1615
2238
2250
842
1926
126
3066
839
3292
1811
822
2488
689
385
758
212
1500
1306
2495
1752
2096
483
2010
1367
2824
3084
780
2447
2015
2259
817
1472
2639
1946
1484
693
2865
848
280
2820
436
2193
1283
2166
3282
1852
3106
462
2635
2520
1808
609
1748
824
3201
113
1130
2967
3116
2656
1268
1174
6
2547
3190
2398
1740
1033
1778
2946
1265
115
1090
1579
2329
2922
1377
2415
1274
2845
3158
3313
1943
981
131
201
294
1560
3083
2421
1098
124
338
2038
2384
1877
291
1679
2192
1646
1900
2228
2869
1166
2091
564
1969
919
155
1200
1222
2106
262
1427
659
1339
23
2737
1332
102
797
108
245
1232
1501
695
1282
2691
1781
2748
926
561
2312
1820
2061
993
1792
1150
169
1995
571
137
83
1569
835
3310
3115
469
2323
700
2546
1668
2784
2746
305
2283
2769
1039
2643
1182
1639
1534
968
3100
1573
607
2891
2183
1910
1963
864
175
2739
2772
2445
1034
2401
420
2805
810
1718
569
1847
1406
2002
3168
2937
1292
2252
116
2884
1613
633
2570
383
1606
210
934
225
2254
1014
2854
2927
1467
0
1447
1152
2417
1671
194
1840
1168
2962
2626
1264
707
36
2685
617
1605
177
3001
897
1075
2286
453
2225
1118
2838
1479
2109
777
438
2069
606
1902
1502
303
440
410
2322
582
1821
3303
1667
1516
596
397
312
1453
1201
2413
1635
2533
541
2896
1135
1876
3000
2142
2062
889
2435
2017
3137
3177
362
2385
3050
2813
2350
466
2855
1299
2596
3070
411
2092
2490
1057
875
3136
640
502
2333
1203
2414
2620
550
1167
796
3219
3007
2593
1407
1574
3173
1445
259
2284
1031
2770
584
2700
448
75
528
1631
40
892
788
649
260
2898
683
625
1373
3185
1735
3125
2963
706
1724
535
1072
1785
348
1806
3046
1764
2776
2036
2764
270
2693
1706
2517
1325
3242
419
285
1132
2874
955
1139
2653
2169
2141
852
2511
1520
2301
527
2668
222
352
1083
1914
1836
2591
2304
2803
2997
1157
949
2162
1790
2681
2470
386
18
3005
9
1588
1998
602
2194
187
1776
1742
599
1779
2133
1136
91
1115
3143
314
2213
404
274
3266
2427
2939
2022
1456
549
1054
2181
2227
492
1640
1601
837
2995
2510
2873
3017
3223
220
2396
206
1095
2622
2306
2991
1178
252
1104
480
872
2146
828
3188
3149
2928
1648
2456
1006
3056
2862
721
840
1486
422
3069
2247
957
1769
3256
3041
2930
2832
2201
1063
666
1544
2191
2450
1476
1992
1925
2409
2031
2382
1628
1088
488
2953
2195
3217
1326
2151
912
1198
841
275
2471
2342
2473
213
111
529
2521
2706
363
1666
39
476
1627
520
1259
2395
1278
2649
2559
2781
2221
429
2461
2825
2419
2983
3221
1204
1224
258
1101
2127
2152
2251
781
1898
450
3107
2448
801
2916
3179
1723
1504
2219
2090
154
692
3244
395
3062
772
2500
1903
2045
2276
2530
1025
333
1749
407
1013
1194
626
1728
1850
3064
2085
17
3325
1951
1279
2273
3183
1681
1866
1695
1956
795
33
1904
1195
2485
1158
2050
1526
2153
2947
2698
2402
138
2077
3316
2671
1295
787
836
808
288
1819
2394
2782
2858
1051
3108
1750
1674
2588
2519
3270
2048
5
3295
3150
2779
3322
485
2777
2672
1521
2515
151
833
653
2324
1701
2288
1983
80
2760
2052
60
2482
1142
226
1596
2285
576
203
623
525
2567
718
2631
1185
2404
2636
2375
1231
2173
1146
2905
2650
2696
1894
2994
379
181
300
1474
3264
2126
1649
861
2512
281
347
240
1419
2721
731
98
1763
464
1044
2114
2993
441
751
604
2370
1316
1280
1386
2034
2540
279
71
670
929
2841
94
717
446
365
1887
2766
85
2814
2827
2880
2780
803
1689
1986
1490
1114
82
2608
972
3092
2220
2504
3094
1324
2229
2429
1005
55
2121
1360
1700
1001
249
2155
2297
534
1793
357
1965
28
2958
1164
1746
2818
2356
712
1828
323
2765
894
3186
2310
1364
2787
2381
2386
197
1351
1881
2871
2572
1683
1162
1128
1422
1179
2258
142
1105
941
944
2426
1831
2307
3013
1812
831
228
1972
284
1402
2708
1488
3236
1512
577
3215
950
2047
309
183
1675
2809
1725
1669
2319
1122
1438
3163
3079
1595
1618
2771
1794
3061
608
1186
1103
3102
2079
140
1068
876
1590
1869
3118
1931
3015
49
230
807
2165
851
1353
406
622
591
2431
747
1548
2602
2376
2147
139
1867
2367
2030
2477
1388
430
1514
585
2580
2950
2053
961
3044
1190
2113
815
2084
3073
2670
3169
2917
2951
1117
2616
2368
1975
290
1862
2440
2525
1021
2117
454
3318
1960
2475
754
2624
2107
1275
3314
97
719
61
2785
2551
735
1817
103
1694
658
1957
2879
2239
2812
1330
1196
1906
2949
1270
390
2986
331
2872
3166
785
3271
289
967
1273
2023
899
1883
2663
1536
1991
992
3229
1581
1977
1602
1741
3200
2655
936
2044
1690
2684
1678
1721
2577
1670
2405
629
2029
756
630
728
2847
354
319
2035
3068
1715
2379
238
3121
3010
2211
3030
1369
829
2177
696
1120
1804
1747
148
901
1345
2
1511
2579
2923
2674
1889
2914
996
507
1619
3231
1818
2263
568
3114
1432
1612
255
1059
3285
674
1829
927
272
1000
45
995
1212
1209
3191
1768
1673
2542
2441
1921
1321
2097
2523
1349
3133
277
1858
3317
959
503
1846
1550
2390
2184
2232
3088
3224
2868
1661
3058
767
760
512
2895
1227
906
2710
1634
1598
2859
1789
3208
2001
2176
1187
2935
2043
1358
1558
601
195
513
860
2563
3145
1759
2314
3057
998
3091
804
1855
3198
3196
1644
2453
1477
2800
1702
1948
1060
3090
2075
3036
552
771
1058
147
3039
2391
2866
3281
2750
3321
3078
1045
3147
3197
2774
2957
477
268
680
783
1917
594
2822
306
2305
2104
1189
587
355
2705
1370
1981
393
93
3253
3122
2207
2021
2531
1629
1589
881
1091
1457
1243
1527
3112
518
3305
1772
1531
3250
2529
2527
2266
2955
2611
1084
501
1935
1348
3157
2308
2148
3268
2938
1081
1888
2609
403
588
2248
1918
3111
1930
2355
586
1156
443
2422
189
1696
953
3259
11
1061
862
271
2560
1254
1459
556
125
3098
1074
1085
832
1800
2648
2734
2677
2794
2420
141
2539
3207
2244
2486
2020
1253
2933
1047
1297
1411
1962
1357
964
1518
296
668
2466
3020
