1734
263
2437
3041
2920
356
2018
1760
1427
664
2190
1049
2708
1594
2805
2753
2272
918
24
943
2009
1935
1695
1951
804
1105
1362
1879
2521
3263
2695
2541
1080
1570
2662
1921
630
739
1005
2595
152
414
469
1135
2258
360
105
2741
2413
1020
1900
2412
2124
3047
339
531
907
1729
1236
124
524
481
2470
320
48
619
399
2419
278
662
441
2218
574
392
3007
1934
2648
196
215
45
22
2800
3247
2318
2037
49
2631
2788
1180
1322
749
259
2402
2489
241
833
1869
2156
2138
374
1369
789
639
1957
679
1334
1675
2269
1881
2171
1805
305
3085
2553
421
3107
19
2922
556
1844
1273
1202
2769
1336
3028
467
881
1517
598
2186
2735
3139
890
3318
2737
3220
1608
496
2286
1184
2689
2010
245
397
2750
329
2655
2301
2068
744
2530
3227
2230
1411
3029
2371
1106
3044
222
2377
2061
2520
1534
3018
539
1905
2764
1333
3209
1997
3311
100
2404
1141
975
519
959
2214
2911
2517
642
1691
1823
733
394
1543
2728
361
1664
439
1913
1307
2548
1991
2275
2836
997
3147
2934
177
2174
2966
1798
3068
1459
4
1204
138
21
1753
107
2947
2883
666
715
2188
149
101
1437
491
2724
667
2350
51
1023
1756
2081
2459
2165
2382
1021
1157
139
2117
2851
1364
171
2746
2649
654
32
968
2281
3004
2120
1972
2432
1061
1071
328
2873
187
1631
1074
730
1893
2122
2602
2946
894
2289
1993
438
346
2823
2
1502
1091
254
1564
1629
1764
2028
1392
2241
1949
2935
2034
236
2264
2082
1548
2227
1588
1668
1181
2014
2217
269
697
1854
2447
754
1042
326
816
2265
2352
2809
1310
154
3292
2900
2166
1713
1510
433
2854
2969
1288
866
2640
2008
3310
2388
1891
712
1240
1771
1692
995
2618
745
330
735
1175
3076
321
3052
1277
1954
2510
1673
2588
1250
1465
2732
3230
3065
1197
2554
508
1923
207
479
1121
318
367
2095
3241
1943
1075
353
1723
1305
1555
2295
2575
2121
1518
1780
2260
347
1953
605
3149
1892
512
573
81
2024
2029
136
1763
3072
806
2225
1801
1013
596
2938
3193
2115
545
2358
992
2804
2500
2482
2330
1399
247
1144
2249
865
465
2519
3094
2267
37
27
1497
1572
1614
457
2054
726
2841
682
711
59
1477
1249
166
400
1357
490
411
1868
693
159
1320
2088
3033
325
1509
3271
2599
3320
2540
2887
3098
1499
748
3188
1257
2733
3005
2448
3000
2002
2284
1335
2573
2375
1108
3064
3273
2322
2504
1470
2651
114
2368
2927
1149
2962
1967
1712
2538
1567
2990
636
2979
1365
769
1930
1387
2140
2247
5
536
3074
221
1622
1137
814
2219
1867
1696
20
1354
2582
3182
3203
2248
2714
1208
723
2890
2334
893
1519
2304
2931
2292
404
1655
1533
2126
282
1084
2074
1985
2446
2498
3102
2240
2508
1947
1096
1186
557
2059
1574
1703
661
1966
349
243
2418
342
2862
2943
75
1221
1012
677
2884
2442
352
141
3287
819
2445
2944
870
2513
1179
2896
1376
146
380
2127
757
2035
119
3079
1052
2254
983
1316
3251
2726
772
1897
375
3254
9
3269
2653
1043
738
3111
2021
2633
704
103
3039
41
2321
2533
2719
1639
162
2787
986
3198
1788
1475
3244
428
2863
3043
2107
3168
1331
1648
674
3087
1809
1804
314
2713
74
2772
351
68
2776
1391
388
2956
1090
1653
319
790
2796
2421
1130
2730
1133
743
2145
2198
2172
348
409
2535
1431
2132
2027
2244
685
2577
1627
2739
706
1669
477
3101
1284
341
1808
617
2975
694
2756
250
1018
864
2522
972
391
408
151
1749
133
2485
613
76
1582
1446
1512
2038
2766
104
2919
3175
3122
1029
1860
3213
588
2305
2894
1665
1996
189
1579
1040
1845
548
1397
1036
1299
3294
1384
2282
2462
807
3082
2101
3282
64
1807
2892
2012
493
2607
366
1813
96
783
3090
2373
3013
923
18
1633
581
2699
2828
456
3228
92
1356
3086
1616
1079
1855
867
634
170
1815
1368
721
212
1745
1507
2223
3109
0
1461
2492
2420
1083
3181
60
50
1908
779
2091
825
2995
2615
1832
135
1193
201
534
2043
916
1321
1705
509
1078
1449
2978
938
2288
3008
2072
686
647
2933
1624
552
61
1822
301
371
1830
1621
850
1017
2276
1640
900
2290
35
2559
849
1199
3235
2235
1834
2408
2632
2598
1501
1613
2103
516
1265
1971
909
228
462
25
3110
1423
2801
2212
463
2623
2167
624
2161
1786
402
345
3199
2834
1478
2380
1926
1737
1363
1129
2311
1637
1872
1650
904
1776
1444
1222
1812
973
251
2604
2680
2381
1037
1110
1065
106
2185
1413
2435
2694
3019
89
197
3267
1422
1551
998
1119
513
3176
2885
2893
3120
1694
1922
2118
2748
2982
1820
2114
1736
702
1019
98
2224
2886
2712
2813
2236
1920
2209
1304
543
2093
2704
823
126
570
1744
644
572
2757
2951
3034
2907
132
1044
1833
775
2590
3015
2048
1871
3063
2496
2293
3224
3030
2793
1678
2960
3229
331
1948
1196
678
334
1831
2346
2531
412
2929
340
2359
1700
1888
2160
2527
2898
233
926
1168
1209
2516
1885
1568
54
398
2325
78
2046
2270
3211
407
802
1404
188
471
1670
1170
1983
2779
206
684
777
1980
2131
1975
776
2644
370
911
2983
2941
2518
2110
948
829
3272
2339
758
1652
707
2549
1251
2020
672
2340
3036
99
317
799
1403
1112
771
2361
2529
2950
714
1710
828
1485
2875
494
560
3237
1183
2183
2627
2079
3259
1160
2709
3214
2605
3234
3081
3307
415
962
1242
313
2626
1676
396
137
200
181
38
946
1266
1272
2778
239
2825
669
451
3232
683
676
444
2509
3148
2201
1278
1538
698
2970
1884
859
950
3
2084
2460
1219
2450
3011
1164
1520
218
199
1549
372
2855
1447
599
2389
3265
2952
2622
2365
905
2785
2471
1417
1094
1929
763
999
1425
1114
357
1280
33
1457
1139
2378
2664
1490
1439
2561
2141
1167
1279
2090
1626
1853
719
1472
626
1701
2000
2025
2579
2691
214
1054
2558
47
1111
175
3249
1742
300
971
2808
622
2139
942
1230
246
443
2022
2456
276
3226
1086
643
1140
1856
932
482
418
1258
1290
2343
235
1481
11
734
1825
1379
2087
108
2031
2055
1894
3035
3179
3171
1244
2786
3187
2278
1861
2302
1946
447
1081
1577
286
957
3049
1116
2665
633
117
2367
827
238
2130
2745
2523
2888
2511
26
3173
627
857
220
1053
3280
3195
1326
2679
1718
2628
450
660
1085
2903
3312
2129
750
1721
1565
623
2945
249
2306
1522
2374
237
830
2770
649
871
795
2155
167
597
993
364
1514
2080
3031
1410
1709
3289
44
3321
1426
70
2846
474
2515
1994
2463
1941
1492
1875
1635
2119
3114
1382
2475
2362
1927
2077
2315
1263
2641
257
914
1095
2926
2488
1107
3201
1644
363
344
3089
696
150
2285
460
1952
267
1450
1765
29
2777
455
1072
616
1469
198
1027
1147
2556
3316
430
2942
912
1847
442
381
1286
811
2544
3088
732
1591
1682
578
608
1466
1666
1031
93
663
3112
3189
2173
1578
1442
1575
2298
1073
3285
2396
1687
1715
1118
1646
2859
688
2566
915
260
1415
2385
66
1281
1198
1542
2589
1962
788
631
724
1416
1532
1398
1445
1539
3118
1814
382
587
2661
2674
1628
3040
446
1782
1195
1223
2685
432
1213
787
1906
680
223
2394
618
2001
2822
1373
1755
1601
2324
978
2387
2974
2294
58
3075
1960
3119
2908
1797
3323
6
861
1638
1231
687
168
2842
419
2961
976
675
2151
94
577
1187
1493
2832
1706
670
2499
589
2422
1051
3061
987
2687
316
2940
2349
2411
764
792
638
495
3185
980
1063
110
1138
1560
1001
227
312
1451
774
1332
2899
2384
2865
1928
378
2848
1956
655
2924
2493
1496
2261
1726
2320
497
1381
3278
1865
274
2705
2326
650
31
838
120
2902
2193
2205
2525
3022
2134
1414
2026
160
2444
2936
2113
2751
3286
2600
2585
2576
2170
2180
1243
1101
835
2494
887
858
2645
1269
2336
2849
501
1082
2335
3021
2827
3078
1032
3161
2208
2176
2016
523
2207
1766
2958
2803
1339
1117
2319
489
1969
568
1150
927
3108
924
3130
113
839
742
1552
1870
1275
1769
1361
365
2957
7
123
2078
173
2427
2406
84
1887
1938
817
3056
2112
1513
16
1372
1848
1248
2136
2355
1452
2512
518
657
2213
2040
1188
2587
1728
2006
533
1978
1375
529
2954
193
1253
1550
1904
2847
2255
499
780
2981
1961
1796
1
178
420
424
1589
3298
537
2194
1837
3073
2246
359
13
2425
3045
1056
1190
165
426
425
717
2693
1554
936
3305
2397
3200
291
2469
2654
2720
2532
271
3115
2639
2454
2738
1256
1406
2239
1441
3190
2682
2178
855
1274
2678
3154
3277
2144
422
3167
1152
2372
2128
2747
3178
2616
1225
1902
506
2537
2203
217
933
2323
2108
953
600
2238
3240
2039
3283
2491
2989
1658
759
1986
3275
2955
1625
1232
1151
988
287
691
822
3132
2652
2085
615
3304
140
472
2403
2458
1916
2257
1270
728
2163
832
