2838
2901
2760
3240
3089
1692
2607
156
1400
904
2025
1468
1067
1789
2825
2103
851
453
916
716
1548
1925
1531
737
3007
2412
77
1329
942
3077
1133
1330
3150
2359
879
3310
1952
2660
1360
2438
1828
1737
363
1250
1742
313
464
196
2154
521
1588
382
150
2242
1799
1016
2686
1465
2309
2511
2343
2016
2029
1483
1204
231
1901
2823
304
2206
159
1529
2887
2836
1045
1218
868
2681
2941
1969
2851
2999
1772
2819
626
923
1419
2126
3051
1051
680
1873
3132
2190
738
2288
2253
1387
2161
1701
147
924
1358
1047
2218
1043
1080
2077
168
2658
1752
1866
201
247
2833
990
472
101
1295
2644
1222
947
938
2474
3269
2491
1720
2909
103
1813
2461
2503
707
1492
1430
2385
112
293
1876
1212
79
266
1832
1364
334
1055
2122
449
1023
1509
2168
403
792
3127
2241
2185
42
2138
2156
1777
3020
2624
3044
2262
2131
2830
2991
2737
2504
2426
160
1411
2505
2472
268
3210
1461
2936
2394
3297
1214
2897
741
2221
2112
702
1127
2677
33
309
2561
2578
152
2177
2656
2413
2397
365
1563
3032
674
2332
138
1511
610
1305
1786
482
366
875
1452
2035
320
1457
3067
1152
2334
1526
1030
2967
2795
548
2674
2618
1575
1232
2141
1536
2826
977
90
2920
915
2073
996
2852
1538
1817
1060
262
855
1389
1321
622
2970
2448
4
1131
1785
2325
1168
216
3016
3314
669
647
74
2558
116
1972
718
824
1487
877
1678
1686
184
2855
517
1413
503
2144
1532
605
919
1007
1653
3237
2919
3130
492
3145
1423
3004
14
3087
387
435
1205
1057
1761
3015
3215
180
2094
1702
854
2273
1941
2097
392
178
142
1666
756
386
1781
655
794
2706
3307
2748
1964
2673
1215
596
2702
215
2903
2587
2149
229
2964
405
1792
2328
1418
1580
425
2820
2569
995
2718
2520
1654
3213
76
629
1041
657
2645
2817
3094
508
2786
535
960
2478
350
2926
2623
325
87
2330
2318
439
376
2110
484
302
1891
780
2572
1551
2452
654
709
2754
1503
2256
544
520
927
895
3290
2864
1549
1882
693
2568
2746
1788
2367
124
324
798
1512
2358
1150
1960
2753
1871
971
151
2042
2871
1282
390
1728
1365
2589
1795
570
330
2654
1135
1117
3243
1246
920
2940
783
2538
2933
3074
867
2921
2375
2571
909
2776
3040
1865
48
338
131
1464
1977
329
2948
467
300
188
2033
274
1059
2551
377
199
1807
1433
3224
2611
2891
286
1663
1923
1956
2194
3068
2992
206
25
2415
1920
1609
588
3102
134
2139
1253
3125
1202
1779
2391
749
1988
897
878
2770
2986
1790
2532
2729
2011
2808
1915
1535
1198
487
1757
2015
2470
2282
772
1751
2120
3151
2500
129
1167
952
12
2939
404
2449
191
632
1664
1880
1149
559
1524
585
2799
336
2300
2924
670
2292
1823
1793
154
821
2661
2663
84
1804
2874
849
81
3157
415
3093
658
2085
2599
3244
2380
441
1178
889
1445
2017
2621
423
355
2119
1565
853
1600
630
1982
2451
2841
580
2465
2172
251
1139
3279
468
968
1064
2271
2366
3257
862
552
1934
872
859
1676
543
2602
2994
1048
534
3289
2768
1652
1679
205
2586
822
2485
1346
3182
1798
2155
885
1584
940
816
2377
1484
2779
1138
3149
637
166
1388
1428
1639
2699
222
315
2322
518
2735
1608
2442
2264
2049
2392
555
1412
1002
1998
1539
2456
2562
3173
1872
802
1056
1006
2719
1061
337
385
1621
1161
2544
591
1193
172
2767
1163
1771
937
481
1184
817
956
742
1449
2061
3104
89
2620
627
3266
1684
1623
800
2401
1095
2868
2407
1889
291
407
69
1971
2445
364
2187
965
3100
1552
443
1455
249
2736
2709
2543
1596
815
1105
1648
2000
1843
1456
1181
1583
3156
1268
1112
2009
43
715
818
120
2665
1723
2342
905
1216
3175
1930
1592
604
739
1542
411
1513
2962
835
2447
1039
2842
3187
2981
668
2160
2881
1824
1867
1399
3076
281
2078
321
2041
1179
2490
1945
3228
888
511
2828
1940
2439
1958
1819
891
2091
2270
3261
2575
114
2998
1208
714
883
2354
1173
2902
136
1715
381
3118
2669
2590
2096
1559
3012
3326
3169
2785
2876
530
2595
1207
1706
3253
3065
2223
2188
2202
648
1604
161
17
1561
221
264
1303
2550
526
2074
2376
623
80
1063
3126
1302
1123
1292
2582
2777
3200
2860
557
2528
932
3045
841
1028
296
1616
163
1293
775
420
2003
1021
1026
773
1311
1770
2283
237
1394
2800
985
351
367
2525
470
2460
532
1182
2205
3060
1349
3160
1091
466
335
2468
429
1602
2349
2591
1671
1646
2355
3070
2810
489
597
3230
3066
2794
2906
1368
98
945
399
547
3194
2036
951
1942
2960
2362
118
2683
1065
1164
1231
1145
656
1084
2027
2390
1851
2028
352
1076
2541
3231
1598
2722
3319
1146
2121
1344
1024
2345
763
1374
391
719
2790
810
1627
2983
1708
1036
1660
1883
1631
3039
2863
1515
2915
599
926
882
1943
3284
438
1004
2724
3222
764
2728
607
1354
1356
2476
634
1961
2032
38
3223
83
1696
372
1645
2778
2507
2303
2251
2752
1974
1962
3236
211
1716
61
1520
200
1260
2928
2963
1980
1249
2522
214
2350
3142
2739
1462
170
510
819
1910
1201
628
2840
384
621
3206
2243
1496
1909
3262
1107
58
349
611
2617
906
1845
479
1248
1927
40
1251
342
3273
1254
1390
72
1111
1224
522
2530
2312
1220
8
2383
803
110
3292
1615
2594
2064
117
1954
1477
1624
797
2499
2692
21
419
2165
2498
2573
811
984
2742
3108
1774
1261
3178
41
720
3117
1805
2918
3208
1172
2540
3123
1754
260
1196
2371
2071
642
569
2711
1685
1628
1120
2348
595
695
2552
519
2807
2605
3191
1973
132
1003
3029
3081
465
141
833
2022
785
3022
1227
538
2294
430
1544
3080
1638
2987
881
2258
2109
3046
3027
2806
1571
3216
3121
3083
3062
2297
994
1656
2482
1661
3212
458
1519
146
545
2982
1710
776
525
416
2657
1460
1975
3122
210
2581
1773
113
187
506
1929
721
2844
1262
2153
1038
3275
2214
2146
3091
2088
3172
119
2084
182
190
1586
261
1440
2058
2257
3
2938
2133
2771
1289
1576
2116
2411
217
1821
2151
640
902
676
3281
19
410
1432
643
426
2213
57
121
1037
2004
2730
2248
3252
1612
1787
1918
204
18
638
2756
3061
2685
1984
1355
2773
394
2969
1098
2060
2260
243
1739
1794
1103
241
531
440
333
1284
1283
1326
452
672
480
288
2302
1338
609
64
1993
1416
2567
3235
3300
308
2787
1371
254
3050
2357
2298
307
95
1327
2701
2317
765
981
257
2464
2549
2008
1180
3092
759
192
3154
1315
3073
691
2196
2957
3242
195
2977
3082
2555
712
3234
1683
901
1275
3005
3115
3159
1297
2597
2023
2780
1013
1225
577
1591
360
123
1009
2626
957
1850
2869
49
852
1407
963
2747
1672
1797
2854
1340
1119
2893
67
3250
2529
832
527
2805
921
1331
820
2600
3209
1357
75
1234
3168
2738
2199
3264
1766
2980
1593
2650
2731
1577
2057
3113
1469
1999
3185
1005
528
3059
1979
1310
1881
1415
1581
2267
287
1102
1574
1441
2696
2640
1841
197
3302
2048
1318
1381
2937
165
2069
659
1765
728
2913
2494
561
3084
914
565
2050
361
1842
397
2859
2896
1153
3211
1890
698
143
1154
2235
2056
1247
2648
3011
3251
1991
1078
328
1263
892
2496
3263
2557
1618
554
1074
105
704
743
2633
1917
1810
1895
1392
2220
1691
299
424
3114
6
2667
2518
186
1530
148
388
1299
667
1403
2395
2764
3306
2942
2708
2774
964
935
2387
1854
2043
2882
248
1486
1534
108
1801
866
653
1192
1983
3165
1725
768
2275
3057
1226
1072
1900
1025
550
3107
344
939
1987
1698
1704
445
431
699
1827
2195
1709
804
62
1373
1507
1475
2835
982
3189
2630
1104
1522
3023
2788
1066
3193
2837
1479
1931
2228
2849
1406
319
1110
1195
2559
1738
1651
395
2929
1300
2158
573
2323
1506
1633
701
225
2135
3019
1811
2068
413
3207
2236
771
3021
314
1697
683
1695
2814
1405
2694
1860
2101
1417
1756
2636
446
294
2104
2509
2416
1369
2995
2124
3298
1644
297
1933
1439
1466
2971
1687
1132
2217
1541
2176
2239
2319
589
1802
2106
164
1932
396
1444
2306
1839
2471
893
2880
2062
2580
2984
1471
769
1313
941
1481
379
839
962
3324
1482
1316
2197
140
1619
32
574
2968
272
2592
2140
2784
2114
1426
269
208
1116
2246
3139
1393
2858
1848
3265
1244
2145
523
896
2534
3128
1438
2181
51
1847
1879
3325
356
1089
516
1271
1106
1985
917
369
1673
3049
2680
1936
1450
2083
125
1949
1090
2945
1767
2291
2038
1545
2610
497
475
850
3056
1809
1322
341
1454
2606
502
3078
432
2832
1493
778
2824
2622
2803
2978
1312
2414
685
2536
2655
2072
592
277
259
2847
3205
747
1032
1550
106
2666
1348
239
2894
958
2324
1473
1240
1259
65
1690
312
910
2741
2652
1944
1670
649
1401
2727
316
542
723
2111
969
53
