3075
1969
1398
2629
1909
1519
2636
3050
474
163
1057
1709
2643
2475
760
2449
3262
2751
221
2452
2389
3127
2697
2388
2984
2272
1231
145
1775
2239
479
1014
2342
1355
2299
272
436
13
1044
913
2274
2745
1043
2521
1698
87
2548
2951
3040
728
141
1661
1927
1998
3082
2217
2642
1617
1210
2335
2516
2742
1902
1243
1399
2937
274
1567
1016
3296
102
885
351
1839
773
2740
866
64
1266
312
1651
2114
3221
1997
1982
3139
2203
108
1851
964
3092
605
1965
1597
2277
1996
2725
1467
3117
1675
2610
2726
3306
324
2338
185
1739
848
703
3277
372
525
432
2
334
2104
1029
3163
863
2635
2815
2630
2688
1225
1012
1263
149
595
302
240
1064
2631
1848
1842
2081
3171
779
663
717
1497
1239
1242
1376
1309
917
1324
2838
3170
1652
211
144
1896
177
2689
2015
2914
355
3017
821
1840
2796
951
938
115
1297
259
1088
1936
3045
2813
1125
2191
541
2677
1093
2778
47
2419
2025
1429
1866
2164
1854
1619
2411
2024
3064
174
75
1663
3224
1798
1006
2975
2892
457
1670
2930
872
349
1974
2407
3225
961
797
172
993
632
948
2302
1462
238
1883
3109
980
2893
1605
1443
2391
348
1801
781
1906
44
2364
816
2992
1444
2038
551
2744
2979
676
651
2225
295
3087
2931
2500
2437
1042
1732
2414
2730
2002
1195
2557
2106
1036
1987
1072
1584
1501
1539
1060
1542
1949
1122
3081
809
2509
1892
1091
741
2602
3216
939
629
3090
3142
3314
2502
673
2523
1395
2728
665
1217
420
2507
762
1325
2041
2124
3232
2400
806
3076
1520
3074
2793
3197
1593
2077
1468
381
1130
855
669
1446
2434
2253
1888
19
139
84
2547
2382
2508
900
37
2159
1163
867
56
3272
2891
376
3199
1391
845
811
21
2188
2830
2539
2559
2549
2853
3273
2341
2700
2525
860
1507
1311
1995
2803
1079
2115
2575
2210
3276
1180
2983
2129
2851
966
2665
280
1224
2690
3294
1109
543
2530
464
2769
2753
3251
1759
2795
180
1491
1570
1928
778
1193
3069
2572
297
2468
1676
842
516
354
1186
1564
1610
2556
710
982
500
742
705
747
2989
131
1237
1450
2671
80
2780
3179
1869
628
1472
268
1031
1422
2752
2805
1571
2023
389
2433
2359
2624
2294
648
1667
1097
3036
1898
1255
2736
3124
1615
4
2031
26
2478
571
2122
875
689
3084
3193
1908
1823
1041
3140
992
488
1113
1917
2486
2855
378
11
3238
1608
1226
1723
593
2245
339
2054
1474
1412
358
2460
2647
2265
2013
1943
2946
3181
1158
878
526
661
1626
347
2524
923
2510
81
7
1920
1951
2789
846
1354
248
1579
2972
130
2779
1706
711
277
1020
2845
2344
2214
2680
2756
151
2310
3234
428
1137
3319
533
2847
686
2291
2080
1601
1466
517
2835
3027
2401
2071
1183
2504
724
513
2392
257
668
555
3111
688
2920
1428
319
2731
618
3217
341
684
1471
612
1745
399
850
2163
2702
643
1787
160
2348
1546
2625
2479
2063
317
1780
3021
888
1393
904
1833
2964
2098
1206
2833
175
1482
1802
1562
3301
1761
2627
2139
2187
152
2687
641
2112
662
2660
3218
2328
421
666
977
1340
2152
808
1509
352
2616
1645
699
2305
1797
1768
1372
1039
2405
2252
414
2463
3313
1825
1912
1646
261
603
2527
1901
121
591
1925
2531
1788
2844
926
2506
140
956
2923
2410
1334
2867
1574
2151
988
2823
195
93
2423
3213
2583
2943
2369
2459
1858
2783
2550
2206
2898
1911
1879
1979
519
2133
2651
377
254
794
1913
1642
3161
1269
733
1212
1831
3015
2722
3280
2735
583
2287
2147
2383
1386
2809
425
2623
2224
2030
2634
3297
3184
2070
2376
585
1795
1201
1666
883
1071
1871
98
1284
549
3121
3222
3271
3300
18
27
1453
2827
2743
2202
168
3006
1303
2091
89
3070
161
2355
1153
1351
462
117
3116
1533
3114
1575
97
548
214
2821
2311
1631
1984
3013
2288
2262
1981
2612
1636
2785
1234
2993
1929
3183
1009
1033
3177
2767
2519
12
2526
3137
2357
3039
871
366
2379
2739
435
3308
646
561
3060
146
1205
2848
1430
487
1638
2869
755
1357
3204
219
1510
2358
1063
1612
1359
1625
1423
812
3023
1677
2599
877
2238
3086
2926
2850
320
2408
2533
249
3030
3095
3281
1030
1451
1442
2052
829
1513
807
2615
3247
627
315
553
1149
1961
1572
1495
1762
250
945
935
2094
1473
1964
2903
839
3068
1292
2032
2131
3156
42
599
1924
1447
308
1580
260
610
847
1536
736
3255
2766
1318
3096
818
2116
898
2118
1204
1806
2438
2185
1189
2644
2952
2213
290
522
3298
1256
1849
2150
1394
1350
1132
2912
2085
2854
2226
2026
3062
2260
2148
1903
2445
619
851
2062
927
181
2241
3253
3190
2455
1455
582
2216
2194
1223
2021
1051
1143
649
96
1717
1252
1177
2036
1293
3249
536
1582
1439
531
1836
178
2707
578
1288
1875
3018
20
2055
1441
1874
1868
1940
2970
1549
708
2290
1534
402
1296
2246
237
1532
1077
1274
2293
3132
820
2685
1370
2236
554
1107
1307
911
617
288
3241
239
920
150
1838
609
1752
2564
563
2713
2390
791
2016
350
509
1308
753
1289
3148
2448
2363
1218
1521
1053
803
2511
1222
2571
22
3274
2066
310
2192
484
910
1300
1518
162
3158
2042
2178
3131
881
1306
2428
936
1240
1380
664
30
1893
2747
202
2237
2953
91
496
3187
2127
2763
2776
2941
2219
251
1059
136
2986
2861
3005
1038
3285
3080
2670
1654
782
3269
2249
203
1953
600
1068
1602
2589
1727
520
1618
2495
2093
72
1647
2304
409
1665
301
586
1585
90
1811
1052
706
2165
2309
537
1346
2078
3151
3071
1922
2754
95
2721
1280
1457
2267
602
1945
3022
433
1932
2661
2322
2404
2522
2816
2553
2244
889
2319
407
862
387
2748
1360
1569
2415
232
2126
2211
3135
1503
1992
1096
1508
1923
678
3001
1718
690
2086
206
2132
1434
1344
2995
2053
1315
2346
813
1105
2134
1623
1850
815
2184
1119
907
787
1668
2323
3055
311
2017
2057
1486
2584
2275
709
1058
2034
573
899
3305
2208
2004
1233
2822
873
2513
720
304
2480
2067
3260
745
2372
606
1069
1487
1271
640
2945
729
1373
48
1168
472
2413
478
2620
1561
510
1946
2628
823
1653
452
415
218
1073
650
2684
256
2278
2788
2576
182
2716
3129
1882
654
1743
1786
209
2679
2090
2886
504
3133
718
2852
796
1454
2864
2374
2664
3201
3052
2312
2947
1685
1407
2873
2282
3147
418
51
2554
2430
2574
1937
748
2653
1934
658
1336
1347
626
997
390
411
1094
413
1884
3302
3028
3198
2396
1568
3149
2592
367
207
2181
3278
1514
752
3176
886
1425
70
2395
471
1101
2223
1047
68
1899
702
2974
1506
2429
1416
764
3211
3185
241
1731
2161
1116
530
1747
714
2256
201
188
1980
2924
36
107
2978
2999
1488
50
2765
1877
2604
1810
2682
2846
1730
2562
2770
893
33
1999
1613
2193
1829
2296
2007
2215
576
17
459
1751
3011
965
83
1915
6
924
2182
1066
69
3239
1960
2724
469
2461
2353
2876
529
2860
313
1056
2235
2871
973
1317
1433
715
165
2375
79
2370
719
3157
1276
1337
2814
1249
3026
3097
943
3288
884
1547
1808
1110
721
1985
3178
1700
326
439
2482
1352
0
3066
2561
483
2450
2750
569
1084
3046
2155
1287
307
1600
3291
1176
2494
282
1162
1711
1099
624
1603
303
2101
192
1490
615
2674
2622
763
3
914
1075
2373
228
1815
792
738
204
2590
1673
2273
1330
857
2113
532
1620
696
2173
1644
2212
3144
1388
3033
1493
1459
441
2866
2868
2464
1703
1112
790
656
3286
1010
1369
732
512
2955
3283
691
359
2356
539
2088
3228
1221
2402
2944
1817
122
2130
2650
3150
493
1678
1515
8
776
2755
2470
2280
1541
2326
2205
2597
1148
434
101
2435
1018
404
363
2329
3041
784
566
2207
1904
442
318
2286
1082
220
1310
1481
281
1126
918
580
2641
246
2393
2691
3106
200
111
2491
2170
1402
2760
2200
1194
222
2663
353
634
1622
680
2029
2345
2313
99
1517
2563
1496
2977
1323
476
3214
925
2655
3240
3282
986
922
1832
1214
978
2593
1553
116
3188
3257
3134
2060
1081
2626
838
1686
1302
1962
3032
2828
639
2859
1770
1994
2841
1008
41
2431
2095
2560
700
2462
1867
278
739
2786
3318
1939
1396
613
759
542
679
3226
2168
2175
2248
1065
1918
1640
1378
1526
343
1106
2638
2710
670
547
3264
1696
382
800
447
1200
419
60
2621
2579
2143
2881
2426
1322
2577
137
477
388
1424
3320
266
2705
1627
999
1596
1331
909
346
3265
1458
2988
2863
2454
905
2505
1362
2693
466
127
2064
2128
1117
410
552
2849
2812
76
456
2990
771
1669
852
3138
1624
78
2698
340
1744
2878
1494
380
1141
1329
3208
2292
2014
3059
2488
967
3312
1609
357
2446
757
271
937
2259
707
2082
2006
3012
2772
1970
2339
2065
287
2171
1690
2333
401
701
2230
285
995
1023
2839
2040
1349
1179
1333
