1896
1210
2826
3113
1822
2232
1040
2513
2010
3034
1857
1702
3079
3294
527
764
2730
2179
2134
1501
1399
2961
768
2041
2628
738
2500
2105
324
91
1752
2903
1533
2851
629
1504
877
1879
1270
2768
2224
2735
2787
2280
131
2356
2436
3216
1801
2530
1858
255
2801
1735
3154
2496
1638
2454
3158
1493
440
2122
3262
699
661
2880
860
70
2300
2841
1363
2945
3159
840
2655
2250
1894
297
924
120
1557
2092
959
2527
963
3261
412
3267
2711
3121
1237
2381
1652
1134
2677
1301
1994
2957
2683
2171
221
112
1847
3105
1930
497
191
2693
367
358
2633
2800
525
1393
820
2852
1794
951
3130
3161
2325
1691
796
1225
987
557
2622
1571
1334
1927
1534
3047
3044
2997
1277
2658
3283
2424
1046
1904
2642
662
1268
433
157
1107
578
1368
3183
2499
3152
2930
3060
2703
2719
2200
30
1367
3319
997
3002
2264
885
634
1607
129
1893
687
1051
1560
816
1810
474
753
2113
1140
3221
3179
159
2623
2600
1246
1104
25
2383
1834
1689
729
834
2147
2237
1148
835
1191
910
2547
2716
1823
1547
937
3097
3100
3265
2767
2393
847
2913
207
185
293
1524
381
2868
1467
73
217
2093
1546
695
240
2757
1739
3212
715
1959
1576
1614
1068
1378
126
1906
2611
2981
2688
2939
3188
149
1208
1687
2697
1559
1352
771
2694
2925
2552
56
946
1548
1631
520
628
1665
1313
2847
1358
2388
391
2463
2996
1289
2306
3173
3190
2249
688
156
1925
1605
573
1727
1096
2786
2349
2627
1162
2227
698
1305
1200
1945
2952
755
927
1416
2838
2049
1956
1562
327
795
2970
1339
1839
2407
2206
663
2942
2590
280
2307
2613
1922
1283
1671
1859
2490
2502
225
2774
603
2675
1889
2292
3166
3118
801
596
562
509
2516
3230
1120
27
892
248
353
3264
431
751
3252
2190
633
1599
2891
336
3016
3080
2922
2482
303
7
792
2571
492
2634
2840
665
2836
2619
2329
2336
286
2771
1263
365
819
1143
2897
2588
3305
2763
3237
2534
1623
488
1348
2205
1180
1828
624
966
2431
2027
1948
404
616
3082
132
2832
2514
2665
976
906
2796
88
3291
2948
2298
2818
376
1129
1048
1551
206
3232
3072
887
3090
2153
626
1261
2569
477
585
809
1020
1907
224
231
3248
716
2318
2605
1527
1840
2144
1188
2844
3284
672
2047
490
2320
154
363
1324
535
2417
1220
1990
3136
1341
1369
607
519
533
3182
2963
1204
1383
1233
261
2936
1824
1223
90
2421
848
743
2510
2542
1685
3089
1558
1498
1783
2142
146
1441
1019
564
2806
3133
1491
1911
2812
2243
366
2492
2964
360
342
2074
77
2546
1814
1777
3088
3045
1310
1868
3224
299
2506
839
304
1242
1668
914
2259
2587
1792
2094
1247
638
2896
1013
464
3277
1887
975
2045
2316
1207
2612
2949
1940
361
2937
1980
645
263
1155
2186
1139
3114
1640
915
1454
1201
1789
2335
1037
534
1517
1749
3073
2555
1461
2491
2558
1101
1183
1001
2701
1713
1853
329
1291
1432
1371
2776
1957
1304
613
3124
1826
1106
1428
2508
1144
1694
929
138
495
2370
2286
2524
517
2146
319
2472
984
980
405
3313
1961
1635
1108
1442
1782
1382
2025
1105
1112
545
1332
473
1769
2007
599
2302
605
800
1909
1122
1553
2645
941
294
2515
2929
2567
510
2089
732
1262
1471
2057
1830
952
2916
1903
1630
3010
2023
237
3026
889
756
1992
3160
2538
1079
219
2238
1453
620
1017
647
63
2861
3295
2640
2116
2337
2871
1287
1971
3092
1962
1405
1142
2631
281
1606
2433
2879
1526
2664
2906
1770
3278
223
3198
3009
308
407
1035
652
1765
3018
1244
432
236
1455
165
1807
812
2958
1641
245
61
1091
12
270
939
1066
1230
418
3223
1528
865
3165
3241
2203
403
2389
1821
2293
761
2682
955
935
24
2068
721
3296
3288
268
1375
2115
1603
2691
1258
1874
702
2714
2284
1212
476
2853
1965
2799
3302
2088
2309
923
1221
1802
338
2589
1919
246
209
17
1863
82
1516
1891
312
1946
1908
814
998
1669
3070
1377
1850
1880
1308
1064
2592
1568
369
3256
2678
1637
67
139
1426
1499
666
79
1920
2401
1935
760
736
1380
2342
3125
678
960
204
2036
1581
1226
2887
1697
279
2702
1249
198
1248
2679
958
2706
347
3286
758
3142
994
1121
1206
2084
2172
1492
2273
3299
66
3213
1951
1736
1215
3310
1595
196
1861
1076
2013
1781
3272
271
2367
3192
2950
2145
1318
472
774
1731
2607
3227
2283
594
2924
1477
825
1160
98
1260
2413
1333
3215
2709
233
3306
2713
2674
2162
576
3151
1989
1006
1540
1995
2408
996
1385
3077
3025
3320
1407
1403
2666
2330
2321
3290
791
1521
2909
992
735
3119
1355
2189
2765
253
903
1660
1882
888
1596
804
1468
1644
2476
2090
2582
2184
1217
423
3263
288
1532
2123
1254
2933
2494
1192
2501
1465
1674
1219
1647
2404
651
1256
469
1583
1756
3076
93
1768
2554
2447
2443
71
143
1976
2856
773
1314
276
2046
19
1344
3318
3131
2120
2687
680
1214
48
2450
1063
3123
2315
1950
122
2219
250
2875
2422
823
2143
908
2423
641
1866
1057
990
1353
1518
1172
556
2341
1303
932
2803
2870
2133
3275
1745
542
2660
2610
2885
210
1684
1723
3312
2756
1047
508
808
2426
399
940
748
2287
895
797
1754
2663
3187
2244
1831
2158
2987
559
1966
537
421
1650
1163
989
714
1480
1307
1941
2169
179
1602
1166
1776
1229
1841
1692
1900
2165
3048
2062
181
1580
3103
1424
762
243
1075
290
2673
1316
203
918
1681
1094
2761
2466
83
2876
1892
1146
1474
1396
1002
1267
1771
226
1495
230
1404
2331
1667
1360
1446
590
553
1099
2734
1016
2138
3238
335
3144
945
3084
1127
1825
2720
3172
2966
3134
2545
3081
3015
94
3315
1395
2562
2334
2745
1061
2724
2512
635
2260
2414
2598
2943
3155
1974
1224
2026
1438
2732
3220
1041
2759
2578
921
973
2285
168
833
560
2477
713
1642
2107
2140
974
2149
1928
3326
321
1786
1436
2698
2070
102
3297
466
252
916
1719
1672
1490
1398
1718
1693
1167
1205
886
1032
192
1312
3236
2103
2125
1161
2850
480
1164
2191
99
1725
458
2410
2564
320
2877
1231
1586
386
1755
2647
2392
2222
767
453
2857
2164
806
1981
3239
950
2480
1257
2071
1065
2374
394
222
1419
2406
674
3176
1852
1366
283
789
43
2451
3287
2884
2543
1189
2130
341
967
1613
1269
411
925
1113
1452
2969
419
2378
659
2690
722
1888
2978
1916
2814
3258
1973
1844
739
2398
2684
2865
981
190
214
1198
818
2721
1799
1325
712
1298
1706
532
1472
3156
49
1991
357
2015
1092
1662
65
1031
1592
1072
142
900
2218
186
408
2198
484
2031
3003
623
772
2789
2483
1711
1060
3200
2400
107
1288
1622
3246
646
1115
1156
2629
3127
1567
1899
2038
3308
1458
2886
3217
995
784
1126
2821
2382
1565
664
2440
2586
1029
1005
2597
2353
3074
2296
2361
2470
1750
2951
522
1636
584
257
451
1049
3184
1177
1952
1447
1347
863
2965
1937
3168
591
1931
2509
2536
880
2676
551
811
1253
425
1836
2272
46
1117
1522
2829
1970
2402
1871
2911
2458
919
1890
871
2798
2708
667
2303
2148
2616
1462
901
3137
1394
1272
2769
134
1243
2736
550
1469
1479
2216
465
2828
3301
402
1322
2328
1715
1342
2481
2295
141
1688
339
2985
2072
798
1849
2323
546
1729
873
3189
2833
3303
2197
362
1083
2343
1153
162
439
757
1506
1090
2881
1570
3139
1552
621
642
2809
826
821
2194
2581
2192
2596
1591
1297
1293
2270
2917
2762
393
1093
2680
51
1024
2100
1089
266
2108
416
1856
444
1869
993
1682
2712
3280
2395
2221
3180
379
1151
396
1103
2132
1753
1793
2825
459
653
1054
3049
2788
10
1902
1588
2322
949
2816
2479
2242
2504
1351
2251
3053
869
3058
3174
3064
2096
1433
1958
1829
2795
719
769
106
2920
2550
1138
1960
1876
2668
1554
2873
2614
1086
2086
1566
2301
0
2201
3276
1733
220
2278
904
3138
2346
2112
2065
2345
604
462
424
643
931
1284
1737
86
1414
2742
1838
2029
1577
1073
2568
2656
1851
2748
3273
649
2990
1658
2095
2805
1563
2208
2075
262
170
947
72
1329
1228
1549
124
2484
2696
1953
965
1751
505
3298
2989
988
1633
3185
457
692
2248
1663
2366
2241
1488
766
1842
600
523
2940
3316
2893
346
499
1124
2556
679
1582
657
481
2669
292
1730
2662
2289
1354
3005
1675
215
1411
274
1511
741
2141
1507
3091
734
147
1537
1168
1867
2051
258
526
2695
2
3244
1897
2603
3205
20
167
2752
173
730
1905
788
2557
1330
2725
69
2081
1601
2874
2551
1942
968
1699
964
128
1910
1949
2608
201
2890
2648
2415
15
2993
2220
893
1712
3109
298
1912
1010
2790
1763
506
2489
2181
3254
3000
3169
920
972
3197
682
2344
3068
2621
2747
11
1626
33
1964
909
2432
2686
2517
907
59
448
3
563
2602
3096
1364
2792
2977
493
2234
3228
1678
1985
2573
3050
