892
1341
2155
1055
713
1027
2045
962
3129
763
88
3248
547
3322
1023
2210
903
1550
1926
1119
584
2145
394
2092
1734
430
2253
2062
1922
2606
1878
1864
1896
2182
1837
2254
2973
1402
2329
1344
2160
3121
1274
574
280
512
2133
824
2910
3306
1569
341
2856
1457
1858
1493
271
2263
1139
3282
1802
1245
697
213
240
144
1122
1465
1070
2236
3082
408
2541
1205
566
790
2798
1543
2131
1177
2060
140
237
1866
855
2310
1166
165
198
1986
993
854
1767
3003
1791
146
1130
2773
2663
192
1612
2314
2512
1414
2956
515
2566
2439
1585
1912
1753
261
288
1520
2953
703
1798
399
101
2044
120
2794
2248
1182
2097
1583
154
1478
2724
343
2449
1559
897
2625
79
754
200
2684
429
748
876
2209
2777
3278
590
991
834
3187
2272
1539
946
2199
70
1764
1264
628
527
1981
1690
2732
695
373
174
239
2695
308
2766
1748
2489
720
3264
2756
1695
805
1449
2950
3076
340
1657
2989
1597
508
1458
952
1375
1898
1490
3252
1194
2169
2067
1951
1471
1872
2384
2404
35
2104
2931
1305
672
542
1359
1871
2738
2976
2509
87
2749
2011
110
1031
647
3024
1744
2214
2291
43
3213
3163
1248
1383
3203
2102
1253
1100
3133
567
2453
1390
1511
1347
1326
127
2996
255
2824
2443
2903
365
916
2747
1017
1102
1736
204
804
2869
1131
658
1722
405
1554
1977
1455
2026
300
2293
468
30
960
479
2544
1330
1247
833
2235
2270
2456
2934
560
879
1442
323
1290
2775
216
3144
724
1361
358
2382
736
1552
332
463
1789
2495
2789
1517
2539
2524
68
3193
256
878
995
2800
1706
2144
2237
890
1904
302
2175
3235
1877
1909
487
3149
2812
760
818
1295
1395
1564
1769
435
3086
2388
2765
3201
1256
3255
659
1893
2707
462
636
980
2223
3179
2699
2316
823
1556
276
1824
3092
2685
1029
190
1679
2285
2331
2412
1647
443
685
187
2064
2150
1902
2402
2797
2792
2851
3087
955
168
2640
2474
184
3029
391
990
4
573
1176
540
209
624
850
1506
1793
1429
1901
2659
3120
987
2369
1282
1089
2041
57
1163
2623
2031
425
2460
3280
2071
2158
3025
222
1419
3154
2966
100
374
400
874
27
2261
1669
1367
1431
1392
2987
2039
1186
2441
1745
1915
2807
3189
2889
2912
2288
360
2865
2193
852
939
1093
1825
2138
2803
2311
2072
1927
3273
2167
2014
2928
3013
3221
964
726
2864
1047
3053
3305
218
2653
1841
3228
1385
2450
2396
2094
1467
1497
220
2376
1225
1480
172
2733
8
1682
2077
802
557
60
2955
376
446
63
1874
1724
3033
2829
2202
1199
2556
1238
2380
917
2250
1134
3170
2840
2832
2190
2156
1587
517
2602
797
865
1935
2400
3148
2874
1845
1691
2398
1161
1340
970
1629
1040
1829
2578
1436
2867
3069
2242
3294
2596
977
3274
3008
667
2255
23
303
1835
2137
194
841
238
2860
64
2265
92
2221
765
945
1174
2140
2741
3042
224
159
3293
912
96
2271
1780
331
2985
2709
1136
2611
322
2035
2622
2007
2884
1549
1527
1114
2844
2326
2924
875
1094
2646
752
549
247
3127
2099
235
438
1275
1425
2755
2233
1548
2351
2975
3016
2429
700
1942
3291
1191
1273
1435
570
591
2437
597
3245
959
1249
3145
2569
2095
3173
2678
122
1540
3030
978
2513
1651
1479
2514
2079
576
3268
2658
2264
683
3040
2049
1875
223
497
3230
2617
3241
325
2114
563
2598
437
3208
1636
3267
225
3067
866
1961
1039
129
1995
1577
642
2613
54
997
1963
370
3197
1007
616
2735
3026
536
1884
2417
2249
3166
1683
1345
450
2529
2858
901
1783
2952
2231
1393
868
2257
1196
1803
3132
730
293
2500
2177
984
3263
439
1794
1203
829
2887
1928
1512
3231
1041
3066
3062
1195
1937
1867
1270
432
493
2292
137
1553
1434
3011
1908
675
753
3310
42
1665
1394
2997
2188
2345
1469
1011
1187
2472
679
2711
2143
2769
371
3095
2785
3108
2205
3077
385
1523
2854
1969
546
76
550
1614
3238
1363
2432
2841
2098
3009
2720
1232
1162
1537
844
919
1718
3321
1879
711
1596
3005
1742
769
2082
254
381
1079
1233
513
1311
1116
2830
523
680
2826
326
1882
811
2287
1653
1571
1003
2507
2752
1183
2597
1299
699
177
732
3007
1545
552
1807
1656
3104
167
1821
2639
483
2426
1950
1822
1668
1180
3036
649
1220
819
2753
578
475
999
894
2001
2319
2043
2332
2109
1710
1869
2073
1711
411
1849
117
742
1812
1488
1533
1582
2750
1332
2355
673
1135
2393
677
2488
532
2675
77
2562
199
1468
801
1708
1404
1061
2637
279
2929
2386
3313
1418
106
3022
1838
2197
3050
1234
2118
2484
282
1547
2787
1067
2547
3176
1663
352
2277
40
2949
395
1940
3083
2710
3061
2408
2926
2490
1980
2016
2065
2327
895
1087
1348
3034
2258
948
1514
686
1353
1808
2129
424
2729
2654
2519
1573
915
1223
845
2266
488
500
2576
971
3161
2226
2224
3184
1771
3115
3055
1255
362
1622
397
1044
1012
856
1729
264
2305
2211
807
2980
3070
1782
3316
423
1800
67
2681
2522
1712
665
1424
2802
2435
2516
2088
1328
1719
3109
3078
1658
1707
702
606
1304
910
346
406
234
1494
1853
2968
349
1681
2498
1826
1204
3292
1818
886
1635
3065
262
2136
3279
1000
1638
2998
2163
2245
622
2323
1046
1962
441
1516
1705
1076
664
2758
880
2124
390
2328
644
2871
49
2360
1309
1302
518
846
3021
2110
2743
356
1496
1542
826
1645
2407
193
1498
1152
538
2981
19
2385
2878
1446
178
296
2730
295
1125
998
533
927
311
2340
2100
1476
1594
2478
1536
2823
830
191
1184
1052
539
1785
353
1459
2033
535
3158
1865
2948
2080
3125
1664
1602
2053
1460
1737
297
2268
1905
2184
449
2919
1159
2161
16
2252
671
827
1246
277
668
153
1650
38
50
18
1170
3056
1209
2892
926
832
986
2093
367
162
69
2015
3301
612
1279
862
3257
182
94
3153
1208
47
2446
1190
1507
2409
800
2203
721
761
2845
2888
2762
601
794
1423
1240
2936
3229
2532
705
3122
3039
99
2066
3178
3090
2465
84
2706
2676
3075
1369
1141
3298
2370
267
2736
1358
2852
427
283
747
1018
1584
1603
1964
2991
2147
757
2447
2152
3146
2506
1015
1286
186
599
1756
1530
1472
985
922
2742
3302
404
1761
1271
175
3323
1307
1063
1811
1659
782
957
2808
1994
1655
2347
478
1285
3091
983
2063
2496
1426
316
2627
1709
1623
455
1515
1886
2590
1381
3157
3266
294
2440
2879
37
2915
3057
725
15
938
863
1917
2863
2368
364
10
2898
2757
2187
503
1272
2746
505
1280
1146
3183
973
1574
1688
2963
470
1765
1072
2768
2932
1662
2121
496
141
2694
2120
3049
81
1296
1268
1809
2828
707
1019
1558
2751
1649
248
674
806
775
551
2247
9
1723
1768
921
103
313
2946
1637
2070
2726
1327
1689
640
2923
1365
2605
940
3027
2229
2618
2558
507
1228
1751
735
1069
1463
1129
602
458
2553
3167
1301
1396
2690
1320
1842
211
2515
2259
1727
292
3117
1080
2280
1175
171
1226
5
3212
1648
541
2927
1370
905
472
118
434
618
2069
345
1284
691
2017
2666
1120
908
2251
2058
1630
26
898
2425
2481
1331
2377
3249
1850
359
1721
1522
918
440
2445
954
1654
1521
2634
2809
873
1443
728
744
1528
1437
1081
3130
1509
1126
304
2078
1754
2557
3256
1943
2076
2189
1158
1660
746
2334
669
334
666
815
1297
1450
2389
2168
1508
2947
124
2054
2467
1323
1851
1693
259
1346
524
743
1988
236
1996
2128
3300
821
335
1474
2372
1560
242
2713
2917
2784
1219
289
2781
2338
2534
3295
3218
2593
2550
1338
2117
1687
812
2764
2893
1259
689
2716
1890
348
965
1639
2313
583
1906
2638
2174
2222
85
2416
1308
1966
433
163
351
17
706
1955
1863
1028
1178
3315
1006
1790
1674
3318
1374
61
1140
796
383
2090
2702
1762
2444
2839
1188
3261
3048
130
1990
82
1230
265
1640
1325
1685
1293
2009
476
2208
847
1501
2020
1787
961
1372
3124
544
245
1750
2119
3215
1073
181
2154
91
2859
958
2682
2256
2628
2791
109
2662
1513
2831
1202
696
286
3096
2477
2957
2572
1317
1725
490
1852
2739
3001
219
1714
2842
1733
653
1518
600
447
3195
2146
1217
1666
2670
633
3237
838
1254
817
786
1999
3194
798
2185
1024
3320
2722
1699
1952
3063
780
2656
2943
379
514
2969
1880
3159
2423
1652
2194
1222
2748
1555
2891
2545
2600
113
1212
2896
888
785
598
1716
2056
1127
1231
651
2805
1606
1806
2614
2480
2308
1924
1351
3287
2395
759
1939
2939
1873
3
1229
3190
2881
872
1844
698
3247
555
2564
2883
62
982
3051
504
3182
1334
2691
1684
2006
2540
1661
2778
2650
2215
2192
2204
3307
2984
1099
1300
979
231
1572
2861
2528
1377
1551
1885
2508
2132
571
2166
2895
1034
2619
2162
1049
981
2022
1997
1816
1415
197
1451
579
2961
2354
1181
2661
3047
1892
1235
2868
