1445
2487
820
2441
2879
3190
306
573
3144
2259
1768
1788
1432
3167
857
2534
2309
1507
217
1521
1832
3045
2990
1587
737
150
927
1987
1318
485
1811
405
2586
1484
3193
3279
1626
1194
1903
2535
2507
1158
371
1265
2986
3297
1419
348
3308
897
1534
2385
559
1248
1660
2988
2476
2912
3221
1830
519
3326
351
708
2720
435
2148
1516
2216
2191
2273
120
1112
2392
2371
109
385
2034
724
2776
3069
784
369
3281
1996
3007
1084
3293
1858
1441
1655
601
201
3214
2280
1007
1902
475
3206
1891
3176
2135
1142
2171
517
1433
168
3245
1275
594
470
3179
1457
2556
1982
1508
3230
2851
2547
3274
297
1234
118
2116
603
3122
3016
2929
2654
2182
2623
2139
1350
672
2924
495
829
2226
956
3184
2323
2111
2319
1037
2600
1956
2755
2684
1523
2253
2876
1293
62
67
2450
3065
304
999
1673
2807
1329
666
2292
2105
1941
1915
2108
2925
1990
3003
3137
326
2412
3217
3013
508
2712
3199
1157
2928
983
2236
3215
1904
224
2642
794
3196
3066
44
1520
1512
1451
1815
696
3148
2850
2813
3146
952
1625
225
751
1421
2049
3033
363
1492
2357
2237
424
2242
2052
1514
2215
1041
1382
932
2747
510
2958
3194
2098
1889
2681
1612
113
1440
2453
700
1914
2082
449
1183
491
2906
1931
3311
1431
212
2443
531
930
2673
565
3249
687
2617
2051
1764
2488
496
2349
984
749
954
1733
1620
686
2070
943
626
487
490
2400
1682
429
98
2112
1979
2075
1072
2551
688
677
997
2582
1020
1316
1835
1962
2429
64
1346
1898
390
939
2287
532
185
3152
2943
2641
941
296
129
2599
408
462
953
181
18
2560
644
544
908
1314
1416
1427
537
962
635
2509
2741
3208
1790
6
439
3130
524
1916
1228
1705
2862
1602
1666
2366
2962
1645
1466
3002
247
387
2169
2301
3178
2310
2029
2648
1253
3321
1129
2749
1179
3054
220
981
1556
916
1844
2847
179
307
2138
2626
139
2779
2332
1599
763
300
637
1654
2008
19
2080
2145
1065
965
2662
1985
851
2122
232
1497
282
2896
2037
627
2511
2804
188
2405
2410
788
1623
1873
1089
1546
786
344
1185
1029
842
1883
2415
675
1323
2748
1472
1552
1215
2691
2532
3312
2555
2611
2595
1300
928
684
1019
558
2137
1944
2119
564
3242
1775
2537
1744
1135
970
1828
2569
1618
3295
3052
47
1008
3241
667
2627
1908
3064
2102
2773
801
3233
1706
2822
2575
438
471
1853
2613
685
1867
493
231
1651
2062
776
1422
541
458
2843
1942
598
1793
151
3228
642
693
354
214
2948
474
2553
1386
215
2263
3000
1078
298
1690
781
1476
2458
2689
416
1015
3271
397
1833
1592
2288
2808
1766
692
3026
2293
2026
1538
1470
839
3048
589
1016
732
2012
3056
3272
26
1715
2992
926
638
2446
619
2884
1954
136
1509
1972
1442
2917
187
2404
2566
249
1395
1839
2440
2187
2134
2901
2897
2121
2077
3168
1662
1377
3282
712
1459
593
1631
1351
2089
3082
2423
3276
1058
2027
442
2710
2033
1417
2479
281
1595
1686
2549
1759
1834
1533
1866
419
2902
2270
134
2994
975
2732
3017
3219
3266
1850
190
1050
2614
620
1062
279
3222
2574
1963
3140
379
1429
20
1326
2104
417
2462
1319
58
39
976
2658
2327
450
1397
1039
2660
2585
3068
2932
2364
3088
1454
1917
660
83
2882
2955
1387
1502
1245
2812
2672
516
1831
611
3161
2076
730
1597
804
2325
934
1557
3044
383
902
119
855
669
2497
1153
335
167
1787
2564
747
301
713
595
237
2046
2315
2149
117
2053
1683
2152
2010
1581
3055
2124
1370
2825
3028
1761
2602
2711
2581
982
3135
1138
2596
2552
707
2188
464
77
3022
2071
357
30
1774
2859
2146
1582
1358
2675
2570
40
914
404
392
2087
3143
2522
1629
628
3182
1211
2221
2386
1285
863
103
1449
272
1874
1610
2408
1689
337
465
1022
800
777
3117
2727
2090
1306
309
726
579
2157
1607
1777
3027
467
3198
1139
2978
1290
2563
3018
2204
1423
549
2436
643
1243
1500
1918
1665
3067
3181
53
1071
1473
114
1380
2588
2699
552
2432
964
1687
1920
381
648
1095
3012
636
1227
3239
2276
2445
765
2577
2982
1461
1379
1593
81
2020
3035
1304
3100
1615
2592
1177
2853
384
2331
1284
615
2795
1027
887
1086
3273
1117
1165
2297
35
2606
535
3157
1813
2881
2258
2128
1176
226
483
2047
2800
1068
1584
2612
1837
2348
2935
2418
2500
2878
2461
313
1893
2872
1986
2836
356
3075
1489
507
1063
951
73
1202
2950
3115
1173
455
1785
1791
600
2007
92
3315
2835
1684
656
2451
146
311
271
403
2865
2391
1943
1820
1214
447
2064
2065
360
2097
2159
1892
2055
868
2874
2802
3188
3107
1609
2629
2245
710
2651
1367
2646
2420
246
1999
1049
418
2000
1743
774
293
441
2201
130
3127
1848
1852
1901
2312
1653
750
1725
2506
3020
1978
2669
2864
2717
318
850
2351
3319
2716
1808
2249
2656
1426
2372
2888
3172
7
1396
1332
783
2725
883
1452
2667
122
1276
1747
582
1971
1814
2303
1680
412
2485
1881
1067
2041
3110
191
945
955
280
1478
3203
1352
3296
2678
1713
1707
3060
432
812
709
1964
315
1150
494
448
2834
2697
1634
1237
1406
388
1692
925
762
1168
3094
659
2313
836
725
1321
1107
2894
2455
2824
1080
413
2833
1980
539
1642
1935
1035
616
1338
1294
3288
1603
2306
1765
2456
958
1471
1575
2383
149
1188
1025
1574
3154
520
1669
1841
2502
2919
1420
933
1076
1648
94
229
2058
745
870
1543
1771
1337
359
591
2782
1286
2195
2481
1381
2780
2449
2622
2387
3237
1847
2631
2322
1344
2625
60
110
1905
761
3220
2444
521
445
2426
961
1125
3210
2856
741
2482
2960
1518
2375
1094
746
3059
563
2251
3123
437
1723
1800
3265
1313
2775
3021
576
540
395
2202
1254
3171
2970
2125
1099
1363
1052
1303
1936
161
1531
1505
1291
2
1786
1369
1529
665
321
3260
2061
2248
2975
2706
698
2038
1288
1480
3177
486
1430
241
824
2520
166
706
59
766
97
1111
1539
3160
1542
2542
1991
402
3142
990
2969
506
2190
492
251
1884
1958
1120
3149
489
314
207
3298
473
1797
1709
1010
2266
3180
2414
2466
2206
1001
323
3116
2162
410
2454
270
1745
286
1561
61
2334
2772
2210
2374
3053
528
2367
2467
2933
556
1650
1537
3267
477
3204
1353
2023
2715
888
355
2022
3262
1757
2781
753
1748
1410
877
2650
613
1729
624
2205
2938
2316
1
2895
1242
440
1374
2686
2869
205
2272
1513
1753
1056
276
891
80
924
1900
1804
2144
2571
3200
2792
735
756
2949
498
731
3201
929
303
602
629
2330
2887
1193
966
1547
3270
1103
1393
2745
218
175
2750
195
752
2971
1708
1164
1675
949
2652
2685
2657
2568
211
96
148
2829
2335
334
987
3077
29
2503
137
905
68
3317
1021
1616
2399
673
3079
2774
511
605
574
1074
2636
317
3163
3170
2526
3197
866
3031
468
2228
1355
1989
339
2941
2056
1868
1851
1780
3034
1171
1551
2478
2761
245
2961
330
2189
3153
3102
2848
2898
2805
45
1465
2381
3103
1160
2983
729
1024
177
2039
91
3071
3174
2579
2594
27
2936
3165
892
2907
2109
2021
3158
2096
2483
22
2178
451
1356
2471
1769
2920
1973
526
690
657
123
969
2873
1511
1658
2247
2011
886
42
814
2736
1825
2158
2110
1407
551
2403
1315
1155
345
3092
1809
744
3081
2915
89
3300
560
263
1187
1937
2827
176
288
2510
1632
2966
1880
3093
1845
2909
422
740
238
2473
36
514
640
2967
802
3139
2786
2153
1009
2543
739
1938
525
1617
2060
48
1993
2696
111
1391
858
292
141
1274
3074
1501
2957
38
2597
633
1217
768
837
3141
1677
2521
1251
2362
3008
284
1730
864
466
2540
742
1576
1026
1345
3289
1241
2854
771
1261
1949
2995
2518
1045
2032
899
194
1549
1328
832
3024
2921
542
2997
2721
1656
654
1796
1585
14
63
1097
1209
86
1394
56
2799
209
336
329
2267
1483
767
2343
1331
1734
2703
2472
145
2852
178
2610
2649
1976
454
1092
533
260
2308
2389
256
3248
79
989
3258
2329
1994
2682
124
1756
2161
2893
846
1694
2533
3227
285
24
3112
518
3318
1143
1327
1448
697
670
1583
1856
2402
617
1405
2516
1798
649
3225
849
2615
2937
1911
1755
2074
2544
2866
156
894
274
2769
1997
501
1601
2964
1166
769
3304
3187
1875
2193
1198
1028
689
273
938
1526
1784
2114
305
2347
386
3040
3015
472
2591
3019
2291
3126
2283
1781
917
664
1555
2044
705
971
2952
342
368
2787
12
2647
2365
2255
2797
1102
3323
1488
748
1149
1365
631
3261
33
302
1463
1481
1909
2956
3185
55
1865
1840
1696
76
2382
2368
3166
2890
2260
1716
1060
2001
2168
1434
2536
2841
694
1361
867
350
3091
1752
1186
132
2176
2633
2185
2222
1635
1939
2624
834
1317
157
823
1334
88
553
815
198
2796
1203
586
1482
2307
2737
