2740
1732
2465
1373
3270
3207
2378
3042
432
259
2799
1167
2303
3055
3127
184
308
717
868
1497
201
2417
220
2167
1719
824
593
3100
2234
111
331
3066
1902
1935
1094
1055
3080
2935
783
139
134
2608
2405
1218
2587
1171
1610
1813
2457
2145
2328
1426
887
414
2883
273
2260
3303
1444
1342
2416
2418
2930
1109
610
137
1991
643
1673
2327
690
947
424
2211
993
2986
2195
802
3015
3320
57
1848
2064
2852
656
3063
437
1101
3006
1002
891
280
249
1750
2188
2203
2902
96
825
654
2455
1865
703
2069
1715
664
325
472
105
1888
3315
2515
3121
19
2604
2644
470
1835
1467
2407
1823
2709
2711
1626
807
1348
805
1409
3179
388
2727
370
2076
666
1422
935
2226
1098
761
2251
133
968
2851
707
927
5
1328
2734
2899
2289
2796
583
3225
494
1996
3273
1752
3044
3163
2227
2415
2298
872
1704
3202
1998
1239
1829
3286
213
1494
2821
2137
1557
376
1713
1671
972
675
520
1880
2637
1594
2562
1518
398
101
1425
2042
2240
1496
2191
2925
1637
818
2653
471
2970
1630
2060
88
170
2092
603
667
2218
2752
2877
3201
2708
1954
2585
352
403
3321
1965
2894
2477
1265
1074
570
1185
2947
2759
2056
2541
2748
1226
1575
1232
2699
1946
3198
2373
2204
2421
1614
296
1486
2
2448
2438
2293
2154
3298
2605
1592
2948
3061
2954
2946
1451
2846
2951
2919
293
1806
3234
2678
1349
2162
768
3058
24
952
1191
1163
3257
1268
3263
2732
350
2966
425
795
508
339
400
688
1182
1664
1076
1712
1969
1030
418
2887
3008
2747
1876
1212
125
1632
302
234
2485
627
3168
2550
2354
1234
1796
3150
528
655
1621
3325
2034
1838
830
39
2643
3091
979
3211
300
276
1120
2841
1920
1608
501
2365
1552
1028
1301
1624
579
909
2853
1159
2731
547
99
2447
64
838
2632
1675
1739
1564
876
466
1331
2088
1208
2406
2596
312
2317
2319
2202
3228
744
1405
2336
3146
2602
268
2169
12
2874
114
534
1440
1604
2093
2389
1538
569
552
649
252
1
2236
2428
1825
1336
823
1107
2927
1499
1975
1303
1912
990
121
2615
1791
1243
2755
1318
2766
1431
1242
1528
368
1454
973
87
2292
2050
2802
345
3093
279
1677
1919
817
1529
2117
2855
1366
197
1754
821
344
446
1223
2041
2312
2631
2212
245
320
3041
2761
3160
32
1039
319
723
970
2285
1767
1826
2153
2235
439
2743
1288
1974
453
1977
1633
2498
2331
1414
1118
1649
216
2504
2337
448
1800
765
1481
1931
2128
1971
2493
2800
2942
2589
2326
1553
503
964
2350
1093
2866
1361
2430
1490
1051
2861
2216
2480
205
1508
1194
1309
1797
1542
809
195
3132
527
2680
2772
2617
1126
2155
1993
3088
753
2623
2672
1570
2342
632
2116
1537
1067
389
2583
2039
3123
2062
2691
103
3000
2941
1042
1964
2879
1086
2262
2048
684
1765
959
1302
2838
1890
2829
2112
2309
2400
924
3232
523
1933
1871
1942
917
1873
69
2398
3326
15
1505
1177
49
2420
2269
367
314
1758
1450
3004
698
2701
3247
1930
147
2884
305
1550
2450
2437
1587
1709
2570
1060
2190
194
2638
3187
3242
650
2907
2692
913
1360
554
1090
1748
1994
227
1104
1114
251
1307
3069
3279
2543
269
3059
1904
3057
2922
487
3260
2854
1215
2975
2801
1400
2025
1122
1870
1073
2616
2751
521
3292
496
1272
3317
2792
1491
851
1256
1789
1035
1140
165
885
2302
939
1378
188
794
2276
181
1794
1687
2998
2561
2505
1162
875
2356
1652
1500
902
756
2721
2122
1531
2673
2901
2164
2758
2839
2663
55
3102
2333
2912
1387
1651
3131
2443
1676
2825
2380
957
1455
2275
2388
933
6
793
1371
1158
2207
2244
107
2635
1375
120
916
1113
1188
505
464
3275
1299
420
47
3227
1663
2535
2462
682
2896
433
695
1603
697
1636
2003
150
1417
1517
2992
963
2046
3135
3009
994
613
1879
2609
1246
564
1245
754
1908
152
3060
2439
499
3078
2019
1968
1913
298
2114
37
2611
819
715
532
3138
1155
1526
2737
778
2556
2739
709
1740
495
1874
1597
1755
440
1577
1988
1944
2713
526
3255
2516
2969
1756
164
1135
553
950
1625
2862
1276
2301
3035
2361
710
2461
2359
1959
729
419
1011
1606
1464
1181
955
1355
457
2182
25
230
3203
2362
405
734
1472
2335
1733
2290
863
1753
2647
159
3056
665
2742
1516
1068
151
2921
3226
1887
371
2219
1462
941
222
2508
1984
168
2565
803
573
1950
1204
1115
1279
443
1803
1929
3265
488
1282
2999
2723
702
2177
635
2782
3101
321
2654
2080
1211
1853
3261
1352
186
606
943
198
1483
1899
260
1792
3278
1808
2089
53
2192
156
2311
2281
880
3065
2892
2268
3222
2352
542
3314
2806
1662
81
1602
1150
138
2273
1033
2703
3039
2997
2715
1214
1124
2377
141
589
2445
174
1801
1390
2193
996
2431
2807
115
991
1010
1131
2697
85
716
2786
2109
1814
1468
1506
196
2453
2320
2267
2429
2932
2868
1449
1723
3294
2168
786
1262
1828
301
2676
954
1778
2735
1412
2591
2805
951
1795
946
2845
3309
1781
2258
2020
1742
3237
461
1332
921
3316
2239
2451
1168
1477
3251
2213
3147
671
1893
1571
2022
442
2598
2454
2385
1402
1586
516
1775
254
1751
1897
2779
2501
323
250
3296
1501
2875
1986
1532
1413
2187
2146
2047
810
799
1568
30
826
42
2459
2300
1395
1080
1169
512
1650
2719
1980
465
2547
2836
545
1008
340
1515
90
2679
767
2221
1858
3206
1384
2081
3032
2496
3205
1082
158
2379
2534
686
1022
2351
1641
2259
79
2558
3214
874
3103
2771
106
128
1839
2859
2953
166
621
2978
1952
285
48
2120
1669
3235
944
652
1799
1416
54
2662
3224
736
1170
455
91
1601
2809
1403
377
1004
559
1374
1393
1034
515
1514
1545
1779
3017
842
1619
816
862
1734
2971
189
2381
2332
2136
1716
2546
2261
1381
2008
3281
1527
3014
2063
3183
1157
2577
3092
2677
574
14
2395
2324
2345
1343
1480
2522
733
773
1434
1007
2503
2491
847
2238
1445
1729
2756
662
402
316
97
806
2850
653
68
2471
919
556
131
3047
2375
749
2012
1345
796
850
539
1864
2372
2006
1989
1183
3098
421
2348
2434
2590
548
812
1807
232
2696
1428
1530
1849
2005
2594
3274
330
401
2689
1852
1013
1196
2813
1283
1111
123
1154
2283
1088
89
2700
544
61
1201
110
1520
1317
2266
2514
1534
3290
2036
3272
945
2143
3139
2144
836
2923
404
1253
1248
2220
1236
3085
792
2456
338
832
2492
2489
1939
1398
2393
1259
2820
248
879
2255
1485
1143
2858
3018
995
2920
415
2135
1110
2787
1711
2524
1784
291
3049
1249
146
2612
3051
72
307
2479
2593
3021
2103
169
510
83
378
417
1955
1134
1934
2597
2084
2423
2173
1898
835
2870
1330
2595
2419
3071
116
70
429
2619
2990
1383
3109
763
294
598
112
1092
1100
886
2307
17
685
2610
2279
2068
2956
752
1305
2228
326
2355
1901
1840
2707
2083
1668
22
1072
63
2165
1488
2988
1670
745
3301
2229
2525
244
751
2837
2811
366
967
384
1770
2963
1146
1810
3245
2908
2094
2726
1056
1579
1881
239
2115
1411
1576
2055
1304
1473
988
2520
1037
2718
638
934
1484
2370
1166
2363
1615
714
281
3151
2864
336
1549
2655
1727
2011
1659
489
31
1319
3219
1736
2174
38
2911
1851
500
1015
322
2915
3164
2552
1646
507
1471
1877
958
484
541
689
2937
309
2645
2065
2790
2478
1960
781
3023
3114
33
644
3022
575
2357
619
2412
2929
334
1121
808
1367
708
1096
841
1207
585
2075
192
2584
1773
2147
40
2962
2189
3010
1270
1149
264
2660
303
2828
658
3075
1446
3323
2517
3052
737
3244
2409
1559
3149
444
3276
214
179
2904
2753
1323
1522
871
779
843
2181
66
1287
275
1175
596
2774
233
630
3116
3197
925
2967
2984
100
2614
1821
629
1258
59
1776
2157
2021
762
2031
502
1284
1369
0
1498
692
1574
2603
1333
438
1087
2964
3170
1995
3250
780
2985
3048
3166
2982
2656
727
2506
2452
218
831
3217
693
2926
2142
1884
374
2096
3230
270
256
229
67
576
2349
1372
1917
1970
3175
680
3295
2446
866
530
2523
2206
1267
2237
2410
226
23
1235
255
241
1195
3200
1190
3223
982
2538
1233
1925
1286
2867
2763
2368
2972
1197
3173
1062
41
2760
86
1203
1027
640
586
784
318
2909
696
3185
588
625
136
119
2931
2411
2318
971
18
324
1014
1843
1053
200
2225
3036
306
282
462
2944
3086
1251
3050
3190
726
623
857
3143
2314
725
1350
701
1156
2745
28
1173
566
1949
391
2038
577
2264
1599
895
3196
3318
669
2906
2532
2599
353
2185
337
2110
865
2414
1456
860
929
1761
1192
1693
2900
1647
3124
2913
1703
2513
2549
2131
2468
1493
1722
2530
855
2928
2832
287
1945
2215
883
104
84
3033
861
1830
2098
80
3144
1866
459
1377
514
2886
2746
311
1928
1230
2383
2278
2201
2330
