11411
4237
8198
5250
347
888
3149
6318
7707
11022
12782
5065
1215
11720
1818
5961
1237
10038
9727
2882
8481
3181
7313
2694
6114
5404
428
2247
8116
3037
11505
9106
3537
6910
6676
4367
13310
2262
4847
4186
7423
4195
10665
7734
11470
12038
12344
98
4067
4748
12654
4037
9086
2433
12556
4757
5804
7112
679
8694
10201
9261
3797
8045
916
10514
906
4207
12339
13218
8454
5689
1203
5431
3473
2686
8910
3150
964
8128
10936
13004
13167
9933
4342
2146
3939
6328
3722
5505
3306
5590
6673
1139
8594
785
10255
435
6050
2072
9404
4893
218
8670
11785
9670
367
8915
10809
9253
10280
12762
7342
9955
1344
5996
3371
3827
6599
9729
1379
9857
10687
1181
6598
13259
2958
11766
4235
831
1431
10064
5018
5865
11576
4843
8031
12959
5883
12846
9568
9576
11716
5733
9271
12887
406
3206
47
393
126
13375
13027
3625
4427
1220
7412
7760
1715
8559
1340
11087
6491
7719
3187
2642
397
4031
1303
3945
13335
5442
9612
4445
6922
8805
7797
8369
4795
11238
2165
11560
6897
4068
12542
6500
2100
5581
10637
2356
5878
8053
11550
8049
6229
7057
12501
5480
5977
8723
11590
8828
1918
10750
3549
4079
6155
9199
7960
13248
865
12768
5022
9958
3612
5194
11398
8775
7738
1787
6633
4115
5602
9032
6439
11655
11477
2302
12464
10009
3452
5922
7047
11862
7292
4166
5845
899
12257
1067
7473
13200
2568
376
8823
11047
11492
9194
2218
12690
2869
3001
9921
5667
8529
9741
7812
13033
7340
12156
12259
8344
4952
152
9607
10016
2678
9285
3601
2461
6658
4932
12475
7362
8103
12307
8283
4114
11253
11978
10835
11897
6564
6484
12282
10351
4718
10150
683
1701
1250
9666
4089
1878
6962
1486
5251
6246
4495
1762
3224
7930
10203
9148
5461
6104
8015
5594
9321
7122
8348
11875
1631
9115
10073
243
1849
6858
13351
1585
1733
4970
1628
5454
7683
968
4170
10464
6712
12840
5764
4704
6380
11060
10283
4960
4065
2581
11848
2833
11278
9215
6898
7190
4797
3425
10417
11509
11045
3433
2639
6496
10623
10354
8570
7886
3638
3783
3667
6282
2762
1005
11891
2872
8990
1517
9834
9967
2065
5698
3478
1525
12131
741
8951
7119
12884
7141
6295
12411
277
5826
2382
8363
9661
8488
1949
10944
5085
7418
11205
9572
7368
9891
11042
6602
13091
11188
2811
1055
4828
5774
11112
12429
1420
1221
2000
12712
1199
11184
12899
798
4376
1467
8315
10632
4507
4890
5554
5193
2543
5834
12247
11931
12103
1059
3698
646
2056
2013
1283
12794
7009
3461
13206
4292
4088
2296
4770
7532
9987
5496
4907
3608
4941
57
5111
12835
8002
12435
11712
4920
13203
11438
3910
10984
299
1449
11489
11710
8205
5730
11357
7982
4629
9180
5895
7305
8545
605
9553
407
2086
12936
5742
7977
9047
10915
4492
2685
5747
2541
11171
7202
2444
13217
12318
2143
11294
4212
7839
10982
3878
7135
7333
11346
5216
37
9878
12138
11430
5446
3914
4252
4972
8650
13072
3653
131
4859
127
1770
4562
10377
821
12854
464
3251
7979
6281
8006
12594
2888
4658
5875
4277
8044
12088
3270
8404
10615
3755
4347
6785
978
12384
12351
6458
7710
8280
7488
11861
8374
9690
2700
11872
6047
3398
5760
9393
5539
7732
7401
8050
2106
3689
1408
13147
8279
375
1316
1364
3885
7460
13019
6999
12893
10989
10977
11963
8024
8439
5031
10156
8795
12852
8026
10594
7402
6561
6107
2929
11535
8459
1163
9301
5629
5416
6787
3448
11865
317
13297
4666
6488
2416
13034
11323
11152
8003
10649
12554
19
12133
8226
11709
5142
8017
7228
10242
12615
9297
6096
7850
11864
10950
4476
8855
4910
12224
10394
13022
4137
9876
3160
6904
9923
6251
7513
13192
2420
11929
7837
3465
11389
8248
8115
11428
1799
345
3734
562
1934
6971
11309
3890
12293
9377
10682
2747
7140
6077
2027
8311
10282
1463
4255
571
7531
11941
11607
2299
2612
12124
13333
1749
5533
2267
12967
8456
11648
2893
4465
12752
8692
4846
3908
7929
6128
8525
8776
417
7445
7650
6509
4829
10742
12046
9077
8333
8671
2735
771
6379
12674
9182
6718
2439
11261
9053
12164
819
5592
5377
8235
387
1057
10645
811
8884
13155
11718
12114
1099
2573
6919
3569
4221
3678
4812
3205
11912
3110
8652
486
10833
4306
5682
2130
11141
3484
10802
9865
8821
10197
9753
8297
5827
13300
318
5809
8051
13045
1523
7822
5034
4144
1357
5965
11802
12978
5177
9752
2142
6421
5479
81
10021
11353
2348
12053
13211
2933
6339
1448
10651
4123
6348
11951
518
2222
1796
11746
7931
667
4420
1716
1154
6522
8604
7978
10725
7493
1341
9428
10386
8176
8327
13049
2214
11981
3832
2094
1033
1819
10151
5057
4197
5843
8443
4878
11379
2514
2528
2706
8764
18
11519
4720
506
10549
9824
8621
11038
10046
6413
7017
3740
3655
8663
6340
3621
4502
2183
11464
10885
10153
7192
5806
219
2438
12582
2297
6856
5578
12520
6368
2622
5655
12928
6552
7276
6075
5003
3525
4830
1365
2675
7702
5850
4010
4867
3669
12359
4094
3155
262
12270
3708
10565
10382
828
2658
3348
5042
10832
2300
8864
11300
10606
984
12225
9376
9952
31
4210
1747
161
11852
11887
9925
4894
923
9756
1274
12533
837
4366
9339
6619
2615
10478
3455
3658
8465
3533
282
4885
12467
10266
13052
4930
7770
7235
4887
5188
3502
206
2674
8496
8383
5353
956
10951
8136
6864
10828
8818
2031
12341
3888
7870
9885
12905
10034
13299
6015
1457
12895
9283
9322
4343
9316
239
7731
1986
2875
1065
3016
8606
10504
10879
11656
8364
13187
990
2097
7023
4449
10777
10776
2548
9137
13160
121
8169
3943
2829
3148
269
4864
12555
1896
766
4689
11016
2570
8352
11226
8403
12903
480
10363
8399
10109
1359
12912
13173
9443
7587
6976
9490
6814
3779
13194
709
2659
1950
9230
6582
4314
553
5333
3126
1428
7811
4735
5720
13325
1545
11938
8750
7543
1551
11601
589
6437
8260
10709
12082
1670
5138
10102
3202
5989
3875
12902
1892
11555
9204
3152
6795
4411
7198
10860
5311
6410
8292
507
5009
8793
8572
12477
2786
11221
1704
10834
11031
4475
584
11903
11615
11973
7868
5061
4994
3275
11707
4497
13369
8700
4224
82
6706
10872
5641
3105
12841
4640
355
1743
9521
8093
4386
499
4312
10112
10874
3381
7501
1618
9102
11220
5323
7451
7155
6607
8659
6907
1798
12248
8672
10218
9662
2834
11471
11775
1622
9026
6156
2979
678
8998
10117
7031
12129
5586
5923
8957
1113
2412
11329
12181
3436
7456
8928
4315
3075
4659
1201
10609
2432
1173
13312
7157
12412
1913
8679
12302
8158
5788
10227
3459
5105
8929
5563
8808
7191
10318
5058
3544
2459
1625
1710
895
7162
4789
9750
6120
6
2192
1764
6696
4754
1422
5313
643
384
11434
12735
8267
12419
1047
5532
6137
12845
8012
9819
12843
10888
12526
7296
2452
12795
776
10928
10595
652
6220
8379
3802
11388
2063
6666
8434
655
1871
1881
9096
6493
9391
8940
4316
7107
5230
4541
3182
7018
1900
11116
13125
8728
4421
7994
1043
4807
12493
2707
7411
10096
10125
9070
6296
12243
10591
7288
4169
11700
11575
10030
11741
6305
34
727
7137
6998
12426
7211
3560
11685
7952
6119
11419
7318
3759
11210
7441
3883
6172
1609
8172
5937
2393
8710
10487
10208
9883
12777
10525
6690
4966
8133
1503
3922
12310
9844
1123
7512
689
6574
5400
1561
12869
13210
8882
7502
9837
222
6806
1769
8537
10937
3009
4924
4013
2346
6967
3393
10695
9421
6183
9550
1205
5721
1706
3556
9564
8316
2753
12338
13016
2862
11030
6540
271
2082
6707
2149
10791
1912
6959
10873
12602
7832
4375
7052
4911
191
10573
930
2601
5753
8064
2373
12051
2724
1659
5811
13121
8970
7720
4172
7575
8842
12750
3519
4891
8760
12644
11548
2830
12188
8895
6600
2770
882
3076
897
1476
11297
8686
1108
1951
907
11546
11203
6783
1247
2715
5881
5021
4791
9048
3526
9184
998
5726
8028
5931
13268
6123
13037
9395
7283
7359
1198
1460
7581
11650
6498
7831
574
8535
4711
3559
11625
4767
9575
805
414
2613
13185
2481
10884
8254
11759
2750
2874
8814
8108
2365
648
436
16
3977
10247
5913
3460
12649
11013
9972
4570
7644
9996
10871
2330
1218
11371
1793
12527
205
7611
2368
9405
1318
1866
6213
11642
10163
682
7409
634
13202
8790
5456
116
9031
9398
12640
1829
1439
3568
2974
8126
2708
11442
9760
10476
7813
3648
7516
626
11168
12250
12033
8820
12304
13220
6240
2820
13204
10249
6691
162
7950
7425
2554
7586
3291
5701
12552
11673
10611
10320
5007
824
142
595
583
6987
10843
12451
11681
1082
10384
140
1543
5231
10103
7299
1868
3287
4573
3902
867
7297
10586
12105
1324
1889
11520
12505
8413
6772
10971
5126
9417
5918
3956
10997
5390
9153
1361
12686
4051
6112
3078
11857
1442
3562
7349
7794
5531
13188
6674
755
9505
11904
4036
10481
11139
12017
11899
533
6749
4083
13245
11310
10601
9104
6252
11594
3171
3701
13146
7529
10797
1127
4855
3935
10121
3718
4289
4265
2632
12403
9073
12294
1848
380
11251
6961
7946
2491
10065
4063
12349
1591
5824
8637
13301
2966
7284
528
9257
835
7494
2730
2272
3219
5929
4832
627
12130
7216
3600
7782
9217
787
588
10488
3512
495
10927
8100
2161
8678
9754
9701
4440
12059
9513
1185
1269
11397
641
6224
884
368
6646
920
9585
6566
1371
10638
3426
10326
11854
6644
12249
8323
9150
6993
1846
6547
4441
1633
11669
4693
6087
622
11770
8046
3831
2549
4505
7701
9080
1077
6197
437
11667
2808
10738
1349
9107
6841
5605
2495
8978
12372
9714
7901
10730
5206
5114
6530
1557
3421
7285
3109
1348
5045
13284
4485
9850
11568
6704
12315
9039
3265
3660
9984
9910
3125
6956
6736
9501
1133
1110
11953
5227
5508
6374
7264
12496
12956
9504
8889
10858
103
1446
1466
1541
2380
63
163
6205
13060
2621
5262
5202
2125
3691
12436
6526
1331
196
12806
1322
1384
1919
9223
804
342
498
3235
3017
12472
4973
8967
12807
4968
5736
12997
5786
3376
4510
2903
9399
4373
6425
12722
7102
9959
5666
887
9898
10347
11005
8711
4026
8508
11839
5672
3586
6489
3174
11639
4012
3494
3509
1617
11645
6319
4324
6568
8618
5019
9155
4908
13062
12920
4407
8480
118
11085
7843
8576
11890
4756
6173
8505
10599
12502
9129
11332
10033
6049
4471
4280
11980
13326
1905
2959
10507
13082
2123
7533
23
2335
8378
1540
5203
4997
12673
7660
12808
11614
248
10186
10166
1526
3330
6195
6614
2102
4942
4359
6406
9971
4775
12911
8613
5305
8482
2163
4033
3870
6291
10673
823
5620
12535
750
6250
6208
8586
697
8913
1593
7277
1290
4590
7358
4571
11958
1586
2174
12562
3523
11181
8898
11406
8854
3466
5600
8382
11046
10755
3144
4143
1380
5608
8758
304
10076
8310
13029
9801
128
12149
4157
2519
11390
5801
3909
2704
10792
8536
11582
9006
765
1899
9976
9364
2860
9671
12973
12751
7592
8392
3331
9387
6100
11257
9897
11694
8666
9145
9845
389
9934
6084
4703
12688
11345
789
7604
10292
6511
8084
645
7478
2305
2826
4405
5386
5696
8300
2352
4090
4556
2331
10672
5108
2175
12631
6688
737
6052
10920
9548
2767
12716
8767
6651
4785
5247
6344
9790
12612
4857
8350
7975
4151
4167
11273
9108
3259
654
10222
4173
10523
10159
3179
2124
10748
5180
9843
8677
13017
13149
11597
939
1225
8484
9986
391
9314
1080
9969
1772
10979
1782
12689
12264
4356
4660
900
1567
1070
4690
7231
2662
3378
11884
10692
2781
12482
4990
501
13169
10766
12238
10387
4203
13378
334
11127
3837
2671
1196
5750
10948
1178
8887
11994
563
8275
2610
4934
4839
12311
5967
12938
6143
9734
4053
10138
9691
4149
5650
3046
8288
4472
3061
11888
2847
6040
6983
9103
1034
6870
6890
11569
11425
8013
11859
1559
10069
6424
7771
5347
399
5008
11708
4164
11889
4525
9312
7330
5884
5953
4509
13023
12132
10995
5673
12672
10830
2827
7394
8930
1498
3801
3521
8875
4712
2575
3975
12605
9711
11572
8089
4755
6917
9510
2246
7217
11148
9315
1916
1686
8471
7527
8174
5768
7724
5926
3757
1411
9525
4813
9873
11111
3453
4543
3140
7309
164
2688
6896
13101
2490
12430
8112
6129
3984
10767
4023
2153
3735
7434
2521
9252
5265
12564
3139
13247
2456
5658
7467
4098
4593
11883
3683
4676
2832
5982
1606
519
4214
12696
4208
204
8733
4268
7435
4194
7769
9116
4134
1681
11534
1835
2298
8367
58
10316
1882
7963
1860
2900
7058
4035
7302
7030
9087
12812
9522
1285
9539
10700
9947
1695
3325
4769
1117
5669
5818
1560
775
1771
11918
6911
1909
2381
458
11352
4108
9893
8340
12868
12180
13043
12211
9643
8223
289
9470
11149
7066
7450
4038
8716
8432
7443
11982
273
10566
2
12336
3531
12091
8141
5500
8366
676
11416
9157
198
7376
4193
2537
2360
8497
8326
12623
12604
11570
12876
13141
7024
6805
5383
6419
3273
3901
8575
10840
433
13360
7405
12888
7758
9724
8574
9828
6390
8553
9637
3598
10457
2873
9815
10465
8036
10311
12881
5577
76
5537
8217
10424
3616
10160
12709
238
10091
11605
5610
949
3316
2457
3973
4233
5090
12558
8927
2463
4559
2313
7199
2458
1414
881
11932
5598
11009
8268
7148
9162
11949
10025
2306
11070
10935
2405
6980
4871
4567
7446
8635
7528
7691
5503
5487
2326
7044
4662
10402
10734
6626
6875
3165
3120
5494
8638
2392
8270
9710
11671
12546
265
9295
6292
9128
5356
3390
2934
8731
830
9003
11143
11616
11120
6361
3341
10194
1121
2270
3936
11153
7186
11321
6451
370
2577
5957
1090
7571
139
4470
5164
8148
7354
2779
582
6486
8066
3276
822
5675
6827
3083
12567
4102
6678
6542
9696
203
7776
12455
9622
12551
11040
4964
13144
6775
5016
33
10027
1040
921
12373
3790
5307
1734
6554
1740
1834
1931
9205
12699
4606
6376
12083
13314
6726
12940
5589
9663
1614
1489
3684
1840
6926
10454
8159
6394
9943
3400
2748
13001
10392
8086
10764
10898
12950
1370
3301
6068
12089
6124
3845
11456
8935
2391
11254
12931
2372
7752
5947
10077
11835
2752
11337
10688
12485
7487
6596
7128
3293
6504
11959
8688
2607
11817
8138
4938
3792
8598
596
4159
12986
12303
5858
12096
6882
5365
6263
836
6495
1471
138
8938
6109
11228
4540
10491
9547
1267
4158
9459
2353
3213
10706
5647
2003
4594
4016
1291
4019
11780
10174
9480
12816
5412
10041
1552
7755
10264
10667
2576
4046
1928
5256
4253
6449
12985
2498
10272
6360
5445
4842
12379
7245
1991
8445
4596
11990
7871
11695
11619
12710
9144
8999
10471
5970
7344
5228
275
6873
5627
1395
1965
7984
9374
12929
4555
1863
78
1996
3107
1197
10659
1025
3564
12056
4317
1041
3172
10544
10924
11237
11608
1114
12771
2574
1655
8782
72
5832
95
7778
6618
9060
6738
10180
149
6048
2078
6483
9630
168
5310
8421
3349
12217
7834
9367
10826
10887
10418
2755
13182
878
11816
5107
3729
1190
8852
5719
2555
4613
9590
2742
1314
2210
12022
8745
2261
12137
13075
11151
9656
9211
860
7764
4284
7739
6636
7491
11370
10509
3432
3106
13309
7808
1536
12723
9652
12183
803
11984
944
9190
9673
12267
7229
5463
5815
8847
1722
8489
4120
7193
11075
6168
4656
12223
12490
9406
6585
13263
2536
1773
7226
3846
13026
7078
2973
12933
11808
8385
8290
597
1558
11043
7179
101
5890
7207
9308
4259
889
4925
13063
6255
5381
8955
2530
1372
12974
6331
2387
12314
12541
398
7053
12385
825
13278
12638
842
1273
6164
9392
11732
4329
7320
7686
4931
7544
11304
7857
4188
7923
6108
9051
7726
8163
10617
4804
2546
7503
8166
4969
5703
9592
9434
3826
9451
1079
7615
3713
7114
11383
5511
12371
1315
10522
4340
6755
4734
8137
6440
4717
12765
548
9291
1368
6290
5538
7563
10342
5596
5711
8162
10346
12733
4536
3798
7846
13352
12066
10529
2763
8213
12111
9481
11399
10877
1023
9248
12253
3884
11750
1973
3760
4240
13180
663
927
2128
432
3863
12108
10947
9123
6269
531
8738
7617
1616
10800
6005
1333
12381
401
6689
4729
4617
209
11968
5560
1019
642
5150
1657
9100
10106
9892
10851
13249
2956
7578
3423
311
6722
3044
6702
5571
2889
4057
4992
11906
12300
4484
3961
10054
85
9904
4155
6118
4724
6414
154
2940
5255
425
5391
10004
13046
1385
8989
9692
9902
11617
9397
7658
8272
6004
1791
11844
1613
7255
7061
496
8772
8548
11026
7728
3772
8371
12395
7477
10719
10189
12655
8519
4393
2464
3662
12008
2215
4758
11677
11402
4297
4205
3842
3209
2404
5384
8189
2137
3317
7646
1394
3435
6329
8095
12190
12721
2951
6355
12239
12492
11287
9651
12450
12760
11867
8173
11109
12908
698
6294
2111
4327
5099
8077
9866
903
9588
1276
5822
4560
12732
1518
10269
7060
13151
820
13295
7218
12848
6536
11776
576
3805
6836
2193
5744
6392
4831
1569
8185
174
13056
12422
12497
3047
662
10914
6019
10788
7256
3022
133
9941
6303
2739
8798
5239
660
3267
4549
2339
1366
7637
10723
3647
106
7222
10938
10987
10212
2189
4672
5907
8583
3411
8836
4515
2995
8906
11459
7281
3958
9527
8616
2304
9158
7328
8313
11465
799
3441
12237
9335
1470
6472
7656
5363
2489
6684
11350
5950
478
7649
5960
9025
6789
10875
7479
11343
8411
11612
12024
4116
3340
7928
829
10461
10001
440
7213
8426
9469
7800
7949
11609
7925
751
5408
9915
12989
3508
10447
8302
9848
2928
6453
3438
9193
8552
10991
9634
6798
10958
7298
2772
5000
11308
8105
3617
7509
2991
13264
307
10261
2233
8630
7706
7622
4526
5046
10625
735
3806
1404
7673
9940
12057
2835
4848
11691
8147
4965
3266
6948
13329
706
1328
9389
8994
6346
6130
12656
9596
6438
1841
9351
9706
11731
6447
10371
11557
2598
2475
8850
6557
1980
4598
5810
11727
51
5495
7171
1792
13048
9059
11782
8866
8632
3006
3410
2442
2727
5289
13039
11603
2562
11676
4747
3911
10569
1652
4176
10869
8451
2526
3920
1807
11029
10483
7765
8683
2927
10818
9242
3054
12115
9188
5699
8778
7209
5948
3207
5949
3296
12739
9542
952
9430
7913
11876
4877
12675
3782
12626
9914
2171
250
1430
5632
5802
7639
6969
2418
12425
12991
4731
2608
11461
8376
12850
10235
4927
6699
9742
6182
12276
5158
9826
5559
7625
12789
7471
7343
13139
1066
1056
11114
3643
4532
7470
9309
12036
9021
3086
6519
5651
1729
9737
6986
12055
2935
8209
2014
4987
137
494
5820
9063
3604
459
9600
6275
2349
6597
6735
12441
8578
8765
4787
12994
10473
10739
7490
3229
7539
8353
8437
1493
8931
687
5272
1662
7535
3582
1623
11744
202
4322
2754
7378
48
3007
10940
9868
1922
8558
1966
8140
2127
10784
11784
10040
5337
11266
5997
7307
12758
1893
1906
2823
6792
2060
8588
2749
11276
11722
170
5411
9905
5728
2037
12684
5725
2449
2158
9379
610
2177
4512
12528
854
1263
12770
11363
2280
6134
2118
4165
4467
7553
7518
71
5634
3361
11514
2579
11499
9216
7067
557
1164
249
9533
11798
9276
10662
962
11473
1651
4354
4547
7252
11376
3675
6851
10765
874
11155
8629
1238
469
7345
9176
10191
11385
1093
1029
710
7092
4372
4591
6891
1044
4152
10300
1564
9859
9440
12617
2479
4136
6020
13265
12591
8845
2850
3574
954
7334
6029
2301
10192
12216
12446
2703
7034
3064
8718
2664
6022
1983
12635
5344
9574
6773
8984
12279
7876
8590
2477
11167
7430
542
7225
1527
7427
12954
9437
12010
10044
11058
11909
744
7371
2345
1226
11587
6388
11581
9422
6804
8475
4181
7150
2390
8322
10576
9604
4943
863
7243
12487
13371
1183
1544
2310
6640
1776
6218
6271
8337
3903
3186
8639
5794
7780
10396
9628
4799
4209
1718
1688
7083
5482
12780
5044
12701
11497
9668
10768
3347
1118
6391
6310
13044
9945
9781
5051
8109
7762
6575
1784
3462
12941
3038
6924
11588
3161
13093
9151
3146
12917
12172
12755
6204
8917
11611
7900
13018
2806
5475
8674
9066
9960
7325
5489
9682
8868
6941
7740
3921
950
5920
4517
7574
1675
1992
10148
9013
7322
11493
8208
4161
13272
6169
12503
10501
1456
4125
8785
11177
3940
5176
6617
1277
5219
12904
10486
10378
11901
11853
10554
991
11104
11180
9239
4681
7419
5120
2818
5974
7339
7407
10558
4500
12407
5208
3404
2744
5900
3247
7980
3795
1075
12409
6184
9136
9624
9483
6401
7889
10202
3928
2865
6357
1128
5070
11506
5340
10917
8156
2336
6796
4854
13021
1610
6432
3470
9677
10287
6256
1081
3775
5864
5981
11659
10085
6266
11426
4619
10048
10728
8440
11556
12480
7805
1144
677
2986
7802
6531
11734
10724
5935
13327
7884
8262
4455
6470
5166
12747
8749
9246
4435
9802
5349
148
8902
9615
844
2396
11871
2279
2283
4049
2775
6166
12692
9623
1809
3876
2206
5459
3960
11997
6573
7972
11502
7695
1507
5104
61
9474
4213
2181
5816
6058
8580
1590
2609
12265
11530
7323
10335
3440
5083
6782
5785
13214
7568
12981
3711
3474
2126
9908
4301
886
11752
11250
12285
9438
4633
4374
7546
3290
7572
3164
7835
6879
4584
10277
6960
11537
3929
390
13152
10527
3312
4519
11174
6175
11200
5439
6222
11653
10903
4809
7046
1908
9806
9164
2223
8446
4305
1921
3253
8959
11632
2092
3250
4358
1649
11832
2837
4177
4856
1852
4443
1415
7519
87
6309
11314
3661
7021
9296
4454
6086
762
7723
12362
9495
1879
8932
4817
6372
12109
9770
9964
8473
182
1969
2561
1497
4760
11786
7918
12171
10902
7436
12175
852
12025
8319
8825
3773
2043
11052
1979
5936
4978
6389
4103
3153
8986
1262
4258
7537
4631
11740
11765
7278
7867
10419
11246
664
10661
7522
11977
3128
10628
5374
2494
2152
5429
2252
2493
12793
5092
1735
5639
2105
4850
5499
3695
13257
3025
5769
4275
7005
6444
2954
11301
3786
9396
10598
6306
3444
1821
2040
13083
11811
8329
5659
3472
7746
9022
12232
2597
2447
12597
10705
4009
9419
11967
581
6402
8178
5542
2400
2249
11960
10711
12355
7270
1363
8221
4048
7215
7246
5438
936
3584
9462
7079
4084
9241
8903
10246
11124
1358
12942
11490
9266
2797
4553
2221
4624
13235
4645
4654
10018
12783
653
7854
10275
187
3315
729
12309
8222
11805
3981
7955
2617
7633
2087
1755
8573
11870
6312
8486
2023
999
10978
7525
4566
12296
2255
4971
6277
5460
9818
2984
4434
5448
2930
13216
9416
6587
7652
4239
1403
2147
2492
1311
10990
8918
1530
5001
3136
5613
7538
11974
7089
12636
344
5894
9552
26
1744
9311
7124
9095
8509
12146
7932
6397
2354
9842
10373
13120
12515
13236
5316
5707
9269
6249
10079
2553
7614
12354
2655
41
3062
4794
10074
4447
9159
3758
6485
894
3373
12092
1355
7039
12489
3104
8021
11435
12610
2650
5341
104
2896
10308
2376
6462
8125
7861
2259
12269
12408
6583
3334
3449
12815
7269
11267
4432
4055
4551
2684
46
11218
8087
8565
11064
5362
11361
4270
2077
11008
8231
10446
1822
8242
9147
6518
9333
477
12645
5011
13256
7511
13283
10703
7152
229
10680
9551
12465
9535
11001
11328
12853
7154
4981
4520
8342
4232
3338
12308
4414
3788
7448
3824
13157
4338
5519
13013
253
6840
7727
2759
2531
13107
8947
12278
2508
6426
9965
10184
9621
11041
12627
4
8691
3745
6546
10756
4244
12241
8560
12398
3937
6465
5394
8890
6315
395
13207
4307
11771
1947
9008
1758
7598
9616
10859
4357
1843
9410
5253
1803
5040
11135
3221
7444
12290
6358
11589
8216
7945
12439
1761
5367
7201
543
9785
5185
4883
10314
1960
11384
2629
12168
7156
12245
6670
6436
1632
3670
9559
9447
530
4834
1708
3346
7165
9993
2852
2133
1954
812
8689
12202
647
10262
6502
2076
11099
10716
472
10416
5874
12651
1957
9968
5115
2793
9036
4488
10340
2559
4077
9519
4062
9140
9632
10115
12646
9050
3913
11678
7421
13190
443
11964
4460
3639
2854
10372
1656
6101
3463
4874
918
4873
784
9426
1660
1409
649
4766
7492
7570
9358
12258
2010
7944
8104
5199
5224
1091
522
1406
7113
12708
5189
7602
12366
4008
5078
12378
885
12112
2403
5617
1287
1352
1330
4685
9394
5933
9381
2057
5225
10273
4323
11195
8675
4124
56
2050
10239
1265
3527
12459
5984
2265
9492
11522
9823
6625
3848
11558
3210
12900
6958
7108
396
1853
3986
10494
8219
6144
2938
227
12157
4403
5665
2950
7547
10787
9352
8239
12919
5424
6835
10547
6336
1553
1731
3706
4017
8341
1401
7090
8948
4119
2070
6433
5543
5576
9306
8264
8005
6913
4840
100
4958
11178
446
5925
5213
5694
6150
9175
10744
8911
8014
5288
5612
1353
6185
13191
1306
5545
8757
10757
1856
5082
1728
2172
959
6560
1845
6274
2918
1953
11797
8357
4882
6515
3725
1481
10761
10193
4129
2287
13134
8177
12445
2840
4508
10490
3014
4182
11515
11783
9072
483
9177
3588
12191
9719
3434
11905
9196
2851
485
3768
2067
5812
3535
8705
2899
11262
966
3594
7262
1227
5917
12042
4949
11711
6577
338
8396
5095
8979
6728
873
3237
5467
752
11630
5831
2923
11815
6276
11333
745
424
11686
9328
10061
2314
9524
7065
125
10717
7943
8284
2254
12054
5752
11128
10546
7623
5119
5419
9094
1313
11721
1679
1578
13212
12473
5457
3550
12726
7880
2776
2437
5370
9935
12382
10715
12194
7715
6327
216
7853
1898
10182
9833
8249
11229
9254
267
8372
2485
4902
12666
6334
7
4422
12947
10697
3682
1753
11739
8596
5415
12242
3854
8107
8851
10008
13347
5993
5133
2120
738
11222
2996
4406
9784
9433
13168
4646
11443
11991
11647
3443
4381
3505
12725
8187
9388
7671
1312
1621
10231
1785
8517
9212
9836
713
13036
1962
4415
6734
6198
932
2502
6268
598
1241
7486
5207
2451
8240
12628
8373
10281
4905
7167
2363
2344
10196
1936
5880
3280
9409
394
12365
12972
4699
1147
13346
13003
7751
1284
11580
890
6974
10829
8495
4139
1636
11988
6933
2269
6373
7416
7890
4458
8973
7399
3862
8541
442
10534
358
5956
9835
3143
11488
5121
7357
7664
6524
3269
10375
4740
11961
6952
3611
11799
10195
4286
10741
2582
4516
10653
4737
5529
1713
11948
10668
11952
11510
4975
388
12792
6228
1152
4575
9027
7300
13172
7693
666
5921
7074
7856
9132
4496
2599
541
11071
11225
4781
2689
25
11277
5076
6347
2990
10421
1243
5264
7730
2271
1976
9736
1252
5309
8833
1496
11258
12391
10288
10355
2185
11021
6234
9247
4313
11921
13336
902
7914
10600
9350
6206
5849
3194
10640
7564
11725
13080
6940
7881
893
11657
10071
6801
957
11211
10771
12468
7062
60
11749
3579
1646
3093
7029
12312
4746
2414
1661
2516
1494
12704
5151
12186
12020
2209
4793
5295
2263
13103
12678
11939
7335
10564
2859
3907
13274
4230
8514
2085
4564
3292
2240
1454
8477
13164
2692
4688
1440
1851
6091
8170
7027
5863
340
2766
10420
10285
8809
868
12772
1537
8660
3227
639
9516
8029
1413
13035
12331
5568
6943
11915
10998
9680
1746
7385
658
3272
5930
1140
9078
6311
4095
13361
10379
7926
9755
13067
2790
7366
12642
2200
5093
11283
6243
12927
11373
4121
1245
12271
5345
13196
2030
2009
10856
12460
492
3970
2853
8055
3216
1305
7590
11216
1388
111
6284
3811
3063
6823
12671
2926
1129
1855
3982
1721
6819
2879
195
8153
11498
5417
11926
6071
11207
2355
10783
9879
8067
9638
4776
8436
1002
5702
11511
11692
7204
11215
360
10211
4979
5549
1279
13234
724
10572
1410
511
5527
6900
422
10455
7440
2268
1103
5241
13112
5294
2001
13374
7118
8952
10552
3246
12449
6381
9608
10328
8743
6569
2957
8804
7606
4383
7495
13365
438
4961
7457
9544
877
2813
5737
7591
1096
8962
10837
8359
7916
8188
12958
5547
5757
720
2894
7059
1009
5963
12481
2424
6430
1647
3053
12070
10397
3652
12170
2080
1208
13181
8579
1677
12356
6106
8358
1778
3514
8593
8908
1137
9825
3406
8142
6632
6878
7866
7076
6853
5132
3558
12004
12006
7983
11661
6579
9649
3630
788
5905
10052
851
5691
3353
5662
3513
4673
6871
10256
12603
5869
8937
2993
7469
2782
5025
3900
6977
3439
13357
351
11351
13148
672
3590
10647
9456
4091
6317
6367
10324
2322
13189
9119
5260
3372
7364
7820
4820
5329
9484
3815
9561
9464
4823
7661
4392
9294
2389
10135
8042
5889
9007
1116
1418
3328
856
11843
4311
6571
6562
6508
3686
5674
5156
7514
6669
1254
6934
2048
4298
7129
3685
3490
12058
13228
3820
2953
207
6443
11460
9068
6351
10095
13158
12387
1204
10922
3651
12652
535
7352
1049
2168
13269
7985
5688
10327
818
2913
10175
10260
2385
11920
1924
544
5174
11214
8756
2858
10330
467
2915
8870
3704
3278
1805
12817
5450
10627
3
7311
4349
2496
4199
10236
9113
2917
8243
10943
5954
4837
8696
5942
5927
4538
5793
4309
10428
566
13030
4034
2522
5681
4577
2773
6682
10226
4743
4581
10265
7350
4647
10296
5483
5748
1956
11484
2880
11900
9029
2284
7063
9839
6301
8287
5430
297
3204
12892
6136
1217
11249
8220
8701
5588
8976
2743
2198
13246
11733
7911
13231
5234
2815
157
1219
6850
3843
3830
628
13353
8746
7681
10113
2737
11316
838
2289
11243
6073
10022
8134
4851
1742
2963
7337
9557
12563
6045
1522
4714
10648
4071
8291
6341
9872
2002
2905
3090
3458
7662
6622
7386
8000
13328
11084
5934
1452
8305
707
11157
7054
7971
12677
5125
11417
3321
10023
8271
2968
4980
6920
11791
8783
11540
9206
3573
2717
1027
2600
3746
3926
8401
10441
5466
4644
3497
9631
10165
9415
3980
11415
1588
10408
9251
3663
7682
279
7200
12870
10450
4390
4923
7000
12125
13229
4537
12040
2619
12754
12434
9454
11825
5939
2803
8812
6097
12661
7510
6469
12154
10677
12875
8695
5761
6487
9279
2831
8068
8075
6623
12830
8057
13156
5541
8423
12668
9749
12519
5897
9869
5371
1224
1684
7360
13291
1989
2242
6300
6199
6409
6270
3551
1719
1399
629
12860
9146
3897
5731
2904
11545
6297
9303
2506
2758
3018
6079
615
5781
5097
3947
10702
4697
3036
11809
3748
4852
6567
10119
11917
7071
10732
705
10679
10072
5630
7818
4097
2333
3844
303
13115
686
7700
4112
11935
10124
5010
5440
10480
3851
9131
3374
12068
2160
10395
12523
1589
7101
285
1520
5625
2816
11886
6908
11302
4909
2134
241
5149
6733
12252
9813
3606
5379
3674
12283
7569
3850
6727
5621
633
1682
6902
12427
9838
73
0
3866
3869
10708
9772
4650
10805
1335
3554
3781
12169
386
6877
8713
6006
2324
3369
12773
11338
1167
8954
7408
3368
5030
3576
12679
2243
7742
6624
3810
4163
5841
5484
5375
7847
1487
5497
5274
3059
11983
9018
11004
5830
7338
12995
6254
4948
8753
4279
9142
9816
11083
7773
6849
3671
4643
12993
12041
3100
1763
6078
8721
9977
8697
2705
10960
6613
4778
977
3965
7997
4947
10031
1736
8768
5471
2505
2769
12566
3261
9917
10955
4937
4229
763
993
7694
12549
12871
7749
199
12213
8644
2166
7594
1678
4638
8624
8544
5847
2611
9082
13358
3710
9645
242
2058
11562
13099
11774
11245
7131
10026
5565
13242
10699
8415
3952
3485
5893
11593
6751
779
4245
9792
3407
7195
2788
7610
3605
6499
9408
5339
5112
10524
3344
49
8651
4936
12831
13
6431
9726
4162
10579
8127
1382
5211
8944
10470
5081
2939
9101
2567
6153
6259
2890
10164
4110
1159
1193
2044
3618
6244
12962
2602
146
8792
1550
8407
2294
9796
6951
12565
11586
11916
4093
659
6945
3382
11714
491
5661
3761
1004
534
8995
12432
2989
8389
276
12508
8157
2729
5462
3118
2914
10696
8673
12945
11454
1601
1883
11675
1338
10360
973
12002
9383
1289
4428
12660
2039
3882
5901
1234
1506
11224
1141
11093
8381
3336
9856
10493
8704
5614
10233
8595
13064
8831
7468
13315
10309
12583
1444
12734
1177
2188
7792
2156
1739
10852
539
7791
7624
6349
794
2690
5469
462
237
11504
12980
3572
9390
3114
967
10795
5157
10274
12939
2319
5436
12595
3300
6797
1209
6947
12736
6260
9001
6812
5514
631
8972
5783
1109
12160
6353
8961
11693
12060
7303
5214
2295
8781
6852
12763
9961
4732
4722
10994
6065
849
924
13000
2583
6982
10575
1533
4498
4667
12836
11119
9926
4892
11796
321
1903
8896
1115
12800
6656
1275
8008
7234
13213
7084
7293
11103
12727
9259
7618
6398
12153
9998
1020
7159
3765
2846
10462
8564
5521
10024
6416
4047
5951
760
13078
4773
10718
7887
2791
10759
2922
10100
8817
866
13132
12145
11762
4462
2712
1323
5080
5986
8431
5215
189
11824
7377
4287
4075
371
8083
9499
6647
11845
12284
5722
1230
8343
6377
7748
2064
12897
11527
12693
7659
8110
10929
1162
10789
8145
12442
12584
9700
6551
8634
4135
5358
9331
4086
4858
13275
11950
9916
3917
9361
6422
4548
1663
5423
9641
5308
11468
656
2751
6069
5717
7779
13321
807
9587
6299
2004
8769
9861
12685
9058
6880
10563
12152
11947
7111
132
11377
10116
3954
6705
6921
7939
11206
2691
7093
7819
10412
8448
5155
1253
5218
10561
7287
8981
8857
11827
1573
9334
8581
6056
3488
961
6764
6035
7998
1653
2286
13084
1624
17
12588
12791
4582
10953
4463
11446
4000
7203
2325
6481
5985
7497
2006
3964
1995
10735
2665
2556
2566
9229
5368
11877
8773
728
813
7375
5366
10886
8709
10468
67
9046
10460
9260
1642
8834
3635
827
6501
10179
12226
2625
13135
9938
12048
6033
1360
10183
565
9877
6219
11409
294
1161
3504
2547
10992
5618
6780
11002
5413
4377
5706
12383
11354
3068
9709
7589
6404
4653
2074
6648
9619
7403
8214
7840
2552
9688
772
1668
1511
11374
608
9562
10060
11476
4706
493
8625
7993
3236
7690
8977
11292
2944
5859
6716
1015
7670
5035
8975
4586
22
8384
10489
3520
13251
9805
11517
10778
2634
4131
12386
1483
11044
12209
4705
2578
670
5518
722
11231
1336
5765
3113
11066
1125
12814
11172
6843
6650
4138
12592
11088
11244
8969
3428
13032
1885
12193
7301
12637
12707
2211
3737
3416
12896
12342
8273
2503
6664
10257
11412
2764
1933
10332
12377
5299
12964
7534
2307
9791
9054
2033
1378
2035
4310
7481
4321
6929
680
5322
9699
6455
4982
3646
9810
12327
8191
7560
8501
9717
12363
4691
5485
11080
10820
4261
1968
6510
12518
4552
6578
4247
12963
9219
1515
12352
3741
11017
2024
2264
11061
8826
10981
5579
2589
3239
10093
348
4132
5591
3542
1474
12898
4523
10381
9338
8797
7317
1894
2434
4150
4189
4957
9809
6807
13303
5395
7133
2129
3409
12730
6105
8997
1166
7613
523
4700
4913
6754
10082
7554
4450
5738
8858
7452
392
11962
12447
5741
96
6009
846
9511
10142
12557
10604
6828
11578
6763
5642
10557
9780
3489
2375
4074
9613
11268
3620
1231
5540
10127
10080
11660
10714
1132
1156
12049
5704
6559
3437
2842
11703
11364
3241
5616
5800
6217
2220
6034
4768
12029
10838
5032
9614
7187
10452
11874
7915
1407
11878
5756
5603
8072
3156
4986
2108
7903
9867
6829
3147
12682
3124
2230
13367
5653
2867
3092
8885
6157
11324
10238
11247
1062
1063
2241
256
10519
6893
9038
1435
2810
4682
4360
3570
1233
10961
3904
2765
986
12231
2049
2315
12150
9563
8603
12531
7174
9953
8648
11067
4271
942
2687
6595
5645
10456
283
3199
7139
4180
11365
6013
6407
12630
6744
10350
9541
6448
7548
6928
2194
2321
3445
12463
6808
3868
898
12952
1842
10854
1097
8982
11933
1703
3763
12906
5535
11925
5266
490
10206
8230
12803
13170
2054
9097
7713
8070
937
816
10605
2584
11450
10006
12421
6162
7035
13038
13133
2317
9002
5348
190
160
11160
11885
4466
8265
197
10713
2088
212
10596
9213
9478
5109
5561
12653
4118
11849
9894
7176
5245
3167
11634
5776
8799
6732
8708
792
11790
3023
9890
4999
4621
7696
7974
6492
8285
1961
6216
9851
2620
6288
319
786
9929
5148
12951
13280
7504
1667
68
9450
11359
12624
12891
10357
12769
5393
1732
8417
10722
10775
5405
11705
1641
6110
12538
2988
9498
6320
4886
8199
2445
8534
4796
11035
7258
6497
708
1402
12731
11265
9864
4060
8175
11420
2670
2941
4628
7081
301
4481
11726
12215
3696
10670
9675
3080
456
512
9733
13114
12135
6550
7902
13007
5710
1386
9577
9034
9468
6167
1295
1603
8339
2415
295
281
13226
6302
7266
675
4600
12275
10168
7070
12847
12683
10857
3726
8303
12201
7996
848
2892
6081
5075
11100
3946
13008
8452
2501
12614
5175
4896
2804
12461
2103
781
11688
2468
10562
10313
616
12863
8151
7612
12086
10849
5652
2151
6532
7566
8225
4835
4251
10626
12118
1952
8822
10078
11946
1155
7772
1168
12297
9268
7987
8803
8770
10089
5677
5805
9748
5023
4630
1539
3008
8843
8330
1288
4670
8052
7793
1011
9858
1542
6324
8608
12126
221
3208
5971
11270
11255
8507
5817
6642
12098
12358
8321
5679
940
9787
3286
4610
1278
9293
6811
3377
9330
1465
11512
6652
4838
10892
908
12030
4223
4499
6862
11763
5017
4546
378
5036
6534
5979
8813
2099
5492
8612
3644
5509
3310
5685
13354
9975
10059
4568
7020
3486
10891
7550
8555
487
8865
9571
5648
2282
3483
3857
4201
3129
12151
10020
3069
3957
7883
2908
8779
3891
10790
3762
1050
4325
3807
4919
6714
572
2170
12072
9586
5975
1286
3121
2079
5574
55
123
3995
1640
2592
12414
5952
11396
3189
10528
6719
6641
6370
13230
9304
4588
117
471
5885
5198
9698
6146
1433
11658
777
172
790
11804
3583
1346
5995
246
4300
11944
12100
9895
8607
9591
4416
2150
2616
9023
4291
7170
10678
3385
3730
10228
4625
225
7869
955
12785
10014
9218
12330
4661
4572
3750
9178
9931
7919
1872
3230
13337
7567
2117
7080
12494
2487
6777
694
3079
3566
10161
13129
11478
3422
4267
4904
2937
11422
6916
10329
11134
7938
3703
13042
8512
5331
7098
12828
4811
3399
5354
6466
6581
11666
2587
1054
13127
314
10608
617
9531
7815
7144
3482
7667
6742
24
1256
10907
7842
11747
4226
5861
9974
3978
10155
12820
11375
489
13111
5556
10517
577
1351
8641
13178
3668
980
8619
11956
10736
12766
122
10890
2026
3058
12123
10404
7049
5103
9716
5660
10880
10925
4939
8202
6067
7429
4473
4417
8027
3191
13102
13244
13266
604
5991
12648
365
15
11922
5837
938
9556
2164
1074
7774
504
13262
2285
9208
2877
3242
12889
2992
3094
5743
3547
3924
12272
9289
10825
11812
12305
13193
10786
8912
5668
10746
9237
9152
9497
9852
6643
946
10850
11591
7239
5002
2446
2594
1572
12299
12599
4353
4117
8304
5167
10425
12374
3264
13079
3528
10689
8633
3809
7981
8794
12428
10836
1170
5867
7810
4637
8085
9599
4242
10578
2512
1210
6434
5298
10181
10985
4915
12811
970
2975
2723
701
6881
6016
1521
7882
6953
12182
12607
12548
3097
3990
1737
13057
11652
12598
5664
8061
3240
10733
377
12410
7826
12756
1417
8356
4780
3931
13215
4348
7809
6638
9482
12102
3538
3873
5378
2476
3454
2178
5914
2473
7754
7940
9245
9584
6383
2379
546
10220
5296
8438
7476
7294
9384
640
10434
2428
8117
3645
2535
8114
5607
4113
5205
6363
13318
10785
5789
7500
9286
2199
8810
3819
5473
2942
12325
9457
11204
2716
9606
7206
4402
10198
11340
9354
11284
6177
6258
9992
10650
901
1939
6066
3154
9375
2195
10369
353
3580
7380
4122
10643
6063
10845
6523
1421
7735
4895
8318
12545
9221
11663
12745
858
2693
547
5052
11369
12753
4715
7353
5708
525
10304
592
11696
10863
4744
11895
10090
10496
2443
9982
12819
6111
11542
11894
8122
6283
1759
7414
1157
1016
1531
7620
3817
42
736
7912
10475
5687
3989
7130
3839
10812
463
6621
6083
4863
10968
2756
2484
5488
10811
10868
2159
3102
8368
4901
11341
5551
11327
2011
9703
11706
12368
12011
13359
8904
9811
1754
5516
4686
4935
753
7210
5825
12992
12141
12394
5705
288
2653
11227
326
11452
5912
4713
11842
9761
4861
9928
5771
1119
4493
2328
6525
7906
12849
2666
7314
2964
12291
9932
6788
1774
1926
8474
10436
5908
10299
7096
800
9135
3184
11787
9906
12506
515
13123
3176
6242
10593
1308
8398
2845
2407
8684
12165
8011
5512
4574
10721
1111
9154
7472
9841
4288
8892
10039
9697
4283
6950
7175
7753
359
3615
8058
5283
2038
4860
4569
985
10909
12292
10185
11500
6194
6338
13379
10007
1712
10526
1092
4668
11347
1248
12700
12553
10819
1228
8071
119
3243
12662
1213
10352
10781
8056
1687
8469
933
8600
11391
13059
12
4101
1767
5327
7197
6122
7032
6356
12879
3212
3697
5836
8386
231
4030
5020
4663
11289
5904
1491
9228
11571
1596
9672
10067
6074
7454
10492
2571
3081
3999
13076
4272
7146
3345
5636
9896
8905
7158
1153
6113
1028
10621
4257
6978
11140
1929
145
8971
1836
11976
7257
12728
5887
1000
4371
11599
7859
8425
8871
6286
10624
12295
8351
4346
8161
8402
5813
10642
4196
10336
4107
12670
475
3364
10317
9109
3992
13238
2564
12281
447
6165
11161
12577
6412
8582
10939
8647
7458
6293
3997
2550
13279
1985
4922
3769
4087
10556
9507
141
6906
580
3813
286
4378
503
5059
4614
1423
11039
7784
690
10865
9446
947
6179
6025
13128
11199
3360
3633
11628
6399
8839
1072
10590
3057
8939
1886
10685
5873
9830
7965
6461
12317
9471
2652
4583
4318
5870
13055
5791
7896
7233
12075
2384
2780
6521
2792
1069
10388
1726
10619
8406
11945
2569
7585
5409
6899
10162
10967
7383
12872
403
8789
4872
4649
7387
9817
1
10147
2998
259
2663
9603
12064
7540
2045
11159
12804
12185
11429
7127
10707
1997
10511
4399
369
12786
3200
7455
6758
10904
2640
3529
5978
39
1911
5784
8566
9467
4396
9244
11518
2069
10870
2551
10341
323
10942
7404
402
9942
11096
2235
50
2757
5763
4368
1438
11629
1398
5580
2604
1462
7895
4183
5350
8022
13137
7787
10905
8567
8748
9067
3185
9344
5876
5584
7392
1135
1993
1963
9222
10154
10916
5165
6675
12877
1169
7922
374
4052
7104
4801
8062
9520
4491
11610
5369
4105
2967
1120
3561
2081
747
9610
11263
9347
3234
3673
7936
11054
6140
3932
9676
6514
13077
12078
2470
62
11583
4154
8139
5209
4202
4059
8949
11006
3847
6012
5100
5520
2563
8375
6308
6463
4299
7291
4080
38
5772
11
2898
10152
13296
11858
12176
12826
2863
4081
8599
4070
12580
9407
9099
1086
6802
11192
6261
5787
412
10409
178
8236
5857
10861
3637
12361
1195
12856
11290
6649
5557
3575
10130
6720
1581
1512
6188
8943
6979
12476
5570
476
6326
10510
13255
7391
10334
3026
10385
6473
12779
4535
3072
748
2034
6768
703
7775
2656
7801
1723
2184
5455
8720
9740
3000
573
10209
6506
4503
7370
502
7956
3289
10803
339
3679
9888
4345
9853
7954
453
3332
9200
2695
2711
165
2680
12544
5946
8245
8754
9686
6766
1502
9270
9609
5091
3495
4542
3188
287
11187
3613
10506
3889
11209
12364
272
11699
8412
5360
665
328
4438
8667
3597
10056
10298
5758
5041
11129
2876
3279
12932
3418
8120
5780
2399
11743
1373
2250
11298
5833
10710
3892
1637
6995
13124
2098
5909
4527
7536
2778
385
9431
834
8256
2288
11169
1981
8980
3991
112
10359
4006
2962
4050
593
5055
9281
4918
2517
9186
11098
5195
7439
10057
11105
7398
12641
5064
11234
12099
13363
9794
2388
10933
2366
9900
5808
11764
2924
11942
3043
4043
3173
1568
4304
6225
3151
11822
782
6731
3190
9980
11643
2943
255
11186
10801
11668
9423
6800
4679
6745
11315
7898
2885
9991
7336
2234
7237
7986
10205
1766
434
9489
8627
6915
10440
13165
1188
3976
12462
9731
743
6427
12611
4635
13162
181
5819
6365
5821
1923
1864
4763
8180
3051
3808
2891
3770
7361
12136
2012
4976
602
9386
13205
1191
6989
9949
7363
11368
3112
1060
5807
3681
1354
8150
12184
4141
8806
8476
12521
5067
4940
912
75
12838
2866
3032
3787
86
8179
11197
10740
10993
3263
2999
10646
614
7161
7942
11907
9282
5037
7582
322
12287
2672
270
5723
11965
1571
1405
6824
6703
12256
5564
10962
8422
11869
4426
3386
4727
11431
11122
5278
6837
5713
12901
13254
5593
1242
4029
11970
9901
10219
6133
12236
320
6946
6778
310
4759
10630
10839
12839
12144
9092
6023
5663
5844
7970
5161
9605
8916
6762
564
5113
4879
2785
8043
5273
3192
12539
12778
10808
10146
235
497
2909
2994
11998
9647
9201
1562
5502
12110
4486
3123
7789
11305
9702
13070
5027
5043
4733
2257
13106
1974
7466
11503
13252
5972
6226
9141
6036
10289
5047
10986
3329
716
691
3627
6833
325
10963
684
6429
10358
4179
1524
2504
6957
2266
3245
9449
5892
3933
372
3042
10200
10230
5902
7449
749
8493
8171
11508
11145
11150
4991
3233
2931
11282
10482
2083
6761
3343
13090
10701
5116
826
2809
4308
6653
1895
5657
2351
9284
3541
3142
6698
4513
10676
3959
909
8863
1514
3659
4337
4707
10063
3968
12085
5782
9636
12890
2983
9401
6452
6092
7814
9064
6937
12634
5619
2020
8556
1528
12353
3222
3540
8390
10390
6672
7267
2838
3915
8204
2113
9920
2774
8295
10603
1565
9160
5969
11525
11679
1599
6968
2971
9130
9055
11110
3771
7990
8550
10305
11529
4370
10224
10560
1786
1176
599
3135
8533
5871
8900
7177
5882
4160
5980
7991
7214
12005
5515
6770
5609
10893
7607
3974
11325
1480
8149
6866
11034
8207
10823
12796
8656
8869
6011
12618
2423
6141
12155
5987
7008
10926
4880
7966
6923
3288
6057
7100
5732
1455
4790
9243
40
2488
1095
11198
2008
7721
6354
7221
5049
8861
11908
4916
3274
10053
3859
7006
9088
13341
3700
859
6287
12093
10597
8584
6490
10431
1307
404
5181
8168
12140
6964
4579
550
1282
1260
11654
7836
11837
7848
2857
3193
6895
3496
4413
3916
10364
3257
4331
4128
7384
6860
2341
9348
7627
971
8255
3318
8132
8099
6665
9382
8551
12240
6316
13302
2281
11024
7224
8096
9487
3715
607
11893
7877
8886
7580
8762
2545
6149
8391
2605
2801
11996
11050
12177
9166
2116
5916
1036
1236
2586
29
2843
11713
1469
5522
4302
3534
1038
43
8515
9950
10669
12924
12576
2115
7593
7588
12457
11095
1575
11995
10413
3676
1940
1249
4607
7716
5823
3629
2682
8601
6051
5697
3195
4622
3881
4014
11924
9954
10508
11934
5734
11242
9629
13136
9978
6099
13088
7988
10
11201
7647
292
3158
12509
6994
6905
1854
1085
12999
8269
9860
4109
8649
1087
233
8891
213
12676
4294
9179
1804
1880
9455
3450
1500
10029
9493
8669
1024
3015
12499
1258
1381
6931
12074
1017
10291
9685
5872
3335
1239
9642
214
1534
12286
12703
11342
9093
12021
2884
12504
9618
6784
618
7756
12832
4803
5179
2702
6848
9173
11106
2430
8408
11773
3260
1037
1958
12360
13324
2361
1107
7552
9799
10635
13267
767
12522
6241
10518
13368
7097
3024
4320
10973
4678
4281
10582
3021
10754
8849
11781
4531
780
11336
10512
2697
7453
2910
6366
11649
1932
9707
10980
296
1654
4078
7483
5452
1212
4742
10376
7676
8829
9626
5382
7395
12122
7189
8914
7507
10769
8540
4332
12001
373
36
6041
637
10393
12348
8761
9985
7626
10310
12511
9318
8936
155
10158
6171
1820
896
9582
381
10931
2309
7091
4066
2768
11175
7286
8547
7823
8393
13239
10629
3595
8377
5226
8119
6322
8441
90
1869
9768
6507
5276
13232
6826
3838
6362
11552
11027
11850
5192
12862
8664
3855
10243
109
6371
8424
9343
8306
1757
6335
7806
5646
6628
4082
8563
5110
5510
5014
12484
2471
9881
11633
13223
1304
411
11421
9517
4530
8019
185
10853
12189
10263
8919
7508
1309
1714
5962
9602
12413
7549
6017
7855
3784
1240
1702
5418
10216
12914
1151
1443
6369
8455
3284
13199
5281
11240
4721
5359
11015
8780
891
532
5854
10252
2157
8921
11010
12659
12274
1292
8155
6620
1838
6592
1053
7967
10002
6007
12975
726
7879
3563
6280
11777
9648
5432
1691
6001
4335
11082
2386
10467
5069
8787
9712
3825
742
11841
872
3048
11444
8719
6145
9258
11758
6671
9506
4442
9485
10974
1707
6264
12117
11053
13050
9288
8827
9725
6477
11547
7874
4545
419
7860
6405
3052
6103
2511
11851
905
7599
13104
5257
1865
1473
6248
9441
3302
10017
2417
981
6711
9488
4950
11971
7584
3728
12829
13345
4457
731
8190
12988
2293
11018
6779
12864
7542
987
9385
74
5343
12702
13161
10542
3471
7142
4431
7028
9224
110
11646
2196
7132
7964
570
2323
7025
10426
6816
2836
9705
5615
1674
13177
7888
3138
5842
1777
1808
12119
8252
1752
12335
2906
11704
10656
3413
7506
12218
3694
6942
3506
6037
8740
9004
6478
7807
4657
3045
2883
1083
8561
12345
144
13273
4140
3614
9198
9323
8228
12009
11624
13222
1608
12273
3522
1007
8786
32
2182
11606
919
2870
1424
8527
11275
6076
159
8577
4439
9922
10472
8729
7768
5649
567
10042
2871
6955
3419
9514
12616
5959
135
7194
6423
2110
9277
3480
8466
10325
4364
9071
147
2448
6038
7431
717
4362
11549
3690
11097
5186
7741
12822
7824
10137
5964
8111
8040
9371
4388
8832
4615
5604
5183
3962
455
13294
12513
9650
13366
11735
12127
13131
6267
2436
7275
13377
3354
6844
12608
3799
7873
13285
11846
4351
10681
8617
1302
8934
7109
4698
9669
1650
8926
10210
8296
1760
11036
7579
11092
12443
7786
7863
9012
284
3905
11618
1192
10088
3591
11115
4836
12650
11260
10232
5684
3479
11147
8735
10574
3258
4468
12234
5422
9720
3116
6894
7068
7672
11414
9332
3593
4869
8238
5361
7669
10315
9240
3249
4002
4330
5727
12729
7968
4130
5342
5447
3002
8726
20
482
3941
12090
8076
8106
10743
9924
8585
9020
7750
10213
11011
1697
12280
9290
10366
5911
6400
176
5169
10013
5724
11235
327
7634
278
8909
969
13096
5628
4222
3238
7369
9558
11898
8953
10270
12444
5968
441
11856
3256
5940
5848
7001
1416
6765
10237
9098
4429
5012
6914
915
3887
6230
8722
3117
13258
5919
10172
5915
8807
12934
10731
4206
2369
9362
4627
331
2588
2276
10760
7803
7828
12219
2141
657
11272
2179
8246
7316
545
674
1459
5770
7785
9234
11483
6884
12516
9880
7640
2460
9722
7254
4423
3872
3938
10005
13348
12007
4642
2864
10271
8883
306
5441
11698
11467
9983
7651
8958
4039
8018
5086
12027
10365
12261
8160
4963
9515
11252
5317
4875
12878
5102
10003
13356
3756
13343
2714
6345
11742
7645
5258
9011
10911
5306
5191
10999
8073
12346
13109
5397
7692
150
1698
4611
9862
5385
10639
4684
10297
12142
346
2618
200
1073
12268
10438
4241
12790
5204
7447
2499
8506
5096
10878
7381
815
3119
10129
9413
10144
9937
2053
12014
10996
10726
9580
4641
2169
7026
6459
7745
8345
6608
3511
1519
2378
1030
9274
10167
7110
10965
11296
7426
12298
9528
8130
9694
10555
7894
7136
11836
10513
1874
12087
9840
5232
11989
13370
9349
11182
6655
3012
715
11355
11521
6059
3327
13330
2538
10190
13118
8732
4022
8453
9355
8428
6180
12724
688
513
6861
7173
7474
8362
11532
3818
4419
3717
6700
6031
4903
6527
6193
8846
10813
10094
7183
5301
1847
10896
5152
6265
10097
6687
4580
7629
4027
7045
7767
9512
4726
4784
9739
11507
12121
11779
8888
3217
7014
9581
1516
2059
6121
6170
8494
3183
11166
8706
3592
8964
7577
3339
1823
3623
5073
9566
4489
8502
685
6730
10567
5624
4616
10503
5523
975
6963
1563
4007
7685
7841
681
6018
10463
7461
9168
1021
5162
1235
10690
11640
7396
5716
11574
113
3632
586
4319
8286
6686
1332
8853
7703
9324
10798
11094
2091
1088
5513
11142
4993
619
4191
4849
3539
12984
1627
1042
2472
6975
10664
6832
7757
3966
8462
413
6889
2347
13304
1244
6630
9994
3949
2676
12251
3517
4639
261
1938
6781
10259
4884
5536
3122
4889
2155
11137
3742
7232
11604
8605
8837
10036
4728
2631
5566
4469
7556
10589
10484
6949
7804
6070
1432
12801
12416
6708
9360
64
3972
5352
569
4953
1342
11299
3571
93
2925
1375
2208
6637
4146
10881
3785
426
556
8523
2329
5631
10794
6085
6043
7438
6132
9174
551
8234
10338
10806
9797
795
3649
3456
1594
11023
1745
4072
8840
11320
6239
2513
7666
11561
7019
9765
2734
9125
5259
5302
3408
4632
12332
4178
10120
8435
850
4382
12530
7151
4928
6825
4595
12561
4618
5740
12663
3003
5762
2202
12474
4745
11881
6467
6729
11834
13373
9573
6214
7475
1257
4363
12367
3650
12380
6692
11819
1725
3089
1570
10051
12071
12147
4020
2725
2978
10770
1222
9589
4694
7312
1298
10062
2518
9683
5853
10502
3446
12488
6590
6147
7899
12438
13012
5472
10631
7920
11185
1549
8546
12471
4127
1508
1310
4494
6932
12031
11063
2251
1861
5966
5898
3477
11702
10956
7697
1320
9560
3953
754
8714
8165
9863
5777
5548
1397
4430
3642
10344
10171
11584
913
6663
2825
3898
5626
12230
1788
3387
861
6859
1844
3379
3727
2427
9035
9871
11833
5862
5569
3796
3923
1206
9746
6053
5410
12818
5797
2911
6713
4576
2783
9149
8988
2881
2981
10779
12061
7415
6082
8699
5767
1104
11449
1061
12517
3004
8636
11154
10430
7829
12206
10683
9769
6278
9773
5235
2419
6591
2207
9999
2677
5398
305
3163
5249
5553
3362
6200
1671
5749
1202
5449
12827
10495
1339
6330
1672
9033
92
3168
4810
7143
11637
1251
4822
1130
10793
4506
7077
8499
3721
965
1904
669
7055
857
12957
769
9298
7263
10923
1039
11689
12570
7013
5271
105
13073
8591
2256
1689
1158
4262
8562
13150
7389
12746
7777
5292
8532
7521
5396
8196
2071
4456
5888
3060
1032
4076
11344
362
8247
6918
879
9195
606
6247
3852
8113
6973
1917
9015
10343
12629
5079
12667
11366
12764
12977
3268
4336
3262
4604
6024
9715
2839
408
2205
8232
2096
12174
8862
11331
3804
4003
10846
904
2805
7094
9966
7251
9918
12741
3516
10821
4227
13208
4056
1696
7212
12833
6159
2789
7601
13311
6936
5145
5932
30
1356
11121
10976
12458
6609
1999
9126
13159
9357
13186
9118
9795
12960
8653
2062
3034
2976
12695
8956
12585
6695
10141
11880
1789
4477
3906
1392
12173
13040
12000
880
11806
1897
12717
6417
6892
4806
11753
6039
10383
2970
2985
226
11293
7315
2176
3930
11049
1783
6847
5303
579
11662
5024
6997
2669
5941
9432
575
7737
5868
6972
2131
1094
12043
6939
3375
5587
10068
2332
11687
9345
4361
10087
6192
3657
1264
274
12923
1223
1970
8543
8123
3634
4954
11138
2636
2377
9424
9090
5403
13097
3402
10177
4708
7973
194
11794
12665
13071
5792
6332
5683
10374
1828
4391
2980
9225
6799
1891
9751
3732
768
6160
6820
6094
8811
9202
9578
12787
10545
8078
8299
4974
13025
2645
382
8662
10658
11269
2364
3170
12821
843
352
8320
8129
8872
12192
8294
979
9250
5637
10449
917
517
6323
12714
806
2731
12158
10585
2523
8388
12953
13290
7858
10215
11626
9747
10762
7273
7248
10406
2507
9735
2560
943
1001
8101
4800
11636
6232
11372
9962
625
8135
356
13331
2524
7432
8873
7761
8642
2327
7663
364
1579
291
5190
3672
308
8257
11501
10258
12404
4782
8124
8414
5039
7844
7865
9414
1978
7565
2819
2312
1146
9659
8500
13209
7247
12859
13241
12718
11303
9045
12077
10602
2018
13176
6790
11055
5643
2019
7172
4204
12759
8643
10848
210
11130
3585
8796
9594
3532
8410
2982
9280
1780
7181
6639
3134
5128
3091
12937
7012
2119
10126
636
3720
4680
814
8193
9783
1982
6176
13020
3351
2540
1058
7037
8945
11288
4985
9973
1582
10136
6863
9627
11683
7674
251
175
4983
8777
9353
10234
183
12894
5635
10403
7845
1813
4898
12399
1685
8121
10110
3641
4634
5846
12470
5261
910
5575
10169
11394
8774
4504
11212
11840
4665
1800
12073
4522
4045
5798
2292
9342
179
5829
1325
1790
10321
12166
9325
1779
5938
11062
3631
3934
5407
1810
11879
3137
12948
6661
9723
3834
630
5297
6725
10901
466
6645
6594
8609
13010
11748
8212
11788
9436
10348
1634
10043
6776
12220
1098
7905
11672
1604
7655
8631
343
5896
2497
3214
7115
6743
6667
12260
10276
12922
6535
3295
773
10804
8626
8966
2651
883
1529
997
1595
7933
13340
11073
12357
3833
3255
4243
696
8430
9460
8409
10081
4453
6117
5147
9299
4025
8703
8876
8033
10250
5534
6359
5852
5443
4058
4042
429
13306
5814
4739
5263
5700
52
12738
11281
1035
5006
13320
7555
8974
11481
8880
1914
2203
12774
10515
9359
11814
3812
9049
2367
11441
5835
1875
177
9911
9463
9165
4044
1389
3311
4602
10535
7230
6544
11723
11810
9847
6456
5243
5201
13237
8004
8965
3987
7289
1873
6512
10644
11585
8542
7036
3794
5425
12844
312
5279
1513
9545
9532
7561
5160
10423
5304
10533
6537
4334
1334
12625
13138
13307
10587
3467
2510
234
11401
2646
2186
9776
12572
8816
12423
8478
9503
12581
2500
3297
1955
4841
11334
9427
12606
9633
2469
5795
13298
1186
9948
3248
12990
5678
11911
5899
12913
13277
13317
9617
5236
7711
5351
9171
12197
3867
8261
45
10401
11538
1945
1142
1447
3731
2232
2231
9693
6883
12613
10614
8380
8365
5026
11213
8418
5312
3305
8081
3468
120
4608
10312
7675
5478
10422
2466
7678
10207
1317
11179
11108
7999
11754
8387
3469
10229
4339
7249
7583
3096
12393
2028
11432
3197
6089
7699
10520
9075
10663
11482
9882
13153
10411
1232
2145
9327
11362
1138
10098
3277
10361
1145
3751
982
7260
4710
10758
11986
3010
7442
11239
4524
8449
4478
460
3607
11761
12681
3983
11772
6002
2440
6715
5468
3780
4296
1658
11539
1987
845
1648
9664
1495
13041
12560
6576
8960
12479
7687
9529
12390
2095
7677
11381
11020
3719
8487
9256
3254
2005
3692
423
1959
12214
4096
13195
2109
11919
757
8530
7043
10694
11829
3567
2897
5088
7272
9713
7496
12081
9646
10058
10405
6739
3950
2647
7541
3228
4554
7348
11554
11458
10286
5558
11433
8370
13095
7621
11724
5072
7630
9870
2641
11248
11494
12016
9899
13270
5402
2275
12647
4533
5048
10474
2277
7680
12767
10712
1174
12306
3201
69
3636
1839
12052
4216
224
5172
2029
3050
8755
2955
9653
1131
9185
3828
3055
11566
10010
6313
10889
130
1611
5718
7087
7042
4231
13085
10686
220
11927
809
3342
5338
4061
5143
4479
12198
4217
7106
8277
357
13166
1630
7480
12601
3326
5280
12694
7763
6603
9569
8933
1768
6151
10693
11474
11715
9227
9273
6093
4269
6088
13110
12289
6333
1801
10610
6555
9402
2802
8200
2912
9540
2907
2431
9523
10970
7268
11126
808
9536
12200
3427
8183
10824
12885
7562
8549
7125
1450
410
7459
4765
951
1639
4482
2532
8468
855
2799
3071
8538
6815
6988
8325
11437
9169
7885
9181
7951
7759
561
8206
2148
2648
3177
6211
11163
11769
8801
4126
6563
4400
700
11236
4015
5066
12067
12574
9778
12749
2084
9744
2017
1296
1255
10217
5187
832
11259
2421
11051
3492
12805
1106
5860
9534
6201
7464
8182
13009
11048
12620
13174
8317
1816
2812
8360
3103
12955
6821
8224
10331
6186
5680
9509
11592
300
1920
6965
2565
6543
2878
12316
3298
791
2822
383
770
8102
5886
2798
4669
10918
10945
9486
488
2668
11670
5315
2654
3011
6984
6872
12498
13074
12323
8097
3337
11028
8867
10108
1437
2741
12510
5695
11801
3084
9249
6659
3994
11553
1802
6565
313
6903
5324
1419
12609
2318
7482
13145
4437
10139
4401
7329
9191
6014
2887
4521
3145
12329
1390
11516
10294
4671
10306
8992
6314
9903
3133
6611
5839
4956
5573
10906
5033
8830
10634
12776
2370
5346
1644
7400
12698
4273
3169
3294
7321
9689
1751
5392
1171
4900
13068
354
10550
3203
4677
12210
5877
143
2225
1485
84
5582
11348
11913
723
9555
2591
8088
9040
537
6450
7428
9329
10810
5426
12507
1937
5435
4174
3503
1680
2047
9518
841
1396
730
6901
5140
1064
9678
5154
9445
5739
7003
10410
8877
10353
4073
8522
7208
3893
7523
193
1944
8490
349
13069
6604
711
7515
9579
6418
11274
5321
6116
12337
12669
9674
2638
8511
12983
7864
2190
7995
11074
8282
9010
10399
3967
1299
11831
3442
2795
6420
1136
8470
9275
4220
9764
1297
7365
12784
4293
5924
12705
7265
7816
4285
2595
2224
10671
1946
11107
10391
7088
988
958
12809
12187
5501
2520
3552
2633
12524
2949
8739
4603
8395
4764
2673
3948
12389
5275
9798
7326
8009
11403
8727
12569
554
8464
5599
3013
7657
7817
10442
6817
254
9265
2350
7638
8195
12397
1343
7632
4816
9403
7064
12742
3370
3395
7747
2720
3283
12837
2868
9236
7875
9418
10910
5170
4995
451
7123
8983
10012
3803
9473
4933
3323
8712
7406
1010
5240
2558
7712
10652
10959
11319
10675
5755
10437
13289
3447
6003
7355
12579
3736
9990
5320
5130
11427
2509
9005
2358
4752
5246
13372
10538
3178
10774
9238
4501
10451
3599
329
8693
1301
8210
13092
2972
13058
8620
1984
4959
2713
6482
4587
4474
6428
9300
4845
11466
11339
9037
6191
3680
184
1738
10251
12799
1811
11191
3821
13227
8690
6657
1441
3877
2201
11992
4369
12976
2112
2320
1587
11621
521
5137
1797
2340
9831
3752
5144
11954
1184
8047
13184
5335
10301
8665
6767
12743
4341
11019
10613
7892
1211
7168
6178
8298
1901
8461
524
11118
8676
12065
8661
13142
6442
4238
10187
12113
4623
11513
10577
11866
6681
6387
9062
2402
6382
9370
11065
10333
2624
853
1509
9807
11392
638
12680
10537
6115
11312
9326
5796
247
7833
3822
1665
11311
555
10104
4397
1824
10684
10170
6635
315
1259
6996
8923
7616
7341
3622
1261
12873
11620
65
13293
7240
9721
10727
7038
1425
8144
11674
6520
5676
1172
12062
2534
7825
245
35
540
6187
7717
3175
10540
12711
302
9420
4862
1189
1112
2455
268
54
4899
4171
7609
9763
9803
9804
2529
9085
5326
1319
3029
1101
13065
5973
2245
6529
10367
7485
1046
8859
1690
7798
3020
620
10485
10253
12590
11091
9411
1180
11400
7095
8079
1214
11408
11818
1207
10157
12107
1730
2290
10641
3998
7033
7166
3356
12909
10822
3319
4749
3363
1367
7725
5729
316
6954
7641
5269
5184
6838
761
3709
10132
6842
10143
12512
11356
8010
7040
12045
3665
7327
6867
3733
2718
746
2138
6139
4565
5458
2167
10075
4921
4984
8623
6272
5709
6556
1271
2041
4786
13024
740
1584
6721
5601
5477
3515
7147
3723
8925
3019
11307
840
10066
1412
810
12982
10105
4344
2679
11665
6548
12246
10570
11056
2308
6142
2921
8569
3553
4444
1837
5567
2021
13332
10178
2474
8143
7736
8266
3108
11291
673
21
1451
1535
11217
8800
3587
5118
9292
2952
12968
9444
10855
12235
12632
10134
9197
5555
3530
2732
1150
12143
8685
13100
12396
7015
5028
8211
5005
8397
4955
5778
7484
6304
11407
1006
2807
2406
9704
3688
5994
11496
12333
4099
6375
2828
3111
3749
12907
4664
5474
2626
5552
5434
1817
11868
1510
612
6125
4926
2637
5595
5654
6803
13219
108
3085
2821
11193
922
10908
702
2728
8048
3380
7705
510
7688
4539
10035
6746
5955
6694
5999
8645
10370
7105
6588
11404
4040
1925
6992
929
102
8571
9272
6411
11957
12097
3919
3955
8788
8023
452
4410
8244
945
2244
5050
8763
12540
9056
9192
10092
8074
11644
5268
8094
12813
3391
6046
11223
12263
10842
10864
12664
9779
8251
7499
7947
10827
8032
9317
8215
5038
484
12340
3800
11999
3743
10356
5364
11635
4145
5357
8259
9203
70
6090
6062
8041
9466
10279
7004
864
3498
7308
8457
10439
941
2667
6517
9970
7862
10691
1930
9172
1867
7520
12221
11573
4433
6210
13198
4723
8658
764
516
11638
13179
8080
8946
12370
89
11264
10284
12575
6846
4274
7704
3896
5336
10290
3619
7698
5139
732
1468
9537
568
3384
3005
27
9465
217
12167
1620
3776
1915
4389
10592
3065
12915
7953
201
13081
9820
11462
7244
11472
5481
4750
1505
8628
1870
931
6822
3028
11241
7169
5427
13260
8429
151
10796
2480
11937
2374
6127
3333
3865
4459
7120
8444
5773
2052
4153
7714
8657
3141
11930
293
8118
2628
4200
13061
11360
3816
2371
1458
12023
12495
10497
4996
2721
12536
651
10240
4529
11453
5944
8968
10964
7103
6454
4805
12035
13154
10055
3979
1597
2661
8920
1990
9951
2932
5526
10339
11382
2593
10988
5585
10584
9336
12987
5200
10295
3457
5464
6343
12529
2784
10657
11541
6697
8293
7799
7961
5054
8874
11936
10114
2253
4395
9849
5958
5421
11395
2965
9995
1461
5074
12706
10969
9278
6227
11089
1964
10479
4558
366
4692
309
1705
6098
420
5277
4219
13122
2154
2580
3791
6386
13066
5141
11413
6403
2016
465
4409
4761
3307
3481
9919
3609
3610
1472
11025
11176
3963
4675
2338
124
5606
7184
7595
989
12453
1832
5766
11183
3656
8614
7236
1775
3401
1638
5507
11757
12328
4626
876
10660
12195
10099
2093
12162
928
9057
6257
11086
5056
5332
8707
7153
9341
3753
13221
9981
9340
4929
1280
1727
9014
7121
8241
6027
6991
10919
1825
166
11196
6709
5325
1664
10000
2135
8524
5134
9287
13276
12865
8646
10432
5906
12227
5910
10941
5182
11286
2258
6223
9030
1580
7048
12857
3602
9738
4853
11717
10429
9475
9255
7921
11349
7410
6580
11792
1975
12028
2683
10241
9320
7969
6668
3220
6753
6855
13240
7304
11985
4211
260
3767
3180
11651
4868
3420
6505
558
2947
10149
3510
2359
3491
8602
8463
9231
3070
3581
9429
12622
1475
8924
4825
892
4563
6028
9767
13054
9187
934
12369
11821
10458
8640
12979
2334
4147
9775
350
12589
1635
3355
11768
10459
5399
1615
7223
3424
6935
5840
1666
12861
6759
10876
3464
5640
2191
4394
10268
2073
7821
11230
7718
9502
6845
7830
11795
10254
9307
10045
379
6865
5106
8427
4142
5087
7957
11463
7373
8233
9745
2025
9508
1105
12802
526
7331
2572
5389
3027
13362
10445
5504
1068
635
9479
12798
10225
4802
12925
10307
1270
3225
3507
4998
3405
1018
12350
9822
1826
12916
2413
8347
10867
11190
9235
6553
6042
650
4355
8897
4962
2046
4436
9346
1629
12019
11526
1605
1814
4148
1429
8154
6662
6589
1194
3557
5990
10972
1179
2585
6273
4028
9927
10817
8539
4278
12101
12266
7351
9448
7310
7545
4249
5136
10011
847
1504
6415
6717
11579
8263
3431
3927
4528
624
6724
3358
11830
5943
12971
5891
9655
7631
10622
3849
11567
13322
6080
12775
8513
9305
13313
621
2036
5866
7689
2856
9061
10278
10900
9378
257
211
2066
10221
5212
6701
721
983
3074
12437
1998
11622
8991
2542
7907
10773
10583
13140
7959
7743
5714
797
3693
6000
12855
13087
12578
4967
12469
5220
11987
3299
4215
1902
2794
603
9000
12244
13233
6810
5656
13286
9827
3829
5252
4783
12797
3056
5493
10862
5284
1436
9846
11076
801
10729
12643
1941
3871
10747
6479
9084
5528
9209
10720
9782
10975
3396
12633
10532
1008
5498
5314
6061
9028
11393
12205
6044
9496
7526
13243
3226
2197
9442
12926
2726
9930
3856
7766
3712
1942
9620
9083
13197
9997
6874
2114
11173
12491
9808
9121
9743
7372
445
10047
10654
594
7600
11730
1479
8227
11208
2227
714
7558
7498
3115
12918
12810
2635
12586
6813
333
2136
9718
8747
1478
671
2814
1858
11032
600
3716
5406
5373
7937
2919
2681
12003
992
4592
2260
421
10173
8037
6839
12120
8715
258
10930
1102
10349
4774
2342
9728
6289
13171
7437
4487
12229
5328
10782
11577
450
2121
9143
11745
9079
11358
10815
12483
99
5270
4303
9887
9654
3157
11803
1374
12842
7619
8450
11737
8844
7668
7849
11828
3918
3067
12094
10244
2343
5444
3677
10568
11882
6095
11728
8355
5237
13253
11295
9052
3417
8346
5248
9400
1890
1548
8878
4326
3077
6909
7126
11156
13028
167
415
10745
9757
6010
759
6158
3518
1812
479
8167
3789
10895
4133
6435
4738
7934
2590
9658
2525
5583
8334
793
3777
6627
9530
7635
5437
4888
1600
11543
11256
11455
5244
6927
4379
454
7796
2032
11813
7016
5286
7744
2291
5168
6364
11335
2007
7465
11164
1857
578
12825
10414
1692
1445
7280
11451
2719
4578
9016
5330
7891
129
4798
3880
12823
8030
12921
2441
9874
9956
12547
1165
4041
5291
4092
240
10443
11755
5945
7852
1200
1427
7788
718
449
8324
5196
9821
6545
8521
10763
3912
9138
11457
6538
337
10866
704
11423
2462
3699
4824
10319
6131
8336
11600
9988
2987
8568
725
9549
3744
6215
1124
12013
6938
13098
3546
1383
7851
9127
10400
11596
2478
6161
9667
2273
2212
12478
644
7011
7962
6615
8218
1859
1626
2527
1977
409
2787
12454
3430
3198
6378
5233
8942
1795
8258
5572
4452
12402
3322
12433
1577
2722
4001
8483
6030
9946
9425
4187
7134
11641
11914
2051
5380
405
5068
11928
12943
7241
2969
4652
5062
12834
11564
10913
6886
4005
8416
12233
5238
4192
3565
9788
418
3357
1907
3925
10571
12134
12322
1709
1806
2736
7379
173
11059
9114
9665
10049
9567
719
2089
10921
12514
12596
6760
4461
208
13031
5976
1327
12720
2187
5751
10469
7628
2180
3039
11486
12037
9657
6606
335
2895
2362
9732
3166
10037
7227
1972
3626
11863
4069
4977
8331
8131
963
8901
11079
236
5401
4387
5290
5267
12417
587
6809
10133
9220
1700
470
11219
9771
2411
2022
5928
2090
11495
7117
11232
8698
280
11131
7948
3475
11955
10123
529
8771
186
8893
2219
416
11729
6064
12537
2140
1833
12375
12757
6868
7324
4561
6572
7010
9640
10086
12415
3577
7897
3747
8516
9183
439
6970
7050
7145
11479
2068
520
9554
11475
12319
2216
12222
12448
9319
9695
5623
1566
7893
5506
1122
11682
7085
590
10380
9122
9936
12573
8528
9538
461
9957
1756
7196
12326
9679
7709
12930
5319
10751
2278
6616
2960
5135
3778
4352
10633
9452
44
7596
5
7838
7374
4870
8518
2104
336
1426
13119
1149
9380
4248
4534
13015
3874
2710
3366
11326
8759
8592
2467
9111
4989
8791
12949
10841
6605
4004
13105
10323
6747
8485
4464
4384
4018
3536
8615
9313
2699
3087
1148
1003
5004
12204
13339
3397
10015
13334
11285
8276
9302
12392
5221
12944
1160
4819
10083
11684
1877
9583
11823
6539
1134
8164
7648
1026
66
4772
3383
9369
10453
9412
1464
2383
5856
6791
10516
783
7908
1676
12321
4612
115
13163
12418
8724
12969
107
5053
4826
6054
3365
9774
9476
12405
2623
8038
976
6757
7041
341
11136
12104
9829
252
8922
12277
3414
8025
2394
9907
3774
5690
5127
5071
2709
8987
2539
11480
12440
10949
5644
4620
1781
7253
1400
8838
7261
10559
9366
3603
2740
6985
10499
4085
6212
10204
4730
2696
1555
9526
1453
2627
2660
11378
4190
5803
8856
10427
1482
4185
1645
1501
12343
4777
6350
9786
10070
3412
7924
9363
12500
11892
10530
10957
2132
7790
7388
97
3159
1994
3705
7653
1362
3095
12740
10698
7393
12347
8498
6154
7708
12587
4866
4683
11595
1884
1765
7178
6586
12424
2606
5117
5094
10580
4054
12998
11531
1048
1794
12163
4741
8587
13250
13108
13086
6601
1089
2397
11860
6660
5638
11485
6236
94
9226
6342
8950
2841
8479
6385
6679
3281
10737
12824
12466
4064
12658
8433
12199
5453
833
1377
3308
6471
7576
11923
4225
80
6748
10912
5077
756
5217
1329
10539
7220
10553
6876
5903
171
5178
8039
7958
5124
9069
8736
1538
5015
7909
1862
4674
796
77
12961
11101
10267
9368
2303
12334
431
12203
28
12420
11014
10934
4988
3687
3823
7188
8597
5998
8
8557
4418
935
1532
7160
5525
8730
12069
5171
180
6685
4198
8069
11132
3640
9979
9598
2644
6930
9601
13089
1927
10293
12026
3285
4398
7781
9886
7346
6395
4815
733
1229
6786
585
9091
4490
5693
8460
1830
4753
3218
12080
7827
8655
11007
11037
4609
2777
10541
6740
2101
1045
9267
11445
1391
3624
11760
7022
8186
7306
12301
7927
3394
134
11158
11072
7597
7654
2745
10084
11523
3132
10847
6468
12737
7086
9042
7976
4328
12744
4218
2515
2226
6480
12886
7603
6854
7069
5451
7382
4771
601
925
13349
9453
9117
2144
6445
9373
1492
4844
7941
4881
3476
3030
4111
11077
2544
9730
2849
1051
2061
9909
10521
6181
10362
1669
7989
11972
559
8996
1350
11078
2395
6750
661
8354
5388
7557
1052
4032
11133
2162
12207
2614
11627
10831
7185
5712
1347
2075
7605
6494
2630
4762
468
7872
2173
8899
88
9207
1831
12874
6869
12571
4011
5686
12255
778
13053
7783
6769
5098
3429
11117
4736
9161
10616
9458
7463
3282
11189
3451
12966
7559
11233
1488
6202
5486
9814
6026
4448
6528
8458
1143
6925
10505
12406
12781
12697
3082
11697
1683
8611
9112
5775
10620
1643
3131
6190
1556
9789
12996
11386
12148
4234
3162
6680
8717
8725
2649
6966
611
9356
3215
12063
7878
11551
4228
609
4264
9832
10303
2901
9644
4250
12208
3894
3895
10466
1888
4024
2426
91
4945
7390
6060
7182
11279
1376
7347
4818
4408
12719
7002
8400
1321
10814
1071
5084
79
4605
4833
10245
11756
1547
4725
9156
3548
8335
11524
2204
11000
7733
1013
2557
2465
12935
12550
9365
3196
4906
12619
2855
8963
10131
3101
9762
3099
538
13175
9124
6102
4276
9889
996
223
5122
8894
3367
4282
5282
7642
10444
5414
5799
2122
9543
862
8472
9262
3130
12095
11170
974
8034
1266
12324
514
430
5670
7116
2886
7505
13261
2237
5146
7904
448
12116
2410
9963
4021
1484
505
3836
508
4651
7073
11800
11069
11102
12161
9766
3211
9214
4254
870
3942
12128
10214
4295
5318
4511
4550
6912
10844
6055
6021
13305
12228
1592
9133
1724
8841
5735
9500
8092
11533
10946
7422
10548
12543
3543
6631
10536
4865
8824
1720
5524
6072
2453
2454
5285
9264
3886
473
3864
263
5562
6541
6570
8610
4951
10101
13323
12851
8090
6723
9233
6549
2596
11820
11439
12015
8301
5013
12047
4876
8007
230
1554
12691
4827
2861
11491
8589
7082
7271
6189
5828
13281
1393
2533
9310
5779
8879
4446
13006
4814
8349
10435
12313
9708
6279
2771
5838
3088
5983
7075
3392
8744
1490
1326
12621
6408
6207
13094
1574
5163
6593
5420
10107
8237
13130
10954
9435
12018
4263
2733
4412
10122
8734
8152
1750
3578
13287
332
7242
9684
6464
11738
8742
4290
2916
10899
5428
3814
11202
6857
8278
8447
4480
699
9800
4597
215
8819
12076
11896
13113
11113
10500
2800
232
3628
6888
10322
4385
7517
1910
8622
8554
11280
1717
10780
8059
3951
10655
13126
2920
11165
13224
4557
9912
5293
12970
9167
5210
1971
2936
12139
8328
1583
11146
4380
11436
5530
11440
613
4751
8035
12079
911
6285
7138
7489
11975
8993
6138
10543
4601
6756
11943
7099
13342
8751
136
10389
12532
13051
9461
4914
8784
1387
5611
11767
11789
10111
7072
8442
7259
8197
2997
8394
7282
6148
11317
6516
12867
12559
13225
8681
11855
7679
5597
7433
474
8082
2486
10498
11701
12159
1699
5376
6032
13308
1078
1988
9017
623
536
5490
8274
12880
692
290
12178
10581
5988
8680
10345
1272
8001
9065
6834
12687
3714
2311
3389
6610
8531
5229
8491
4246
5855
8314
11306
734
10666
11623
4946
11940
6325
12431
4709
2483
5334
5129
10588
8752
5671
7051
1499
6887
8526
9009
6235
9570
4589
53
3223
9
12254
9110
4808
1076
6558
9660
4106
9024
6774
12882
4695
8098
7462
9595
2429
5754
7219
11778
8181
2398
4168
6503
3313
11613
5063
5060
11090
5101
5851
2435
5355
4696
7274
9074
192
11993
6238
7684
2236
10019
7910
7420
12600
11631
3031
9081
11966
12084
3388
2409
2643
8467
4585
2401
632
8405
8020
7722
12713
4404
3738
6981
2357
3271
8492
5254
8504
12012
9232
12866
6152
7149
972
1281
7551
8312
802
7238
6337
12456
1943
5692
9913
6476
871
11690
13011
1022
953
2945
560
9855
2139
330
8065
3073
400
9854
228
3993
9884
1619
12032
10032
11330
2738
7205
9472
11033
8250
6793
1294
1345
8308
7608
13376
12788
11544
2042
481
6612
693
6831
7367
5433
1293
10140
9611
11318
7413
8309
7795
3033
5222
13117
3988
1100
13364
3403
1084
2902
3232
9337
3127
8201
5123
9372
2482
9793
3524
1012
12452
9491
4702
3314
9939
2761
5546
264
3231
11565
3666
3766
6233
500
13005
7573
8289
1612
10302
3035
10223
8192
6584
6533
11487
6126
8229
12288
13014
1576
3664
5029
2977
2217
4716
6737
6513
5491
8520
3589
2746
10050
5633
3596
9546
6321
3304
4156
2425
3969
8332
3841
10932
5287
10607
324
3861
3098
6460
4333
8281
9639
3049
5242
1126
8802
2760
9019
3252
14
7397
11424
59
2657
3754
6475
7424
10128
12034
12910
6221
817
8654
8091
6771
11125
10674
3041
9565
3879
7007
9759
3739
11367
3499
10897
668
12525
158
3860
13350
9944
11528
12486
8687
6741
3899
9494
10145
4912
153
6209
13319
6396
12196
2239
6683
3707
4544
2229
6629
12568
11847
11902
869
4648
1546
5159
9593
7992
1337
13201
1711
10398
2698
13292
4483
11387
3985
13288
9989
3415
5745
5992
8338
3793
3835
1268
10176
10199
9439
1827
7643
4424
3724
11602
9076
11448
8941
2946
8835
7917
6163
5372
12761
527
5746
5173
10983
1175
3654
11057
8815
12376
12388
6830
114
4350
8060
4184
12179
11719
739
11598
10551
4917
12883
2248
11003
2817
3858
10028
9681
8194
5790
8419
9044
363
5300
3359
12050
266
6710
7332
3702
11322
4236
9163
1031
2961
12400
1815
926
12039
3493
11751
8985
1300
9625
10894
2848
3971
4100
1602
914
13143
2824
11068
8016
11418
3320
9597
6008
3303
11144
3501
12401
1187
4365
3309
457
11536
11826
1014
11313
6253
169
7665
10368
12044
6944
4451
12320
8668
995
3840
10807
12946
1850
1246
12106
6752
509
4260
11563
7290
12534
12262
948
9043
4687
11123
5879
6262
11969
5089
6457
875
10952
5197
6231
7636
4266
11271
549
6196
10531
11469
6818
10882
7250
5622
4514
11405
6794
1748
10433
5131
9210
7295
7524
2408
3545
1673
1693
10448
7417
12965
2450
2796
2316
10799
2422
13183
6352
9134
1694
11559
11447
8848
8063
9477
188
695
4175
9105
1598
2015
8307
10248
7319
12212
9189
1216
994
4636
6203
10188
10407
427
6307
8907
3244
244
8682
5153
5550
10752
444
712
6298
2701
2228
4779
3040
156
4425
13282
9758
5715
2238
7056
11910
4256
13355
3487
13271
8253
8741
12715
12593
13047
8184
11807
1434
4701
552
7530
5465
4788
3764
4104
2055
6135
7164
5223
11736
6245
10415
6634
6693
9635
10749
9875
10618
4897
6384
1876
8146
4792
11410
8203
1607
9263
2274
6654
9777
8503
2337
774
7356
11194
10816
10612
1477
1967
10704
10337
7180
83
7163
11162
5387
11664
10477
3352
11012
2844
3500
13116
6441
13002
13344
4599
8737
3555
8766
7729
3350
1182
8054
3324
12639
11680
10118
8860
6174
7279
3066
13338
3944
839
9041
4944
12657
10966
8881
12748
8420
10772
4518
8702
9089
1369
5759
6474
6393
6446
8361
8510
10753
11838
9170
361
11380
2107
9120
3996
6885
2603
591
2948
1887
6237
6990
12858
6677
758
960
10636
5470
2213
9139
1741
4655
9812
11081
3853
4719
13316
1935
13380
11793
1948
11873
5476
10883
4821
5544
7935
298
5517
9687
11979
