9053
10750
2420
12164
11720
8026
19
4079
3465
11872
5416
9958
2882
8280
1934
8692
7929
13072
7228
2747
5202
8677
2393
6646
5090
10725
3691
7309
6339
11707
7870
7581
7052
4855
8731
7394
12699
13144
8159
626
11978
13039
12739
7423
8077
1144
11363
10269
10287
5219
1075
11609
5864
6564
4848
3574
6735
11499
2345
950
8454
8342
6397
10246
7215
9965
9022
8222
2152
2255
4645
3758
2376
4374
9818
7152
10990
11997
3025
7046
10761
9993
11195
56
8689
5505
4062
1406
10239
12258
12919
10547
9632
1306
10936
1656
5225
3706
4307
9559
7898
3859
8423
827
11063
2600
6641
7416
1684
5870
10746
3633
10182
2108
5660
7612
503
3923
2141
12804
7418
12833
6936
4828
8609
12000
6667
9572
10258
8626
12718
11672
3934
575
9202
7432
5039
11576
5896
8257
9653
3010
10540
13095
7717
9568
8645
2624
2224
6191
9532
4427
3391
11241
9820
1715
2822
5351
9537
8685
1547
7346
11457
12719
11975
2122
6533
11717
9156
9738
11820
1326
4085
1826
3365
66
5414
4461
12134
5355
11559
8737
4518
11162
169
948
8307
1337
10807
10199
12946
11410
11680
3352
12388
3040
5759
1300
4100
11003
1364
10377
4910
9690
345
11323
8828
1770
3549
10977
5961
2573
9923
1818
11389
11590
4972
8456
5682
6904
3569
10009
6488
6919
5377
8311
8855
9301
6047
5446
5042
6542
12902
1154
10402
4911
766
8340
12888
9080
1290
1931
755
11220
9986
1185
10481
927
10065
8217
7755
3883
11888
9691
3961
6585
116
10764
6775
5390
7427
170
1238
10501
2396
1922
8683
2986
4327
5475
3647
2433
3438
11426
10719
7083
7535
1675
5728
9276
2489
1807
5239
9086
9239
4176
12908
12941
1841
3266
7727
11064
3250
9147
10079
13236
6583
12265
10446
9164
5639
1507
8446
9806
7005
2984
7746
8319
8231
12092
3164
182
12278
10073
9321
8691
2684
9416
7633
10277
1091
11678
13004
10115
11522
12439
4065
1856
3986
5367
4834
6835
4960
1845
5288
1708
918
6050
10273
443
9785
4970
11848
6958
9933
12900
2403
7598
5199
1628
8187
12553
780
10981
7591
902
11015
1304
12154
6700
132
7097
11224
5892
7692
11344
2547
9195
5697
9563
8153
7556
1251
8269
10364
13003
1421
11637
4154
9361
9747
8363
8777
5868
12173
5145
1634
1001
7212
1582
11303
1221
5826
12429
9911
6820
5846
10449
466
6639
4204
1146
4782
3532
11205
10406
8872
9463
12073
1685
10405
7009
1010
1901
9185
12045
5160
10423
1597
9411
10855
13270
4955
12574
3254
8032
2661
3020
10550
11020
313
9646
3607
1925
6093
9075
10178
4664
4845
5072
13308
10780
4215
11682
1426
3056
3476
5267
8744
14
4054
8589
12120
2614
13224
10899
11523
8324
7608
2022
2212
8205
3417
448
6593
1806
603
12737
9657
6505
9120
1598
6474
5879
7977
1182
11969
3309
10188
9043
7164
6393
13002
6752
9210
11012
10883
9170
5977
12593
9989
10176
6253
9477
11807
8907
5153
444
2337
1876
4829
10802
6077
8884
3398
4562
3653
12351
10594
3205
571
5194
11861
10282
12967
4306
11535
5022
11963
8050
6718
11912
2893
9297
4237
127
11718
5065
2416
11655
1787
10649
1749
10950
486
2302
9377
4812
12782
8003
819
3908
978
12752
5539
12768
10742
4347
7650
11428
8775
5142
11411
2439
11152
821
5760
8024
6561
464
8374
1799
8333
10156
2612
5250
4115
10394
10615
7960
2299
5602
7513
13022
2130
3110
8279
12224
6999
7732
4465
417
131
7707
11607
7531
1215
7402
6439
9865
12133
1237
3678
888
11648
9077
7837
6785
6318
1918
8235
3149
8671
9182
11141
4252
2106
7140
11477
6107
7979
6251
4277
1057
12293
3270
12674
5592
13248
2700
1463
10682
9876
8044
9727
6155
6281
5629
3448
7710
8115
8795
6096
3885
4221
12464
12046
11398
9393
3755
11430
8525
8006
3734
12384
1316
6379
5533
8248
8226
4476
317
12615
11941
375
387
1099
8439
1408
9032
8776
7738
5031
12124
13333
7488
6971
3689
6787
347
5875
865
10833
3251
7445
7460
12088
3484
13034
10645
6128
11261
13192
8404
12114
8652
10989
6509
11929
4859
12854
6458
8017
12554
11709
2027
13297
562
11022
4658
7850
6633
811
4666
10242
7401
8198
13147
3612
3160
9199
13155
8650
4846
11309
1163
10038
2267
2735
12594
11865
11864
4255
8459
2888
12852
13019
3890
3914
12893
2929
4137
771
1460
6084
5801
12091
3017
16
8316
4887
480
7024
12605
1860
6440
10249
642
4366
4689
191
6504
5850
12940
2873
6961
4036
6068
6255
2438
3235
1428
676
11505
10609
9892
12105
1743
495
8875
1896
12294
81
5937
1710
2163
9395
3460
11442
1625
7434
9211
10755
7529
289
5967
8434
3459
6864
8930
1919
10363
6772
13187
1593
1466
9850
1357
10163
355
4969
8482
12928
7527
775
6755
7441
13352
4149
8659
2674
11390
11981
6870
2847
6674
12059
4789
13045
518
10898
622
9952
11594
10125
5726
4203
2755
7340
3826
12551
10384
7283
1798
6827
6048
9790
8379
12315
9399
12911
4813
8913
3330
5719
3107
12264
12436
9434
9322
4590
6114
3044
6075
1819
5391
1023
10027
4224
78
204
13043
9844
7044
3660
1686
3790
1834
8421
6738
4567
7245
2246
7435
2724
8889
1457
5228
12555
9376
9128
7478
4973
12485
11669
4885
2808
10606
222
12490
5970
10046
6726
12582
3600
7425
12249
5333
4573
7834
10166
11859
11890
12552
9934
1991
6340
7857
9470
2767
2658
12270
5658
138
1722
11700
7179
8606
519
1835
3155
4046
5701
3846
239
9153
3109
9100
5809
121
11181
5881
13301
9673
13188
10937
4057
11906
11379
12558
9656
1070
5356
2601
9714
6890
8745
7724
2889
4035
7198
6119
5511
3526
654
3426
5965
10947
11492
13101
7543
7811
1123
4720
4712
8820
6980
8413
1133
7114
2082
4102
12303
8300
12938
12812
5890
1471
737
2463
5206
5711
10659
6511
4312
3001
9230
1201
10948
12771
11321
380
6424
7782
2869
3564
6197
5503
5922
689
13001
9652
12751
574
6547
11237
118
12496
1889
4525
3139
6540
85
8553
2124
12111
1695
5061
10734
804
10879
5577
11984
944
3779
3798
12997
2
7216
1747
8716
13194
3559
401
10382
11817
5058
1526
2373
12017
10888
12623
2102
9443
8443
11938
10030
425
10566
8711
11353
9548
1543
7320
5926
1318
8064
7617
6707
3348
3683
10860
7533
4660
11416
12723
9257
5383
12467
9696
4359
1900
4123
12056
12349
8465
2214
7764
8733
507
1205
11887
920
1769
1909
2610
10197
7349
8505
4013
10318
8847
2272
2481
1848
984
8586
11601
8638
1365
1442
4555
3875
6319
6361
5923
11953
4169
1659
3684
4502
7771
7923
11575
8089
9315
8403
76
2903
12381
2222
8268
8084
6910
9824
12535
9873
9364
3792
2779
1772
9590
10112
5347
3519
6143
4934
4143
12564
10797
4659
11569
9123
11406
12905
11383
9622
1881
1113
9150
4485
7207
6956
3621
4536
1322
12022
3562
12359
3452
11750
3378
11708
3376
8688
11572
7571
13360
8367
7720
2622
5641
10153
12217
12250
7868
6168
1558
4284
9910
1498
5537
5669
12777
7318
4894
11650
1065
13016
13210
6704
2546
1773
10791
10748
13314
533
11770
8158
10103
4167
6706
376
9724
5957
9480
2331
4033
6678
2694
4543
4484
3009
10194
12644
3436
10995
4420
7162
1274
9752
7528
6619
2613
6124
2934
12051
11741
7731
2750
10316
3172
2123
6998
648
11127
1523
3165
8882
10138
2715
6749
161
2577
5057
3061
12412
6489
8767
2387
11775
4208
10292
4842
3884
8864
6425
1996
11862
3276
3845
6100
9575
7901
2218
7615
9525
12974
8818
11210
3759
5806
3494
7405
2491
2900
11570
8148
867
11852
10091
3956
1740
8327
11816
2730
822
9283
3466
9051
13063
8793
10884
9630
1372
13220
8998
31
5479
2365
4755
6118
5947
9943
9252
776
5721
10834
12373
8290
4405
2313
1764
13052
13378
4173
11835
11370
1560
2530
12472
1196
4023
304
7313
8481
9406
1359
10997
8174
4756
4717
2380
10121
13149
11903
9547
5586
921
7157
11425
9162
11932
8574
6626
7994
4098
2128
1080
1190
5463
4188
6911
5532
10525
275
11605
13200
6614
6976
8046
7812
7330
11968
5610
13268
5627
3076
4857
7611
2781
1899
11994
4593
12505
9819
6240
6618
7023
8710
10021
10222
8432
12336
4314
437
8126
7586
7358
6522
11656
8108
10951
5262
3556
11854
1178
11695
6926
12493
4656
7276
5108
11619
9312
8790
7128
10851
9947
2528
12379
1829
7871
11884
7946
7018
8529
2305
10874
930
8672
2570
7516
7226
10979
907
7843
6841
9885
887
5560
10471
9897
3936
10935
9102
7846
9564
5494
10858
4785
2432
10591
6374
5913
12673
595
1114
4559
11047
1973
11149
4063
3341
7450
1476
11639
4083
6722
10924
2959
563
13326
12808
11273
11694
9513
6917
11419
13160
6250
5918
939
9959
2348
11802
7217
4924
11990
9421
2820
9006
3432
4194
9405
5605
3293
10885
12950
531
4804
9039
3718
7264
12385
8223
12929
12096
140
4471
3568
9060
9972
9501
4807
4253
3046
1871
12419
5138
11254
956
1448
5105
7354
11120
2514
3655
10730
5313
311
7644
3616
1591
12750
9754
4108
2706
6224
3870
13180
5230
3909
6451
6600
7544
9103
6574
3393
13263
10766
5929
11918
168
1043
2458
209
162
11616
5034
9428
9295
11337
9756
11371
2860
12156
2742
11456
2262
4540
2753
5180
154
4280
8169
11548
8013
5310
2153
10346
7066
2576
11139
7017
2391
458
4164
82
9204
3523
900
3729
8489
6983
1291
8392
273
103
3455
13062
2574
7822
3984
5672
2536
7975
8270
1127
889
10800
8955
10266
10544
12920
895
7739
4570
3144
5571
7467
9031
4144
5126
3291
7963
9048
6290
9205
3179
8496
8935
10767
10832
663
6413
6689
12253
8686
4925
990
1986
5620
11075
2459
12985
139
10180
8366
8842
2675
9701
13049
5323
2979
63
12895
4440
23
8618
10673
8310
8928
2174
1541
9801
9996
8176
1385
10106
3148
2261
7376
634
8471
4510
8323
8854
3016
10601
11889
9417
9828
2360
10777
10387
12881
2175
7107
9087
9116
1840
5311
5256
7604
10706
7229
12188
8663
11608
2297
3537
10549
3140
7794
2786
1349
3423
1606
583
12372
13082
8275
6414
899
6108
5858
1315
8133
10667
11005
9387
10247
1633
10672
1617
8576
3943
12302
3400
10927
5016
10586
4847
4356
8572
11534
10695
787
5563
1622
8927
6172
2874
2770
10454
645
789
2270
2210
10828
6123
8066
12722
6636
4724
12311
3181
1586
391
4315
11759
5353
10830
1422
428
12973
10792
12638
11982
142
10320
9521
13141
7191
1273
9921
1868
9711
498
10617
8051
9843
11671
7778
6688
11228
11642
10840
2933
8678
12130
4441
4676
4938
10565
6052
13284
12806
12765
12986
12567
9398
765
3832
10342
12180
4340
8940
6137
4367
5884
6566
4497
13046
10509
269
6
4505
7199
6736
3935
6554
4734
6292
8967
12795
11667
13026
12631
10033
12225
2298
9741
10928
6875
4289
4693
5768
8852
5647
101
11251
5786
6112
6183
11310
5982
6208
2607
13278
9106
8352
18
11399
1916
3453
9108
2834
4830
13309
4134
9073
13017
4931
8508
6005
11857
6666
2521
6783
8162
12430
3182
6129
12089
7285
8350
5150
1552
9984
2335
3075
10478
4090
4617
4994
12300
4571
7277
10077
12845
11519
949
1734
12211
7752
1218
6987
4690
1912
6449
6205
13300
6376
9096
11009
8898
10595
11388
7192
837
1067
11040
823
2827
9314
9883
12649
9190
3831
3219
1269
9837
13245
4992
433
12181
4729
11520
11780
12807
4411
835
4509
12710
4908
10873
4053
2659
7587
9760
1197
8666
7451
6331
805
9662
12341
5177
3512
528
368
7102
12403
2829
8999
1324
4019
7193
10507
1082
6552
4038
13169
9753
682
5203
7456
3083
4541
499
2381
2457
3658
6040
1225
2330
10700
2826
2094
4867
2490
9969
4010
4210
6368
12612
10529
12562
6676
11046
11615
6696
7691
7186
11345
1108
1384
884
3757
1285
8254
13037
8399
1557
1892
1657
8497
11329
4094
4386
12604
9971
7344
11148
1247
3888
12841
8112
5750
678
9750
12956
10264
6394
6195
6795
5255
10523
3275
58
4596
7503
2862
8378
2192
10227
9155
34
12310
5667
12876
6049
6291
10651
4214
12451
8086
11168
12931
5675
697
7446
8970
5009
11300
5445
12455
10117
8978
5412
12735
7931
10160
13247
9734
12223
205
1561
3586
12338
1559
11031
7563
2142
13121
10457
11546
6814
9504
5818
12526
3760
9845
10208
1716
10573
13325
11582
589
506
5188
10109
4343
432
7813
11434
12546
2003
1545
334
9308
1863
9367
13023
7299
4791
8895
2752
238
10522
10025
12527
3390
1950
12477
12709
2161
12183
641
709
5265
12520
9184
8012
5456
8297
12688
8535
3973
7411
12267
8635
12689
3125
1341
2306
11625
4407
6263
9248
12816
8823
8213
72
4594
12640
10491
4930
2125
3713
163
7592
3509
5386
6410
2097
13310
12257
10041
5824
8100
6498
11839
10151
11153
7047
4839
203
1110
9976
4016
13369
8929
4832
4193
9194
13204
13075
2568
5531
923
10069
553
5021
10776
7984
6907
3560
10843
7770
5596
1314
4942
3863
8613
11959
8679
1198
1771
1370
8637
3316
12083
3525
2554
3901
2748
11111
2498
5003
7701
1882
7487
2973
6526
4613
10418
881
10871
8382
1616
12108
12733
4421
13211
5381
1019
12149
2346
3106
8782
9129
6596
7769
4472
12672
1041
7831
12868
6530
4990
11016
2555
878
1040
7952
1079
2405
4964
13029
6495
7078
750
8957
8760
12978
248
655
10347
4375
836
5600
13202
3533
9104
4197
2940
5307
12533
5045
10692
2352
10424
1348
8141
1411
1025
436
33
414
262
9663
1439
584
6483
3975
1380
7297
10599
1704
3902
11030
6360
11070
11257
7978
998
370
5400
1706
6419
8260
11808
1928
12243
1866
8172
13033
2549
1905
12541
3801
8138
9003
4470
5508
10076
5589
1173
897
4172
6568
7031
5843
6437
11116
4556
5720
12690
4871
6213
1618
7148
5227
9522
7292
9898
6856
3922
2974
7409
7808
6252
2548
9157
4316
9070
4767
3171
5673
11203
548
842
11043
2830
12304
4151
10504
10174
3273
5578
7137
596
11226
5832
1536
2300
6690
8383
2621
7473
6164
12082
2456
3708
8575
4606
2707
1121
5953
12314
7296
11951
860
2671
12716
2832
2392
9904
4878
8621
12129
9925
825
830
1614
652
11013
8036
5598
10487
2708
3301
7288
196
2519
7211
7950
13185
8484
7702
5365
9217
2662
1793
3265
8385
8267
11352
7302
6109
5164
206
10872
9592
4997
3287
1333
9223
3598
3502
1331
11904
265
10826
2412
8028
389
8445
2353
3349
7053
5931
10218
95
4711
6344
6493
6993
4324
10476
12482
2763
12686
8536
6220
4268
1090
5608
6702
1267
12696
4120
10465
3259
2615
10709
6305
342
582
11746
588
5404
318
6582
4891
3120
803
13060
3331
10611
4166
8938
5107
11221
3037
10638
9451
12132
7284
4158
7231
4240
4703
1489
4373
128
6173
11332
5655
5247
12502
10034
13182
398
11614
6348
4317
6607
6805
1395
7660
3701
10386
10311
2452
13299
3740
6651
4026
11645
12248
1540
11471
8116
4012
1371
5500
882
1033
11464
3126
7776
8758
5815
8738
7494
9339
2247
7501
9374
5114
1609
10887
2078
5703
1551
643
4259
1368
3521
4159
5008
11568
2326
597
6269
2063
4157
3977
6644
282
2875
9643
4662
1446
9815
8700
5811
6691
12903
7502
12426
1846
10096
8163
4640
667
3544
12238
10488
4233
5538
10877
4966
8764
6486
5788
11949
13312
12843
6806
2704
9291
11304
1655
12053
2688
11685
9026
12869
3648
5487
6390
1503
10004
4475
7493
10054
8364
2031
3735
11297
384
4329
9893
6896
9490
4186
8821
3669
824
5696
9585
13249
13125
1913
10920
11673
2368
6120
9137
7758
6873
4051
9550
3152
11980
8887
11085
11973
8814
5305
4155
5989
1681
9671
8093
6959
5666
12933
6421
6406
149
3802
7575
7235
5827
7443
12137
2183
11143
9107
5019
1077
13173
219
2632
828
4754
2149
11555
10688
10326
7491
8292
9710
9510
5753
12371
2495
9481
1670
3325
3421
1782
10102
5650
7512
7030
7155
11151
3202
1034
2966
4265
3837
7359
12066
4864
4968
11038
12912
13146
8288
11397
8598
8326
5231
399
1361
9144
9539
8136
3213
11681
3174
9459
11732
4775
8537
6015
12602
7832
4769
9391
10272
9316
2372
501
1414
12033
2956
6087
10738
11597
3078
7686
1951
4449
9505
8808
10159
5736
11958
3531
10971
6156
2537
7726
5845
2575
1965
271
3105
6296
8166
7578
9145
11883
1117
10186
9637
10392
1567
8728
4735
5007
9392
11899
1796
7058
727
6967
8480
6882
8750
198
1047
627
3381
8604
8137
164
7728
10486
6357
2479
13021
12480
3675
991
11514
9440
2835
7889
12635
7252
9437
5044
8552
7539
8189
10150
12441
12190
5272
2171
5822
12758
12395
1613
3662
3643
7067
106
4067
952
6575
152
6470
7378
9781
5120
7949
9596
10558
4927
8322
7802
5340
1366
10235
13093
7298
9588
7322
1066
8173
10938
5804
7884
12344
1623
9483
7334
11376
9600
2193
8785
2850
829
12010
7213
4354
11676
10189
9905
5725
3410
8639
494
4372
13327
12036
4943
3435
5363
12497
9066
7150
12038
6699
3617
11465
12684
2304
683
844
4549
12989
7218
2283
8590
459
8778
10662
12655
2310
2215
12760
12407
13018
557
4467
8103
11909
11276
677
11867
3920
12237
12024
1394
6804
11691
10554
6519
7034
5349
9193
8674
5384
10765
6941
11897
7805
5070
1729
4965
11556
6658
3086
4672
12259
7430
706
8344
4152
11784
12556
11167
6256
2158
307
4748
3782
10148
6851
8931
5632
12503
4136
7343
11659
4205
10788
12055
6130
7256
7328
9469
8147
8583
9430
12057
6022
1328
1906
9692
11727
4747
48
11876
3411
10016
10461
1430
6391
13139
4500
7061
3209
1718
7762
9176
4831
8917
174
8140
3462
6134
10473
2806
12675
12528
10378
4322
12276
10048
249
11587
11308
8694
1029
7740
7060
9063
9285
5208
744
7339
12991
12626
2749
10724
4932
7658
3146
12475
8548
10192
1044
660
11871
5950
6294
10665
735
6346
10818
9634
3340
5099
5900
11734
5949
9397
542
98
1470
7362
7734
11731
9915
820
12422
2562
12654
12307
2744
7913
4681
7900
11612
9941
7470
6020
11026
8353
9866
9059
4116
8630
4799
2935
12172
71
7780
8475
2995
11180
5344
11114
2137
2461
10202
11266
7471
8209
2442
2111
12450
12780
5802
8440
1226
11493
3047
6204
1276
8836
4952
8749
4532
10371
10040
13056
5000
6536
9826
1652
2127
3921
51
2060
4195
3911
5158
5495
12487
4787
5974
12656
9902
9533
9379
4209
3007
5981
1651
11901
3903
2772
8994
6303
11497
7646
5559
7171
10576
6773
3470
751
6531
7673
469
8105
1784
11844
10212
8156
9151
12239
8984
9914
1701
13265
1518
9945
4512
7800
9868
8798
3508
11461
2349
6432
11058
11603
11402
9542
10300
3186
8376
4598
10191
12850
9615
2579
9351
10987
9013
2014
679
250
8272
7622
4435
5997
2037
8426
9335
1277
11155
6597
13151
9309
1966
12282
7574
9607
10085
202
4547
6453
4619
12770
13264
6166
9624
4161
5634
11343
6401
6218
4854
12994
4181
8185
7419
662
3805
5920
1527
6392
5337
903
1493
12755
6472
3207
687
4165
11177
7656
9604
12409
8411
13044
10723
1791
2727
9422
3806
13048
10940
10739
1128
6617
11677
11473
8283
2664
4526
2928
5166
148
137
10958
5408
11853
10768
2404
10835
1610
7928
1662
1569
1893
2118
9246
1792
5651
6388
2951
9940
8313
5051
5948
440
5820
1456
3928
4517
6891
4049
2339
8906
3361
2739
6184
9527
2477
10483
13329
2464
4758
11588
6836
1164
8866
3064
8371
6640
12617
6266
3958
2608
5289
6438
12954
3347
3161
9651
6275
6684
863
799
6271
4515
7255
3795
2703
2775
11350
1081
6924
2818
3267
2865
8095
4718
4560
3441
4037
3054
3940
10914
7307
8519
4987
11798
10569
7625
9021
5176
7509
9802
7371
5411
4877
11611
9389
1980
478
610
4114
854
6019
6792
2177
6986
5489
11506
10991
8208
576
874
9706
2449
1564
6182
8772
2390
6355
3775
10001
6169
13295
10261
6789
1404
9025
12425
5810
4757
1544
9742
8616
2189
11385
5744
12848
2279
11459
4591
6310
3404
8989
11109
8109
8902
12115
8845
7706
7325
7980
7222
6796
9628
2301
11470
10728
8337
6447
11581
11617
9188
7490
2678
7477
9158
1992
8451
8262
12732
12446
3772
13371
9136
3842
8588
6004
3317
698
7092
4731
9848
7209
3006
11253
10625
7407
11287
1183
9682
12692
12789
710
9960
6798
2475
9737
7553
7765
9859
8632
6329
9668
1093
11029
8578
133
1776
962
1056
2991
7243
6029
12904
2927
6948
4455
8718
5960
7925
7649
8629
5794
10447
12701
11104
3247
954
12917
7112
7518
11557
2280
8868
3604
2823
496
4297
3296
9574
3038
2233
13272
5482
3229
11722
1983
3601
5699
6557
4393
9677
12008
5907
2754
11744
11776
5046
10784
7281
7637
1263
8302
10044
3022
4125
6484
9216
7876
8437
10917
1688
12492
5935
8558
7345
12216
8765
12747
7639
6969
9242
2418
1118
12279
10875
10351
11782
12721
7479
2598
3582
12591
10869
2526
2336
10396
7225
8850
11328
7918
916
9261
4177
2105
3440
13256
1849
10018
12146
10903
7525
1649
11752
7269
2930
12398
5001
3136
3960
11250
4981
11786
4624
9621
8128
7021
104
13120
3929
6277
7614
1262
8986
1755
9159
46
3797
9396
12339
11052
4553
6462
12232
1969
7652
4760
12025
4270
395
10711
12627
3153
3373
1415
7448
7270
2686
2252
7835
7568
2561
187
6962
12171
10661
6246
4584
3695
13152
2206
9095
6465
9462
1355
1744
2223
3661
5594
4305
5316
6086
12296
4207
1311
4519
8045
2181
13351
41
3876
4103
6309
12309
12362
7538
9419
10978
3981
7695
2954
9908
12285
1250
762
5362
7519
6858
2447
936
3334
12597
11200
8242
1735
2400
6444
4654
11314
5092
6058
2087
729
9770
11653
13083
7089
9964
1821
13257
8910
6840
11960
9842
886
3449
11530
3104
4631
5448
61
7930
3773
1809
4239
1497
11974
9266
12853
4434
9474
229
253
3474
10335
1852
11041
2043
2023
10203
6104
12783
6518
9148
3711
12241
964
9296
1486
6426
3472
9311
6175
3937
4495
10703
5083
8125
7246
8560
1585
3290
12355
2077
10184
11537
11361
11218
9241
11740
10373
9333
12636
7972
7079
8918
4089
6485
4817
2837
581
8486
9535
7723
6573
4520
1590
1631
2259
243
26
4432
7154
2221
4301
12269
13214
4454
6879
477
13283
2609
8947
1530
894
1879
12109
906
6389
2147
8473
4566
7932
5689
8021
8932
9552
5707
4443
12645
10705
4971
4978
9115
10680
11870
344
11832
5394
2531
12465
6372
2040
4213
5816
4009
12175
2092
12489
9495
8825
6249
2493
7323
4850
12354
5461
4551
4258
8221
12408
2354
12515
7436
11174
7278
11967
5341
4055
7522
13013
3338
4414
4
2896
9269
4244
7854
999
8573
5104
4275
2597
5894
2797
3444
7861
2655
11805
6960
3253
6306
5542
3824
5438
5613
11301
9623
8015
12610
9666
8178
13235
12981
11008
10527
2126
653
13157
4048
7546
3224
10756
1908
2492
12815
1358
6587
11246
8087
1921
5011
664
87
1403
13107
2508
7537
6222
6546
1203
10598
3312
5251
1822
4338
12942
2249
4633
1363
4856
7039
11977
13218
8509
4232
11001
7867
8903
3062
10275
852
11435
1762
13216
5499
11502
12308
5429
9438
3788
1979
11632
2494
5431
3128
7122
3786
8959
5785
6782
11811
10074
5769
7511
10201
5936
4084
10308
4794
11267
12793
10628
11124
7572
3473
4447
8565
3745
10902
11490
3315
2650
2759
1878
8580
10514
8890
5459
3584
5374
6312
8329
2617
5519
5659
4809
390
10419
4358
7124
8348
5460
11875
3150
11765
5439
9551
2553
7955
6315
6402
7547
7683
10372
10262
1553
2854
7421
649
6670
2050
1728
7108
2833
5424
1409
11135
4342
5694
8911
10193
12378
3014
6358
8675
10283
2072
11099
12646
3433
2918
6101
1330
12168
12366
3306
2265
4488
784
7113
2146
2950
5933
4460
543
6712
2793
8264
12708
13191
5115
12651
12459
5253
8219
4119
11771
1803
10716
9492
647
6274
9306
2629
5984
7201
1660
11045
1731
9823
3848
1954
7945
6185
446
10757
11797
1960
4958
4077
2938
9036
13167
5224
2287
10255
5874
8239
9050
812
3425
12157
1853
8177
7570
10464
522
10314
6502
9616
2559
8757
11558
5612
1287
6673
6144
4882
3639
8594
1139
9008
5925
9426
10416
1265
7444
12112
10494
5543
3463
2070
2840
4323
4170
396
1957
10744
10787
472
10417
7156
4873
11964
3527
1733
968
4874
5617
6560
6436
4403
12840
530
11178
4704
9140
7492
5078
10340
1843
6328
4766
4883
10859
4797
6898
3670
227
4008
6336
4840
6380
5576
8014
4508
1352
4017
785
7602
3221
9447
9410
12245
959
3725
1761
4129
9358
5082
3346
13134
9519
9968
11509
2852
100
9394
11589
7190
4685
1353
6433
8341
2172
7165
6515
5764
3913
2010
6150
5040
5213
3939
9215
8357
5185
5545
435
5454
13190
12290
9352
2076
9175
1481
885
10490
1758
2057
3722
7090
2581
8948
7944
13207
8005
4357
12445
8216
4124
2133
11384
12202
9381
1632
1947
8104
5665
1953
11060
3210
6913
5189
6625
1401
11278
5590
1140
3123
12662
3292
8981
4902
8515
3147
3068
5295
4052
2788
3369
2329
12060
3063
7751
13354
1581
5604
2963
13366
11292
10039
9966
6051
10743
6122
3605
11586
7548
492
13348
11574
9219
1213
1968
932
485
2361
3385
8249
10603
2430
738
3933
2424
1188
7170
3344
6655
11429
10369
5343
73
9584
3496
10838
6534
13379
12449
1473
285
2931
4493
2196
8625
5329
5113
13252
1712
570
5867
4935
11696
1156
6278
5370
4335
11666
5609
10060
1191
6862
6287
10878
10195
13229
11409
6228
6399
4399
4087
4466
6200
7987
404
9619
8756
3830
9582
5817
2910
6734
12584
8155
11391
8708
12871
1435
10968
10823
4272
10994
9556
13170
5413
6866
6764
4491
8204
2282
1375
11512
8106
11024
3618
10440
1381
261
3478
10005
7084
7997
3167
7880
12252
6111
422
10517
9586
9609
12463
10496
4097
9338
9648
7779
9631
9916
6730
5281
2071
8786
12030
9454
9792
8151
12576
9166
9113
3097
788
5763
681
1963
9146
12730
9571
5241
8096
1679
12058
7366
5032
6932
2389
10809
4980
11668
5956
5963
11255
1924
4050
7029
9720
6940
11396
12964
9942
1060
5043
8863
4450
10450
2756
6852
1737
12040
752
11764
3042
11154
5784
4368
1417
4948
12085
12891
3957
6848
3264
3847
5110
4310
6768
901
7784
5688
4535
6367
2065
3862
12191
12725
11010
12565
6832
11071
11034
11242
4638
10274
3897
3668
5395
3534
3982
5616
4135
898
9702
5964
4140
6807
12213
2993
11742
3243
4588
10905
7588
6481
10953
10865
7461
1069
8396
5405
4251
2427
2502
2134
12661
2937
5436
11804
1759
1141
8608
1861
8417
3245
8157
8067
7593
8285
11084
12219
8603
11488
9561
3060
4722
5055
1454
6338
12177
10232
10526
11947
2815
6370
11197
1260
12890
6623
2085
9002
3387
5978
3241
12995
8373
3422
8556
6016
7700
12614
11216
6624
8595
10220
586
6366
4318
11229
9638
371
6265
8636
8145
10506
13036
11504
5966
3938
9729
3328
2080
9999
8579
117
3674
4351
7381
2968
5603
2083
11939
9836
10431
7025
11885
1151
11646
9975
504
11331
4291
8870
513
4657
5765
8424
12630
1000
5727
4820
7626
6041
12365
5812
10635
5375
1158
4913
8228
7968
6243
8740
10119
319
5036
5298
5283
3278
13302
13156
4727
3439
8964
3528
13343
6577
2880
10237
6430
7859
3697
8076
5969
6216
13273
12182
12218
10304
6812
2914
5902
4684
5717
5059
1691
12367
11721
5010
7063
1702
13341
12054
4872
2604
8368
1637
8904
8794
4332
2388
779
9284
2002
7670
9613
7429
2680
9243
3089
9606
5514
815
10803
11834
9109
2994
1072
9222
6322
2971
12792
6330
55
11679
8391
9286
10409
6033
9805
10470
92
1224
10146
1898
12251
13111
6507
4300
13328
7251
1423
2460
4247
2677
1667
12801
2894
722
13057
11446
12488
11529
6254
12327
5761
9834
1742
386
13336
11100
12206
7881
5296
10441
4378
12522
5097
6951
8563
6989
4271
4313
7579
2170
11092
4950
6630
10059
6065
9642
6837
10219
6727
7713
4413
2853
10061
12361
10685
10327
2981
320
7141
11837
12724
13088
3012
12679
3571
3857
12374
9712
5191
12432
9811
11284
10741
8142
10808
1073
11275
3727
3100
7438
10697
9937
5797
9813
6082
8809
8202
12659
12174
5214
7715
3614
6900
11726
971
4781
2846
2269
6779
394
4714
12135
7750
11359
2506
12141
11054
7986
10736
4348
11633
3868
858
686
3946
4886
9861
1063
9949
8494
592
2582
12992
6823
12240
5823
2702
11743
9289
3094
10270
10116
11157
10263
11777
12518
8714
7286
11002
10281
7173
3807
11624
8701
297
13359
10556
4628
9178
767
12814
10907
7194
10285
5271
3682
12268
2881
10779
2195
7886
11773
12566
11850
11150
2890
1757
1135
9935
3318
3368
13077
4130
5382
4105
9201
10678
10438
10291
8339
8022
2864
4426
12147
7129
6758
4537
6031
5807
13073
12071
11956
3258
7200
3539
3222
2378
3547
10668
1209
12358
572
2778
3843
6132
4732
598
8585
11227
5857
10493
10328
3926
8726
7915
717
11561
6459
3485
1017
10379
13239
1219
3583
1788
2867
4780
212
9298
7607
7964
9268
8719
4763
4643
6423
1032
3321
10137
4949
2773
497
12027
4622
6363
12049
5360
6742
6067
1107
4383
3284
5361
4406
9599
2872
7610
4353
5093
12117
1298
5993
1511
6121
3649
890
11647
10463
2049
12421
1253
13178
7350
1234
11654
7049
12583
10168
4733
1952
10022
12416
7938
9520
2967
5646
4162
2785
6347
532
9853
13112
11263
2768
2805
6928
2588
11268
11725
10271
6653
3941
9355
4027
12811
6591
10366
4627
1516
2567
3043
5245
6808
5510
8909
10397
851
10280
4963
7560
4075
4577
10846
1864
11093
807
2769
3386
13165
10856
2011
12471
9433
10760
10130
5471
11809
7065
292
8851
2307
12660
599
12335
666
4298
11713
10354
12330
1636
9259
6317
8330
957
8306
8769
2898
9349
10198
4889
3032
3817
3256
359
2782
9888
2682
6957
12598
6784
3652
2892
3932
11161
1162
2625
675
5772
9415
10708
3827
12009
2293
7453
7856
9360
10313
9290
7336
3117
12827
7508
9602
10648
9131
5619
6945
8937
3406
110
11812
13294
1020
10120
6884
2328
8601
7888
11004
818
5540
1572
5327
5541
1462
8952
7262
4222
9499
12131
10798
1570
1677
5121
11643
10929
12819
1339
7809
13370
9922
11137
7883
12763
13223
1312
6260
1295
8245
970
1512
7742
3679
7919
8171
10467
7214
3770
279
3904
10790
12870
10679
301
9512
10880
12169
2766
1115
12142
7098
6167
7014
9274
287
13030
1167
12878
6345
12736
6899
10681
3637
9772
9033
5780
259
993
872
10067
4811
1233
7584
5449
10014
8900
8770
9901
7920
10963
9027
2717
9733
9446
2276
3964
10460
7403
5447
2451
4007
5209
2957
2185
7197
8303
3627
3119
4576
2234
5668
12668
9736
2765
3335
22
11799
5342
5049
12331
5649
11134
10542
659
4074
4936
6239
6177
12734
7735
5502
10795
4325
11571
908
9605
8247
8512
5833
10961
5527
7263
9404
3262
3053
5740
5379
3362
8705
9929
7158
9334
12839
13193
225
456
3838
2913
891
7814
7210
12934
3379
4538
9484
288
13232
11921
5893
7431
3052
11249
419
7620
11714
11083
3825
7364
1763
3590
1062
9880
4189
12988
6377
1042
11552
4542
8517
7823
6063
7577
5615
5023
2758
11758
6881
7824
5385
5979
2618
5331
5226
9179
1241
8111
12281
7971
1307
3374
6353
7896
7890
10560
6824
7820
5813
8721
4141
10518
5264
7550
1282
11824
7690
8550
938
10836
3
11663
11258
10152
8905
314
8564
10986
8807
7818
11027
7377
9680
11006
781
9991
8961
8853
7074
10896
2737
13067
6525
3611
10336
2355
7787
11243
11891
12100
13007
5776
13168
2501
6371
3746
10621
11500
628
281
7895
7589
3991
11192
8812
13164
197
3686
6849
4392
7055
2877
267
2953
5566
6400
9375
5565
1087
7627
2842
637
8699
5151
10890
6024
2899
2503
2064
12087
502
13133
2344
6267
2926
2513
10575
11698
10593
5749
8839
6076
8127
10781
272
3513
12756
6982
1335
9825
216
12380
13345
564
947
3302
13279
13137
4835
3917
715
8593
7912
1985
1097
5472
2251
471
3965
7380
2908
3058
2034
5207
4059
135
9761
7866
9717
6194
4837
123
3142
2205
11815
8949
5911
4851
6590
7391
6302
550
2743
8236
1537
10031
11790
3685
2780
6861
8179
8474
8372
7730
5971
3112
11518
10696
742
1778
12236
8477
3191
3591
6762
11222
7353
12561
10213
11515
9755
9478
11235
5591
3004
5148
9196
4759
8787
4138
4456
5378
1382
10886
10216
3122
13213
4892
7032
8806
5535
12530
8056
6920
1599
2407
5103
10357
4458
2035
8944
3190
4688
1336
4422
5789
5954
975
3184
10839
3280
2652
5258
10608
11375
8748
11527
3781
2594
7389
1621
12074
10352
3260
539
4309
6788
199
12831
8295
10653
10732
8624
5664
10713
8627
12186
2150
8704
5112
1036
2619
2285
5940
8436
3820
4858
3261
10434
4793
5294
12383
5441
11364
4132
4586
6921
403
9343
7772
6719
7634
795
2602
4469
11845
7906
6023
8238
10421
310
10819
2384
3189
8345
11110
6398
7142
1440
8570
6532
12410
6801
10956
10164
4076
9726
3176
13181
2697
11366
9046
6733
10962
5882
8865
12457
9746
11948
2059
13251
9457
5518
4700
11915
4896
327
4489
966
3855
6621
2705
5198
10508
6407
10564
1386
10943
6906
10183
12847
4150
9864
3900
5521
49
7819
7447
7303
4743
10210
4060
3529
3121
11703
8936
7873
1109
7693
1474
5152
13304
12828
7510
12280
5808
9493
9544
3506
10324
8953
10861
3728
12772
11082
7806
10813
11225
3143
9719
12007
749
12863
5915
7629
284
2692
1714
13228
12650
4928
7659
6487
1911
4975
2839
3310
1416
9277
4442
13280
6230
12608
12963
402
4836
10238
9645
11610
7187
2363
5069
9954
3081
8826
11166
10332
8761
5175
4183
1257
11414
8230
12516
5047
11893
2468
8052
3236
11175
10029
6977
10359
9055
1002
12153
7101
10289
2764
3194
8673
6478
7899
2129
4678
5064
8134
12577
7623
5743
1258
9608
12468
9700
10829
2006
7233
13070
2516
12140
608
2088
2325
4922
1313
2164
8746
3517
3336
4457
4294
6995
10360
12892
1534
4178
7685
4852
12764
6569
4117
8117
1323
1452
111
296
2351
11096
3018
6506
8921
9791
9254
6383
12170
2925
8982
9647
6578
6059
5873
1929
8709
5975
7789
9835
10942
8846
11735
2157
1480
4095
5568
5371
3246
12822
1508
4006
434
5012
6713
8973
7369
4430
969
5691
905
11270
8834
1603
7967
10062
1432
1061
3272
4625
5440
1847
10837
987
10385
10455
9839
7395
8612
4160
12641
6665
2825
13177
3090
955
4043
3659
10296
13129
4745
2179
615
8406
2159
13059
4127
10388
9386
5161
7311
7996
1596
7754
11908
4118
8669
4242
10071
7667
6729
9350
12273
8425
7647
2281
1016
5653
2909
2571
3345
602
8252
7803
12872
5916
7585
1515
1641
2978
8043
3954
3889
5752
10
7426
12342
1703
10701
6412
4267
3114
6214
7613
5942
2099
4179
1438
10006
6953
6649
8493
13042
1252
7580
2375
9967
4196
4360
3204
1208
8969
5396
9516
5767
10206
6664
6811
3048
4503
12820
743
4650
10072
3051
9221
9135
5791
8541
8729
2653
4113
10891
7287
3563
763
1125
11483
1958
7028
3815
322
4321
13172
5909
8499
3761
10365
8375
2552
7257
3642
8415
4670
6013
50
11327
12
13226
5086
2757
4345
7104
462
5393
6501
483
6427
3796
2578
9408
9511
6145
942
3854
10502
5959
9234
7483
276
6043
5648
3364
5876
7454
1289
10683
11991
5847
3703
12411
13242
11044
7094
10546
2983
11315
5473
567
7640
11050
9649
12481
10080
4241
10524
1302
8476
12952
3497
12519
11976
1904
9318
13318
10690
10731
5156
10512
618
7396
8514
9485
7317
10647
11204
6268
10315
5116
10355
2024
12667
7008
4494
10089
20
5844
9015
10770
11774
12754
12150
5076
7455
3869
11791
12443
937
12779
13
13346
11247
3717
11877
7536
1195
6923
7666
3163
7109
12932
11846
7363
5732
10436
7777
12274
736
6844
11476
8862
12676
6170
3486
2620
7111
10973
1085
5551
5398
9294
5885
7877
10664
7661
9872
1009
3479
4869
6819
10579
9867
3407
2922
11841
10854
866
10624
2266
12305
8304
10088
241
11661
5800
10892
3554
7966
10555
2923
10162
109
6074
580
453
9685
9097
5192
4438
3671
1469
7071
6698
7291
10510
4288
3233
6349
7132
5350
1373
482
12152
11260
1601
1767
7985
7301
122
11652
7294
4796
5706
3195
6466
5169
5423
713
5702
11787
3580
12014
1624
2884
5985
5679
8448
1074
4223
7045
15
3199
1038
2517
2194
913
7119
6714
189
10775
1549
6860
13367
11039
13353
849
3113
7474
6297
9686
9088
5946
9980
12726
362
8706
195
11336
2445
705
10155
11881
4390
2583
1732
6140
792
5628
11634
3623
4580
8633
4803
8356
3343
8735
794
4486
12271
7300
8831
4304
10489
10911
5322
1785
9699
4030
5548
8431
3592
8029
3458
10230
9012
5645
3799
10175
4546
3443
6648
8648
4697
8072
8256
11061
11302
11369
13330
6280
6288
1308
6955
3057
9304
10236
1746
5618
4849
782
11898
6409
6780
3898
5921
12484
12474
12394
10026
9413
4838
8651
5687
9817
11373
4112
5861
4737
904
4572
3978
9722
525
7468
8149
7077
511
4621
3002
7721
7874
12570
4419
12413
2256
7001
3566
9020
2695
10769
10702
5410
5014
6078
1663
1563
4822
2693
11705
8581
10733
4080
10100
9023
4257
8958
6199
2319
2484
11503
10820
378
10209
10999
11733
2184
3579
973
10036
8869
4673
3570
12363
9328
5278
11106
2243
12332
10426
7127
9862
8469
859
5713
12093
11511
4377
11098
10097
7926
7118
6638
11894
3606
96
3408
2670
5249
13222
3551
7076
6103
6979
8551
896
3638
9323
8804
12741
10167
617
12145
5484
13084
8546
7476
5901
7093
7841
13109
340
7942
3036
10298
3003
10669
13148
11996
12898
13114
11290
10381
12234
6461
5869
9830
8660
2990
4639
6053
9581
11142
658
11182
7567
12031
12629
12284
8466
3520
5052
6687
11412
5704
6581
1305
7983
6781
11833
11172
3416
12086
11946
12295
12637
13357
8871
10042
3952
12352
7221
3809
5737
9950
3183
8506
12980
4000
7606
13230
1689
961
1575
2473
8833
6914
5888
1248
9841
5095
5569
2790
1854
5513
12607
2341
11199
10412
9101
25
278
181
1279
5674
10052
10640
442
5492
12434
12476
9906
4131
11995
9918
1159
4370
614
7131
2915
11
412
3437
5079
8061
11926
2485
5366
7360
5968
12090
9237
2208
1923
3124
5685
338
13078
9034
3700
8885
4884
8407
7392
11971
5035
3542
6643
2712
12345
12962
2323
9407
4506
4642
4564
3966
11998
8976
1883
8122
11215
3428
11374
5467
3882
2975
4923
5625
11842
11234
11320
9506
4632
2115
4121
7375
9229
1777
2535
3154
12298
566
11599
2723
8381
6800
24
1111
5986
374
10793
6802
1204
11272
6527
2369
2813
9740
5698
2725
5352
10023
701
6193
4227
10778
2220
1713
573
5889
8435
12588
9705
9562
4388
10257
2774
3629
12230
10650
7786
5133
3905
1880
4901
6334
3419
4641
10572
9330
3413
13064
2067
3135
11365
3892
6057
11283
8190
1037
3573
3409
11935
10718
7716
10789
7414
9487
5167
2044
4801
11214
569
9152
8647
10260
13231
4607
6429
1766
8792
1938
3516
1039
6974
5630
11159
4498
8042
800
10181
1502
12029
856
9541
8547
8888
731
5181
10600
8318
1116
772
5037
13150
13244
8188
11316
11122
12509
9618
237
5523
3818
2563
3382
6226
8453
12879
8696
8343
9992
7239
5917
12494
3072
8139
11945
3269
11962
4569
5080
6754
6731
11843
12325
9587
565
463
12592
10513
11825
4034
2734
13102
8232
5186
12004
13104
9769
2434
3208
8781
10190
3289
11377
9809
10376
2211
6036
7756
12545
4715
5962
12677
6859
3595
2999
9344
7068
10812
8495
9390
2113
9464
3995
7853
11265
13255
13055
3371
1236
7590
12231
2996
3327
13215
4481
10057
5418
7848
2545
11422
4349
5235
2550
8243
2242
7398
10231
8561
13189
1721
12557
10857
8810
2117
2103
3710
8857
5872
11628
11747
7110
2863
9961
13347
813
2096
6316
4919
8722
4706
11420
9749
10925
5830
7293
7990
12499
8892
8150
11950
13205
6942
7020
1939
242
1565
7146
1399
4614
11785
6490
10462
512
4940
3615
11593
5821
5183
4014
6492
13118
6496
4604
6978
6326
8132
4647
3045
6404
8401
8000
7342
9018
8762
10717
3844
2423
10578
3819
1024
12151
4616
7458
125
6261
13124
7452
741
2446
5317
1054
4081
32
11467
11324
1005
3156
8980
7
12360
3962
348
12048
5722
9068
12700
4893
5348
4979
9557
7651
11368
1004
4957
9467
1103
8070
12242
1517
1177
7081
593
5462
10893
178
6179
7542
5119
6284
6571
146
4776
5705
11886
6889
2045
2288
2009
11693
3288
36
2058
6354
4417
3881
12461
8979
10154
8386
6671
10051
12447
9924
9560
4548
6521
4961
11895
12226
2665
12070
8107
10965
4473
8452
6716
6632
7696
12125
5716
1388
2069
1027
213
8670
9409
2230
2564
1212
39
640
9482
12785
12377
13128
2656
13365
4728
6931
207
6608
8071
8605
4191
12671
11478
3511
1
11640
12020
6497
1627
172
4330
9650
9354
105
10484
6356
11145
9198
4128
7195
1378
4691
9688
7773
3872
2687
3594
9224
4371
12975
5905
13234
6816
12993
6248
10124
688
5419
7070
4029
4615
5991
8398
7237
6473
1573
7316
8161
3765
1407
2676
10090
7183
11779
467
9703
893
10228
7080
7956
10955
11140
6943
13106
4784
4768
12521
3810
4308
441
5308
8813
7177
633
7312
323
3477
3990
90
2836
10456
5842
6073
5274
5787
7026
3353
7500
3980
4740
1342
1936
12119
1804
2538
4107
5731
12001
5273
9768
12209
12906
11988
12538
351
11244
6443
5157
9177
4072
2518
5162
3762
9038
12061
10007
4110
657
11657
9748
1050
6017
6018
11688
8058
3158
9900
4362
619
12945
7624
2587
2998
6477
9558
5642
12011
8926
9332
754
1465
11933
6106
8619
112
10825
515
5417
547
8919
5580
8532
12951
5724
11147
8114
12624
10329
12628
190
12002
11917
5409
13363
1351
10998
3558
4698
2166
10974
6895
556
233
2672
9247
7266
411
408
8527
6592
541
10677
11649
1176
12364
7916
12144
8220
231
10722
7139
13136
12958
5781
607
4618
5919
10338
4694
9517
12648
13368
12189
11351
11942
4496
12702
6946
11296
9580
8773
10881
367
1433
4545
12348
4986
7804
879
9514
11021
8743
7882
11206
11983
7552
10801
5109
6381
5626
3102
5995
5100
6157
11739
3026
12346
4182
8113
1227
12727
2804
12924
8225
11252
1455
606
5836
6452
12884
11878
12830
13266
1354
7741
5762
12728
2470
8972
6656
2155
5345
5369
42
7748
12796
12778
12849
1981
1719
3999
3059
6034
12292
2207
4086
11449
6850
2666
12201
9497
4101
3504
8286
12877
1836
10904
4516
10428
9303
3676
13161
6081
7497
9932
8566
12539
7582
12531
9896
10589
685
13135
11704
2315
11299
3811
9347
6079
13079
4066
2883
10452
6110
1120
6929
3242
8175
7749
5469
3715
6035
3561
7130
1275
5819
720
4915
2286
8567
7361
7486
8827
3168
12068
9816
9142
9707
2751
753
9054
360
873
10135
6165
12826
1562
1487
2004
12762
4610
4635
4810
10735
1235
8180
6206
9149
4201
4199
6025
490
10590
12391
8912
11849
747
7338
8422
3286
7970
11115
5522
2263
1514
5096
5710
13099
8011
9524
8754
2716
6599
1894
6244
2271
1132
2891
1682
9260
8057
10095
5684
639
10710
9488
3227
629
7807
5863
2512
1542
3454
5561
3069
11011
9348
13373
369
13267
10309
1243
3021
13238
1083
2202
1823
8362
11591
3173
8803
9985
4047
9838
2379
7151
5509
489
3399
11211
6141
7469
10852
5624
6826
1256
4206
12704
7144
6066
10783
5234
5520
1654
4947
159
7133
2505
6282
7013
10821
3750
11916
7793
10574
3730
1483
2879
12685
2857
4337
5368
4499
12110
1405
1872
12121
9856
12021
6001
6763
8214
10093
5030
4279
5547
11355
9974
1310
6153
9168
12287
4880
12414
12634
9983
1021
4122
760
381
11201
11066
5980
8837
11584
9058
11542
691
6171
5987
6264
4311
144
5661
10992
1838
11547
13374
11460
684
9431
9931
7267
5205
6225
4229
4790
7775
7234
728
1671
6708
11618
2079
6069
12618
2038
11781
12353
1820
5125
6308
6915
9001
9388
10147
4302
12126
4423
12663
12947
9852
8644
1568
834
848
1494
3490
7860
392
10630
7534
12504
6524
11606
4180
6894
3887
3116
7569
8817
5579
10475
9716
6642
10288
10939
9489
8255
8083
2020
3332
12506
9240
13132
9869
1286
8995
4937
1674
2634
13324
1147
11925
6853
9796
6893
4699
7506
672
8577
7035
12136
4993
1668
4531
12832
1997
1506
1288
2917
7472
8062
7855
1222
9636
2415
6871
7801
6276
11580
1170
7943
3646
8582
7887
7466
5259
8896
1228
11431
9498
10129
11207
12707
9281
6434
8789
3234
10053
7826
13012
9468
7669
9629
1244
5951
1092
9213
7828
10024
8265
4667
13050
6968
1049
2776
3023
8191
13158
12215
13090
7936
4644
4262
8441
4552
9293
6219
10165
5757
10172
5908
4939
8990
8840
10726
10771
5898
3787
6469
5497
12387
8908
200
1723
12864
2321
13127
9840
10916
5972
10003
6975
12099
305
8393
12862
13358
8695
786
4879
6283
9810
5574
7384
9528
6037
1418
426
12165
9982
326
3813
10341
2988
7836
8207
6705
3300
2033
616
2198
9626
9676
11095
7842
10699
7911
10408
8713
155
5260
5075
3968
10845
6778
13212
7922
11822
6994
12563
6777
4109
1594
8168
5593
10639
1338
6295
2098
10127
5741
3535
12261
4363
5621
4575
5266
2436
12548
68
9072
3852
12653
5452
8667
7540
7335
10325
4991
5512
3851
331
13123
6327
221
11989
5483
2964
93
1642
6825
12817
1933
5557
933
2783
6918
7224
5756
476
3771
6745
6510
5132
9423
8858
1007
9566
1202
6523
7399
2551
10330
8799
11521
7981
2870
5723
6877
1961
3000
912
6083
9174
6949
868
12838
3949
5309
11080
4513
3783
339
74
8954
13296
12078
745
4070
12427
5450
10931
6947
790
7664
1088
2522
6286
11869
8664
10519
286
3024
12042
11325
7767
6675
5432
12642
9589
8600
1874
5862
2838
11711
165
716
5025
4230
2876
11763
4439
1424
7564
11796
2691
11185
1104
8596
6463
1096
4146
10582
17
12098
11934
5041
6744
2254
980
10993
9994
2182
325
1153
4663
7387
8555
6365
4286
1168
6011
13038
4905
8068
6242
11783
9794
2039
10646
7352
3635
2944
10909
11128
13162
10390
10794
12127
10404
12682
6300
6647
185
11583
5339
1678
7697
1661
12176
1192
12356
9773
3008
12075
7753
9092
9007
12549
6973
9787
9731
9029
3891
877
295
1028
13275
12652
4909
9725
3630
12517
4653
12511
10923
12773
7682
145
9064
11675
6097
2906
9173
8110
10960
9977
3522
5306
60
4860
8120
6188
6770
5570
10297
13254
1903
2437
10676
3129
2385
11692
5871
4022
4163
7914
9858
3997
7847
13377
10626
5758
4462
12312
13356
7100
11347
12766
8170
11036
5652
9160
946
6692
6422
12444
12513
214
11517
2053
1653
13115
9698
11103
9670
7671
9362
3151
8780
11088
3118
12753
218
1917
150
7495
7903
1774
2188
5805
8599
3193
534
3354
4568
4916
10008
3694
5841
13303
10393
9035
12703
10343
3976
10619
5195
3953
3079
8428
4346
5564
10233
12297
8502
8199
7599
8246
6149
12599
3360
10344
8390
4976
5952
5677
12984
6579
10310
1152
6720
5854
2081
6637
2026
12460
10495
9863
11341
6198
7275
2792
11545
5553
6448
12291
1292
75
5155
7314
4574
4686
8634
5165
12897
12123
10805
9228
9132
365
1496
2831
5455
9279
11119
3200
4953
8914
12595
6514
4428
11874
6732
1808
5848
9877
283
2209
7514
9709
2048
1578
2586
5211
9141
8562
4637
12666
8641
11856
9212
9456
5825
5934
857
7386
10511
1886
5027
11702
2711
13131
1869
11421
4283
7062
8822
7681
10853
12368
12283
6056
7254
4707
5536
3329
11468
3785
9455
9282
13274
5354
1521
4668
10171
4595
9871
1760
3748
9577
8975
3192
1491
9253
11952
7161
3663
2689
8951
1736
9078
11965
8240
10002
10158
9071
2472
5887
726
838
6006
3839
2611
1129
10226
10259
6551
7449
9683
3632
141
2809
2803
6247
1443
8997
3093
3249
7672
5549
3992
8544
8591
7507
12746
7370
10996
9697
5556
4261
5897
7940
10334
8939
2054
1753
12896
10305
6682
1346
9094
4581
3482
11017
4078
4382
11562
7440
7810
816
8196
12829
1522
12275
86
2858
11699
986
5770
10597
1786
1974
9780
256
7840
11305
4875
4523
8533
10643
10205
2120
4402
7694
1239
5302
11160
1397
9610
8234
10113
306
1533
2399
1011
680
3456
3450
11298
9573
12005
4431
12875
4381
6113
1725
5276
1231
3593
7902
3690
1865
6259
303
4415
2924
2347
8971
1698
8943
4245
3138
10754
1520
10299
8291
4649
12939
11920
919
4999
11198
4468
1844
3505
6908
2866
7785
10078
9669
977
12006
8384
3597
12901
346
8779
11604
9920
12064
2386
5002
9978
12889
2160
1278
7774
147
6405
9099
6092
8099
8287
13315
5912
3704
4721
3080
4336
10425
2885
5516
10596
10689
9928
4611
13196
4082
9200
2663
4463
13361
10472
12957
5631
7159
1309
4682
372
6550
535
7357
7894
10317
6455
7175
10063
5996
7662
12041
5204
8075
3737
12769
3263
2074
6293
6085
8916
12860
1332
11277
5457
6416
4863
3866
12442
11660
2942
13258
8977
1030
6964
8359
5853
9119
1053
10200
3185
6335
674
12428
160
1754
38
10563
724
9441
1525
3240
690
656
5771
1157
12914
10785
10863
10492
9244
6937
6878
2264
7988
7059
7408
10605
9324
9591
11484
7863
6162
10721
8165
7415
7204
826
11858
7791
1895
10082
1249
1230
9851
3808
12185
924
965
9765
7757
2605
255
5301
8843
665
176
7006
6241
11340
1805
9130
4746
11851
6843
67
1842
4331
2801
5299
9125
6180
5292
8085
981
10922
3550
2592
12731
1284
11540
1588
2904
11053
6663
10715
1242
11961
353
3667
10811
10144
7521
7258
11532
10849
5777
13246
2324
5880
6362
5149
1539
4020
12616
2200
8768
9672
1015
6765
3645
10623
8732
1161
3188
13080
5849
1166
9641
11452
1360
1672
9004
546
5174
1402
0
6136
3613
3620
9675
1206
10656
11629
12800
6916
7965
2487
8008
9093
7439
6711
10503
2589
5073
3217
13199
10561
2729
4582
487
4600
4281
6105
1210
11289
12977
3947
6622
4982
3483
5657
5017
1745
11186
2008
10985
8886
9154
12683
2943
2471
10806
4646
13285
6099
388
5529
3850
5397
11338
6091
1193
4003
246
4530
6369
4895
7954
769
3212
2496
9251
1240
9917
10430
2178
2905
9011
3274
12580
8296
3268
2871
9218
2428
1245
9890
11240
6652
3741
6070
6373
7189
8607
8934
9383
3279
1993
10868
9206
8040
11067
8130
3092
8507
7974
10185
12972
413
4202
2476
8305
12438
669
2504
7504
424
7091
5708
7096
11444
10350
5067
10567
3989
4139
7203
11686
8501
9926
3924
2762
6301
7829
3696
11450
7019
5179
10528
10631
2992
1940
5783
3873
11924
1855
8915
6613
2566
9895
6728
1500
1169
2012
5927
3651
3681
1413
7027
2511
6351
11417
373
3471
12523
3540
11454
11905
631
12670
12611
11169
9739
6038
5430
1550
12299
8720
6628
2690
377
6761
846
8534
708
43
6009
12286
5914
11658
5636
6499
1444
10395
6217
9507
7054
6828
9833
9799
10252
447
8617
7206
8408
13262
8540
9385
6146
1726
10413
13096
4527
8018
8684
11187
9208
2599
3673
11922
9879
12786
12462
7939
2631
13269
10707
6833
3721
1640
2116
8829
5831
1752
493
4287
5681
10017
11836
11510
4904
11549
2556
3230
10980
6952
6133
10740
10196
6431
9797
7383
11097
1155
6508
12317
4364
12102
2488
12508
9471
2366
6880
29
5215
6045
2448
545
40
1608
777
9614
5422
3907
4416
748
1524
3480
10714
12544
12122
235
119
1989
8883
8891
12856
12836
6341
12791
13103
707
8377
7594
1976
4396
967
10256
8271
5748
11900
6562
12803
1459
3916
13291
5102
10642
7792
9270
7000
8273
5488
12678
8753
6620
4583
7481
5358
9401
9953
4861
1519
10786
3768
2616
1687
12155
1344
2962
9098
12818
7385
10759
6672
10020
2235
6007
13032
11819
10482
10265
2714
4429
9186
551
7167
4742
6559
12603
10552
8455
909
8832
523
2309
10243
6299
10604
2295
694
12256
2240
11035
9694
4773
11245
2250
3959
8119
11333
4918
6934
3588
850
11578
438
3972
8462
6751
3239
1119
3742
7991
10933
1885
1647
9603
2859
3495
7176
3339
4320
10967
6012
13076
5837
2911
2001
2499
10420
4726
2284
4903
8988
270
328
8027
2199
10926
7475
1650
11630
3418
10142
3974
7703
2156
3434
5859
1926
1528
8861
1697
8402
3804
8783
915
11525
6311
7136
10629
12693
64
8697
7232
2810
13321
9938
11018
1932
1962
5091
4579
3238
3970
8019
6669
1995
9998
2091
4091
940
13035
7676
7815
4679
2989
8389
12729
1254
9450
8358
11262
7457
11129
11970
6147
6270
5359
2241
5607
6567
11342
6320
9715
12386
1320
2030
6766
4039
2791
9288
10850
11498
6234
1410
3015
10013
5782
670
9382
5415
5663
10480
12118
1531
4071
7768
9331
10468
12999
11209
2941
358
12184
5734
12790
321
604
4299
2151
6902
6071
7337
6829
2317
3756
10358
10870
4778
2640
9784
3372
5662
11706
10211
3541
12927
2939
8962
3538
8656
3769
2851
8284
6686
7998
2816
11944
3576
11827
2110
11415
5485
2584
6595
3216
11354
2168
5738
3489
62
6963
2639
2169
12272
157
4823
577
703
11762
5257
8160
1851
3784
5466
5584
113
9384
1739
7645
11749
10562
11105
10557
8055
7879
9515
4319
3915
3446
4744
2314
7174
11282
5218
3257
1217
5588
7993
455
7869
6467
3572
11443
2333
491
7618
6258
4713
1646
2268
11507
1130
13000
3763
1571
7143
2257
8523
9258
6797
9881
12473
5020
6950
385
11689
6933
3377
11023
11094
1589
2417
1707
2843
9245
8797
4093
11508
10534
11907
4661
294
5904
9067
9894
2569
6650
2294
8073
12193
13008
8438
10056
8412
3237
4226
7554
2289
8649
10670
10094
3726
4002
13337
4630
2443
1137
5930
12745
544
2419
12194
3644
10224
3650
6703
10375
1086
861
3575
7404
1398
8351
7745
3488
11231
985
2322
5939
2414
2845
7566
1956
5793
10627
9955
9860
10161
8321
1095
9082
6905
5081
3931
12382
10179
12160
8584
5614
4705
8849
3445
6324
475
5515
5232
7549
9449
3514
9531
12072
9371
5635
5798
8388
3794
773
9342
2524
3833
13159
12959
6039
6645
12821
11184
8409
6972
3402
10169
1035
13241
12665
7248
4477
5261
9280
194
8101
2976
11138
3255
11281
12948
11042
10136
277
4361
10535
274
5201
12953
11723
2203
12399
8956
2507
2119
5883
8643
806
10126
5403
13091
7012
356
12960
6598
13208
7845
7115
11766
1970
7663
52
3170
7247
11293
3137
8500
6939
2018
3672
12585
12043
12220
7601
10234
7761
11748
5587
6512
10976
10515
11788
7273
696
768
2312
4391
12937
9225
10644
7172
8811
11810
7037
12470
12458
2131
3987
11441
2982
1828
10321
183
12774
9751
10177
943
7289
352
12717
2645
5263
429
6535
6847
2819
3641
4806
880
4243
4898
9891
5303
12260
5865
6417
1181
7565
1058
3091
5190
3930
13209
3134
8966
8543
1595
7036
7555
814
5835
11212
175
7655
6094
12787
9847
1579
1199
11585
7933
11626
9250
9973
9436
6160
1356
12695
8873
5243
1325
13306
9627
10081
11481
11806
1982
997
1055
3732
883
1873
4522
7844
10901
579
11636
3295
4056
1999
8299
2811
8653
8974
9857
8774
2985
4504
7674
10215
6661
8631
382
1875
5534
2523
9962
10348
11394
9118
7315
11501
6790
5792
4453
8642
5814
2540
7368
4983
5938
11130
9414
8488
11055
9594
1696
308
3906
3634
8320
8945
917
11794
9735
7181
843
2789
6997
5443
10658
9359
7905
2364
1392
11121
12759
1264
10804
3351
1779
6892
13340
11814
4042
1813
9049
9325
2560
9659
6743
4665
1914
12192
8410
30
8880
10687
3834
10250
3311
5147
10110
12738
2382
6609
7865
11880
3812
5637
6594
7973
12894
4800
6332
11288
5297
3657
12158
10944
6544
1949
625
9045
5006
9299
10545
6359
9353
179
291
177
210
7737
6695
9783
2292
13311
12712
10403
1604
6159
8703
10848
13290
11062
13071
6232
7858
4058
10068
4634
6725
8662
2651
979
1379
8212
8135
831
11879
9460
11683
8129
1431
2980
343
1223
3214
8414
10585
5024
4708
5774
2970
8124
5575
13259
1783
12923
10762
9126
6456
2327
5700
6776
10602
9795
9357
2367
910
12357
12859
13176
3375
4843
13097
12922
13010
5128
8123
10374
9432
4602
12166
2019
2176
6863
4045
4985
13020
11372
2332
13040
11073
6117
1529
11269
13331
13025
12077
5643
364
8121
8193
5085
11049
5683
2958
1420
5941
13237
8430
8876
10383
10141
636
2062
11112
1897
251
9165
9578
1389
1094
3720
226
5932
11840
9424
1810
6602
4739
11687
7230
13186
6799
1780
5829
10043
4680
2000
1978
11188
9090
1800
10276
5852
12846
8965
3585
4235
2636
13320
12404
8031
2669
1891
1790
4954
630
2497
8004
10064
1789
4974
5018
517
8294
5407
9661
3034
6192
12714
8796
11753
6323
8078
4044
8542
10087
4025
2377
9723
11662
1098
2731
9345
3631
8033
6176
3998
2469
5478
6142
4899
247
4890
3622
1101
5240
10401
13298
5955
5474
8360
11620
2402
10537
8657
10774
12263
6418
12396
3457
12316
3169
8457
9534
6375
1367
7736
8380
1064
13110
3893
1867
7688
9191
3323
11334
1150
958
4862
5464
7817
5558
10970
1620
2056
8960
9473
2529
3370
8816
746
702
1644
7705
8293
10253
5321
13198
4238
6657
2500
2955
11056
5877
3619
1189
9010
6883
12625
5973
3201
4770
5326
11930
7484
9203
12289
11866
2721
6482
7632
13227
2646
6822
5899
3609
13293
761
10451
10139
13027
8920
7520
7003
8801
11019
2109
2145
6635
10055
3085
4933
8074
9336
6116
12794
10810
9970
4608
7714
10613
11999
7583
3297
184
8877
2455
1648
6992
10251
8195
12510
11829
1467
11472
5680
7532
5236
8041
12609
5778
8763
10295
329
3800
6428
12143
2647
1937
5402
6517
6565
11437
3028
7621
8325
2580
13066
841
2897
12887
13069
3384
4397
646
11482
1458
1390
5924
4671
6739
4285
11716
11769
4389
8183
4521
2138
11539
8874
4900
12844
217
9040
3467
84
6681
3698
2720
7482
1261
12167
8144
1283
11516
1046
3447
10217
11048
11319
9569
11957
7123
3019
12337
12397
5468
12664
4096
5555
13260
9536
4723
6211
12529
6548
3055
4219
1425
864
12107
8983
3776
8182
832
5139
2245
1136
2371
13154
10497
11635
11025
3743
8094
1832
8923
6062
4996
6996
3145
7095
2637
6659
808
12669
12052
8224
10908
1441
2654
6411
8081
312
5435
3979
2277
7699
7862
13085
10294
2421
3950
6901
9329
9427
12976
4088
4339
11236
3692
6537
5739
5481
4174
9849
3175
10641
1505
11462
4061
11382
10988
1944
1207
11360
201
9689
7015
13317
7033
5426
10370
12065
9326
12915
3498
10485
3896
764
12081
3197
9523
941
1296
2949
10114
9678
2728
700
12498
3752
10170
9271
3228
6002
3108
3380
13184
2807
2921
4995
6450
4231
2350
2041
5733
4401
10356
7464
10587
2887
8210
5773
10969
2595
7400
6343
3865
11401
11179
2370
6767
7327
10632
3442
7499
11356
5392
651
11433
5088
2648
7562
11213
3587
13100
5140
2431
349
5154
11392
11118
10657
8788
293
89
11108
6313
7496
10035
11107
3803
11432
6588
8266
1839
5338
6697
7265
11644
8490
3203
4126
8251
10964
143
12913
7704
11217
2095
10842
3955
3983
2532
1172
1984
1639
11239
7678
11553
10684
9831
2358
3206
7747
7272
3688
9704
8859
9227
1255
521
2029
7961
11954
7675
9713
2167
4437
12987
10157
1990
3733
354
12799
2028
7459
5599
11724
1419
10306
10286
3552
9444
11818
5346
2308
3013
6563
3994
4533
10889
5304
4675
12097
1437
8048
7365
9370
5172
11986
13307
10105
10652
3822
8079
7240
5275
10570
845
5421
11400
3337
7999
1450
2338
10959
6201
11362
7004
5130
484
12620
10610
1138
2296
2799
7951
6817
12389
6555
12569
2952
2231
5477
8628
7799
8259
13206
3599
9763
12210
11193
54
7329
12601
10229
11911
3919
8080
4669
7087
108
8397
9420
10694
12873
13372
3277
4216
10134
7798
10671
10284
465
8830
1509
10092
13122
4273
315
740
9327
7698
5280
13058
9674
9169
12613
4507
6821
4015
7638
12899
4369
11496
13009
3625
69
6088
9990
1738
5026
2154
2667
7480
11223
12809
10301
10066
6387
6046
11248
8449
6988
1334
3011
9062
9518
10207
8215
5312
5005
840
12590
12333
21
12711
10240
11126
5357
5795
3395
9275
8676
8925
460
951
1171
1959
5269
853
4344
7106
9509
4474
1220
5654
3963
6694
8206
8047
3319
120
12512
11801
7725
1920
11919
7040
2374
6984
5526
11592
9300
1059
11761
5184
7712
809
10411
2244
5766
8800
7947
45
9466
10520
5141
6227
2912
6604
982
13061
9172
8470
6210
8487
9529
13092
4710
8623
9545
4841
12572
234
4750
12423
11931
8661
8387
4099
10479
7630
3141
2406
4296
12235
2225
988
11065
11264
1184
12221
5860
10437
12200
8665
4220
7680
9744
6543
1232
8559
4482
5718
3530
10634
7541
4341
4153
3481
5729
12982
5335
4073
6125
7485
5695
4433
711
4786
4764
5582
730
9633
9555
2190
5755
9798
2713
11089
7341
4765
9503
12323
2112
6127
8277
11413
3363
3469
1811
5074
11408
7760
11307
12647
7208
4478
1824
620
5277
3084
9272
1180
7184
3791
12197
10663
3305
451
12575
12067
4409
10906
7864
2275
4539
4217
9778
13065
10686
6442
12023
11927
12214
13289
8468
5958
4145
13138
9181
6403
2253
11665
13081
10538
8009
9249
8530
3133
4529
770
302
12370
11407
3780
3356
12035
12990
12767
8511
4816
8755
2741
757
7355
12540
1142
2084
10391
12524
126
3342
12453
638
6098
11163
6721
10918
7657
11913
11566
11453
3719
12560
12907
9197
10691
7687
11348
7953
6304
8992
5364
7763
11176
1535
423
11291
12393
8282
2668
3967
10361
6603
1510
4921
2320
10422
9576
12776
2638
2565
7995
5048
2509
11312
2878
2318
7609
6556
2052
9037
723
4565
6715
3005
2201
2907
3867
1705
13068
6382
10577
12247
5054
102
2005
8620
9807
12246
537
2828
6746
5038
4395
4200
11427
220
6187
4587
12909
11051
9948
11458
1817
5573
1915
6333
10187
5315
2520
8968
8569
11494
2798
1802
554
931
3178
8315
3071
9995
8867
9776
13277
10675
810
5050
11621
5554
1587
9540
11074
922
3515
10058
9803
11937
12479
5425
11936
5193
1106
10824
4400
5839
10533
11395
12329
9465
1955
540
1658
5999
5336
8097
10827
11404
7038
6314
3096
4959
10132
6139
3050
3723
7641
3177
2591
9617
11541
12340
3749
10339
7321
524
11715
11474
798
2290
1690
4171
3333
9005
2558
3610
5601
2812
8464
357
7523
10693
13024
1468
6003
7326
3709
70
7816
8010
9278
8023
6520
2534
1946
9579
268
9292
8261
5676
8461
673
1174
11554
13142
316
3427
3821
12885
8102
8143
7103
8200
9265
10822
5066
7759
1611
12536
1495
12113
366
7875
9903
3553
9418
8298
1801
8418
1584
5567
193
1299
5320
12632
9171
130
3468
410
12103
8693
9085
4752
8429
1451
1214
1145
2474
11274
1343
5279
13174
9693
9402
12606
12306
4293
47
8739
2965
1472
4603
2013
2784
2593
3731
5834
555
1271
3065
3751
4459
7120
6965
11191
10075
300
124
6872
2932
2679
2633
5028
5118
5994
2232
2718
2148
7244
11538
7168
1751
7125
4524
12062
7442
13145
9870
4677
2543
3248
3816
12390
3029
6151
12579
10442
224
2016
12955
6815
5427
11339
4984
1131
5944
5268
7147
11868
9721
2017
9317
1837
11674
4410
12813
10584
4692
1211
9445
3736
12743
1485
1186
945
13195
8365
5709
1301
568
10312
3326
10104
4444
5458
254
12694
10864
989
7892
12698
12705
2821
7616
2186
10727
6014
2795
1412
3294
5143
7260
3492
2021
1630
10410
7268
7166
9403
8538
27
3877
4956
1768
7348
7043
10758
8549
9664
1964
7711
9919
9273
393
12507
8727
791
3298
245
1680
35
3665
383
12742
4805
2972
12016
1447
2340
8712
4761
5200
10474
3828
4501
1461
1513
732
1930
11772
11091
1112
12749
452
6867
6846
5886
1987
1730
6178
2868
7042
3111
11513
8571
488
12968
10279
7885
8211
4623
13041
6090
8395
7169
8244
6838
10592
6954
12581
12680
8522
9192
5501
7105
9899
10353
6903
561
420
5246
13219
10010
11638
10143
5796
4040
5033
10098
8118
6272
8317
10290
4554
1665
7833
10439
9236
7428
11403
10712
5595
7249
1317
7677
6420
9238
10333
406
5678
4926
4749
8444
13153
7515
13179
6115
9804
9056
8088
12681
2626
2047
2802
11381
4479
6186
7406
6842
10012
8933
6803
8658
7308
3948
6576
12187
309
2641
1006
516
2673
4274
4292
151
7088
1945
7561
3503
3283
5137
5585
8946
11754
6529
1396
12805
2628
11573
9764
4334
8370
3636
6611
1797
11028
7825
2510
7064
5434
10910
10614
3680
2732
13332
1319
13375
11831
12784
9882
10796
6386
7412
11992
1259
1870
3307
10108
1297
5187
7595
855
65
6454
11670
6089
5606
929
12198
9779
3103
2440
10331
10367
4269
13166
9951
12837
4376
10399
10945
8478
612
11466
2466
13074
5144
2480
510
1816
9486
5552
12983
9256
4558
11259
12495
8690
3567
11311
5170
3461
5324
12706
450
1700
9644
2542
7069
5015
3180
5284
624
8498
10913
8098
4815
8274
9287
2311
4716
6857
12324
6480
10050
1600
7223
2303
7420
9000
10844
11156
4998
5087
12961
4844
756
1556
976
3304
12823
11526
3951
12343
9808
4651
9255
12207
7282
7367
585
1859
10469
12369
10107
7393
12547
10293
7498
2121
2660
12321
2902
3874
9508
6874
13342
833
3993
8856
13233
6570
11424
8405
11189
5077
2093
11729
13243
2090
5004
11358
9814
6364
9987
11491
8526
12026
11768
4819
10817
10521
5238
8894
10622
6395
5437
3766
1574
8592
9496
9728
8893
7489
11803
7891
4534
4561
8610
3603
9305
10307
12196
11595
7619
4612
10214
12322
10414
13319
9429
3581
223
2046
470
7241
3218
2525
12757
2841
8331
1374
7388
2886
10444
3912
8751
4355
1003
99
12435
11860
793
7557
1391
10536
7304
9461
13051
481
9112
8602
10427
8524
91
8516
2635
8742
11436
11393
8025
13250
1884
3357
8065
11208
1765
10349
9956
2482
514
4967
3187
10568
2025
211
12448
7306
9927
4448
8805
8615
8314
88
1383
12713
1051
9595
9448
3565
2334
10254
8007
3157
6236
3322
1666
11627
5122
416
2144
13119
3424
4751
1831
9708
7422
1583
5493
7051
6938
12417
4648
2140
3910
8354
4333
6668
9138
1975
12454
10919
6541
10466
1750
7545
5428
6589
1100
4436
12063
13376
8844
1683
9267
2187
5525
11072
12069
1576
11623
11318
11438
13108
6774
1294
3712
7766
12437
8427
6021
4156
2362
7878
6935
5840
3067
1709
6683
6966
2710
7121
13323
7220
4946
409
6909
7126
3388
4248
7679
11533
8504
4977
2357
5196
9771
9757
9262
2515
13261
11757
9821
9620
2441
4190
9235
9412
5444
10037
2997
7851
11330
9491
11086
9183
5388
11738
5282
6027
12222
5751
5401
6131
7551
7904
1907
11117
11551
3578
7827
2794
11113
6586
8680
1327
1013
2197
12032
8400
5123
3314
611
9143
3430
10267
12328
6010
7397
5692
8181
12918
11000
12525
8467
4185
6000
10268
11767
439
8460
8587
10862
6549
5163
7797
290
11697
8483
6479
3546
2761
12798
153
8090
59
12621
7893
4550
9214
7962
1229
1890
10303
4168
7099
8201
6378
6238
11146
8394
13011
8963
5671
12969
10607
632
280
3518
5127
10934
7372
2855
2383
12288
5376
10245
11486
8192
479
13334
7790
2227
12998
13140
4868
3049
2066
8518
3988
11813
1781
11170
12203
9369
1012
11985
7433
2969
332
12433
5524
5928
12587
8993
6809
6435
8736
11821
9612
3894
9340
8332
2771
3602
6679
1076
12277
8611
7007
12996
2273
4772
10516
7603
6235
8237
13175
11993
1484
3087
4148
3031
134
9732
1475
10221
778
10720
10323
6289
6273
2722
11202
8824
11165
335
7722
3127
1857
2454
158
1387
10541
12301
5891
10319
9161
6887
10530
3543
12691
4941
6257
9091
8747
2104
11238
3836
4912
8447
8416
992
4278
5670
2585
3299
8996
6750
1400
9679
621
10532
11631
5062
6553
7600
1084
536
2736
4064
8725
5714
336
7795
4024
928
379
6615
11079
12047
8
5389
2643
7178
3252
6701
8233
4814
590
7708
9310
6475
4695
6503
11690
12865
2719
2236
11349
9494
12084
8301
7382
3394
461
12802
1645
11710
5129
3895
7909
5135
10900
2709
3754
8901
94
2920
8091
3367
1068
5334
2977
5098
10867
10972
3524
1942
7642
240
3308
5491
9110
10084
7075
5168
2114
7976
5254
10729
3738
8069
3355
4881
11317
4418
6060
12543
2398
9767
12204
4783
4702
10011
12244
871
9884
8059
7937
4041
4629
11069
9874
7280
8568
1143
13313
5775
3223
10083
7733
2425
8802
4379
11800
9988
719
11577
97
2738
9372
6042
4962
5182
10362
9583
8349
1488
2453
4254
12139
11475
3073
5146
7462
10086
11823
9567
8707
7410
5562
5328
4853
11439
9655
8020
57
12633
263
699
6791
8154
2649
4696
8942
6612
12162
6925
11445
5943
661
11164
11386
11830
1453
8218
9472
3640
3849
11101
6927
2426
6709
5171
9226
9546
2533
6215
4198
10047
5124
6055
5779
11078
12228
12208
8030
5638
4826
7989
8759
4005
1988
80
7002
10814
12971
9684
7596
3397
12199
11190
2699
2191
7668
5945
8655
5906
1756
2895
5332
650
3226
4709
9957
10580
8229
870
4774
4989
6631
10505
2916
13253
1179
1902
12550
7253
4620
11077
996
7205
6415
4798
3886
12979
5690
4282
8879
5633
4725
10553
1376
10244
13130
5976
1943
8485
538
7709
8092
7138
972
208
12466
13287
8369
12857
2342
8771
6741
252
9822
7379
11280
10946
3596
7852
7011
4741
1972
8622
869
9939
3589
1499
12578
1676
10145
6158
8278
7227
3475
10876
1812
10543
9788
6685
4487
12483
7050
11219
10841
11059
2814
9907
4605
8492
3041
9789
734
5712
3626
11882
2260
2483
3666
9598
11125
397
4738
4824
12424
2410
10930
4866
8197
12420
1345
3664
337
10223
3536
4563
79
6464
5286
2435
6396
6854
333
5053
1795
1546
11524
7830
10099
7505
9231
10019
12431
192
2596
8458
1664
3420
11528
8819
12970
7331
8472
6325
7048
6044
7016
12880
166
12334
7437
8479
1998
12825
2409
2657
12392
9782
10241
3282
508
9373
7908
9061
7259
12406
9658
1548
12205
129
2800
7605
13339
9476
9127
6627
1910
7635
5496
5270
5803
12589
12559
4408
11196
953
10345
7957
10737
6876
3507
704
3747
13087
7907
7373
11451
171
10745
5530
3899
11007
107
7781
2901
9233
9889
4263
12486
13335
9014
4250
12842
5597
9538
8730
341
3942
9133
9909
9009
13113
7653
5373
2061
1699
7149
7274
6584
5623
6545
609
11596
5212
9028
8164
10140
6740
3130
12013
1619
7910
9913
5237
4092
6558
5159
12350
1501
5486
1280
7628
3099
12886
13171
7958
6810
4490
6148
2746
3220
6912
12101
1977
10674
5442
7934
10763
3814
2173
1555
7305
9944
2394
4825
11173
8034
7196
7463
4001
4398
6126
5420
11651
613
1862
1643
11489
9366
4592
6528
12571
11778
474
7927
11828
4771
8784
9030
802
6342
7684
9368
2217
5068
6748
10070
11923
4246
12568
9639
3841
12159
644
8355
3880
3396
3699
9167
10616
4211
449
1720
9016
2162
11131
5178
721
5988
13014
5210
10458
9543
1971
3392
236
6970
10747
10322
2239
11755
12874
12744
9855
4945
4133
3088
801
2478
3095
1814
9124
529
5895
8037
7413
11622
7145
9963
6026
12824
11795
4951
6831
11847
9081
12478
6793
11295
7743
11972
4028
4264
4753
3215
8450
12254
6152
9665
7969
4865
3389
3687
2089
10559
11565
4032
3414
6886
3945
8922
12851
1635
12163
8289
558
7948
9117
3405
4328
6209
6030
12855
11183
3366
12687
431
4597
9453
4683
1350
9593
9069
11133
11279
5222
7153
3608
3281
5644
12018
8614
10131
3035
3744
934
5406
5910
9346
6221
10666
13281
2681
8002
725
3132
12532
4111
8491
12326
2467
12720
13015
4018
12233
6468
2226
418
605
11760
8950
6753
3860
12161
7872
10698
400
8276
3861
4380
11495
8557
11335
8878
12867
8346
5754
718
8646
9946
911
6471
4833
8227
2101
4929
3777
7849
12178
8039
1160
3196
4404
28
8545
12925
8186
7573
5998
6680
6813
9718
1626
1052
5528
5106
1321
13362
8281
7788
12116
4626
876
10278
11789
8987
7821
11378
3033
8752
12076
12456
3198
2644
623
5399
1464
5451
7324
9730
559
2849
3070
7719
9207
11792
7261
500
10459
10912
7838
7374
6855
2075
2960
3271
10921
2132
8991
6888
11480
12104
6660
8442
10897
5838
7526
2987
9307
8347
167
983
6460
1124
1994
10123
10831
9762
228
10984
12415
1724
2740
2291
13006
12003
3829
11745
6786
1078
9074
11455
6491
9052
2787
11543
587
3707
6930
9912
1830
1340
260
1877
8521
10122
12255
11712
4295
11463
2590
7576
12015
4528
2861
9302
12440
3510
8897
5291
13031
12319
10111
6662
4589
4674
520
9017
10655
1717
257
4387
10380
6190
3225
10773
9442
10588
3656
5
4412
11613
10949
9220
6610
10045
5611
9745
2630
7654
6102
2945
8334
4802
11928
4031
11641
5507
5903
468
11440
3789
1102
12037
6223
2395
8717
5063
6922
9979
7351
6606
11892
8035
11033
2411
6747
759
5287
2042
5319
6759
1293
1126
4192
6233
4384
12658
4601
7465
7082
3403
1266
8520
8640
3739
1134
6845
10225
4906
7041
13005
13225
9057
12943
7271
9458
3098
8841
8309
6839
6161
2856
6760
2343
3577
3969
6385
264
6869
10498
7347
3677
9886
12834
9502
13322
53
5094
5060
9829
11730
4920
330
4004
13098
11423
4914
5056
7117
6601
11102
9827
12405
8038
10633
11701
3753
8554
1200
11485
8687
10751
4730
4818
10302
1833
12128
9378
4988
4511
4276
2760
6580
2136
9356
10583
6138
5856
6181
693
1347
12586
9854
2539
7073
1329
4385
600
9611
1577
1045
2627
13197
1482
817
12797
8899
7236
9232
7689
1022
2429
935
9083
9997
5252
12418
6337
6865
12537
10133
11076
4876
12034
10443
4578
1927
3767
1532
9570
9695
1669
8698
1303
8924
7085
7010
11256
12469
8250
10539
1026
3451
8335
1492
7941
9024
12347
3115
10571
7242
1888
9121
12835
3166
9526
2051
10954
7160
10660
5506
6737
7185
1490
2683
8312
4187
6028
3231
1638
2947
12079
8263
1436
9786
5490
2544
77
8654
9500
12643
405
9122
10581
9425
5686
2258
9320
12080
5233
12028
11087
3429
7086
12402
2733
7897
9341
3039
3774
11132
10015
1122
5244
1377
12619
10866
9042
3383
12095
9365
5084
5134
6279
1270
7558
9793
8791
5318
6757
2936
9435
10499
9601
12926
4557
6154
5851
5855
4069
12697
6408
13221
10847
9887
7390
10173
12740
12375
9019
2180
8531
11285
9084
862
13028
1775
9981
136
44
8528
578
11855
12012
6723
2135
9565
9930
11037
1629
9554
6629
232
3401
12195
10432
5229
7959
10000
2486
4808
3548
6032
1018
9846
10049
7992
2777
12514
10429
4290
10389
4464
11955
11902
3131
5656
4446
10548
9800
594
11136
12452
3778
3412
7188
1165
12781
3705
3074
3823
5433
5071
2557
12491
3879
3077
5117
13105
1105
13276
783
7783
6985
6981
1538
9640
2642
12949
9743
2572
115
1429
9264
1615
11600
5504
6321
8001
3871
186
1089
5248
1858
6834
9766
7744
11014
6202
4445
2919
4218
11943
1194
6756
12227
11940
6285
5799
3918
1281
3624
3693
3211
2204
1580
4011
9114
5693
12861
4142
2413
10101
8336
4452
11564
3714
4303
6212
11032
7517
560
1605
430
12500
5983
1427
1592
5285
1612
1479
5583
5217
2401
473
2606
5314
6054
3491
1148
6494
10957
11286
4326
10895
324
12094
5572
963
1941
11158
9187
1727
12266
3925
11357
7648
4147
6476
4609
12573
8463
8152
7219
3431
6064
11737
4652
12921
6991
11531
7072
9452
10453
11896
13305
1272
4827
797
10941
5640
13364
5735
6868
8539
6516
9337
6717
11728
3358
10032
5101
8597
3499
7310
7116
1504
11987
6080
8258
11487
11233
9667
10128
7924
12622
4394
9400
505
7022
454
299
892
1071
8681
12930
11479
11567
180
6207
5453
13054
5221
2397
1149
13349
9319
7921
1554
5828
2726
10620
4795
8838
5220
11684
10445
12596
215
12944
5029
8308
3856
230
10815
8513
10500
1445
9363
668
9936
9660
13094
3716
11090
3557
3101
5290
6572
4870
12882
12966
847
2073
12935
7238
1449
6616
9530
9
12866
9759
8715
1362
2745
7559
3285
6072
13126
4762
5380
526
3464
5546
5293
445
12788
11756
3082
3628
13117
2229
4888
10654
3027
415
258
3162
7597
6539
6771
5990
9180
9111
1794
4106
3313
12910
2696
6350
9479
10975
2237
13240
8167
4480
6189
6513
7134
12600
1008
7718
12313
4228
796
12148
5013
350
13089
8724
4225
8433
10149
2462
2527
11306
733
12810
11966
10435
7424
2007
11914
1048
714
11232
13203
4544
8131
9079
2139
8328
11230
11579
4907
9313
2032
2068
8734
671
1393
5730
4249
4777
974
13163
5866
4736
5498
7982
692
12916
3159
635
9832
10400
8241
11326
13350
2465
5325
1478
6445
9065
4021
9654
3927
4352
5111
8082
10782
9475
421
4234
11367
12019
2219
601
2623
925
9774
9775
6095
6724
10932
2278
13286
1566
5136
6605
13086
2216
3030
13053
2036
173
4585
12229
9380
3232
1825
2359
9549
11544
5242
5330
6538
10204
1692
7631
7796
9209
11863
3864
6769
6061
7182
12775
8054
6500
875
7333
7636
3793
11322
8985
4212
9163
4701
9089
6174
2356
8881
298
13116
4256
11068
12639
4260
6897
8682
4175
11271
9777
2444
156
11469
11536
3350
10799
6634
5517
7643
12542
8361
10894
1434
549
457
3500
7319
1887
3493
2422
5742
2086
13143
7935
4779
11560
12106
12534
3764
10448
11793
9263
9105
11171
1935
10337
3244
8146
4599
8941
9758
12883
8860
13288
13380
4451
8060
6135
12318
2316
9878
11346
1216
1748
3555
7163
8702
6384
6231
8723
12320
11910
3853
10816
9812
7839
5197
3320
4687
2685
13282
3303
4719
3359
6885
9047
2817
10028
4514
9044
5476
839
11387
11736
5470
5131
6229
11873
1948
10118
7524
11664
12262
11081
7202
407
8063
10612
4788
10966
13047
8338
12212
5747
4636
7729
9041
4350
8668
11380
3971
12376
11144
10531
4917
10637
4792
9134
13338
2165
12179
12039
5465
6990
5300
12965
13355
5745
7290
5550
7250
1477
8503
7056
5715
1711
6944
1602
2844
3487
4897
13292
5372
5992
11057
11123
6654
8203
2015
9635
4483
1175
6677
11550
10407
9189
6163
10368
11294
3858
6830
739
5746
13271
2450
695
1673
6203
8848
5223
3724
914
8741
9439
11448
12715
4236
6794
10752
9597
5480
13316
11979
11719
6262
1246
12138
4184
6196
363
5173
11838
591
6008
4655
7332
1268
2948
3835
8835
4266
427
4425
9875
509
8184
712
5544
10749
12858
361
8016
7180
3878
8815
6298
10248
12748
12401
1693
1741
13217
8194
3996
9687
10551
266
10415
1694
12936
8253
1850
9553
7279
8049
5387
6352
37
6245
3545
13201
10982
9625
6446
4944
6710
6307
11313
9681
2824
10398
9139
10915
2274
11751
7356
11563
3501
2228
3066
995
7135
2100
1827
4365
9076
114
4104
7417
7057
2055
3840
12400
7665
1815
5089
12050
13183
11447
926
6693
12657
2701
527
960
1607
2698
11194
10433
3985
10952
5622
2408
7917
2541
8419
3944
4424
188
12501
1014
6457
2946
8420
5581
10477
6441
10772
2603
774
1369
2961
2248
2796
2848
5216
552
1967
5878
10882
8053
2143
11602
7295
3654
4068
83
12044
1031
2213
758
994
11405
7530
10983
8510
4492
11598
8766
10618
4821
2238
6237
12761
3415
11418
3702
10704
3324
1187
2107
11826
13344
10636
244
6818
5790
10753
