5539
4306
6318
2420
317
8884
1463
1787
6488
10009
10989
486
10645
10802
127
11398
3755
3448
4846
6633
2847
4312
7871
4871
13016
5947
2724
1201
4343
836
9417
7702
8136
12562
2392
2570
3009
6522
6109
11899
4114
12747
4372
9193
12487
2727
8629
11784
6134
7518
4547
7243
9158
10048
9848
6773
1792
11114
10914
2127
390
12489
7525
7154
1908
3373
46
104
6583
3104
4275
5429
9842
2447
10978
8486
3250
8580
7448
7511
1843
4704
9616
12157
9306
2852
11178
5617
5694
4342
7156
6625
6336
6433
435
10273
11135
5874
7547
9823
9054
9027
5020
5375
3597
6562
3804
6242
7521
7457
1647
2473
2631
715
12093
9097
8570
8343
8827
2484
8121
11626
6117
1999
7601
11576
11723
943
10403
194
11501
6594
9357
13071
9280
4235
13040
2524
10087
5826
1425
9951
1680
4558
2580
4805
12495
6089
8370
12453
5144
8397
5601
10240
11433
2932
8946
11348
8429
11957
3039
5583
6605
6028
9808
13305
10122
6886
3707
3056
9009
3925
2291
2121
6350
8152
66
7223
719
9814
4104
188
2408
10531
7332
4365
5992
5223
8053
12050
5216
5517
8054
4944
8741
244
444
12965
5715
3702
9199
8459
7401
1799
8775
10282
8692
3885
8280
6128
11022
2893
12351
11389
4079
11607
5250
6509
8855
888
8226
2267
5629
9032
7650
8439
2929
3914
6379
8026
3798
1372
5164
12188
10860
4210
8172
583
6890
12816
12505
4930
2752
6451
2490
4887
2742
2832
8086
8716
9367
13001
9893
7157
11416
5177
10320
10828
11990
4842
12941
11587
1906
12409
1564
10261
10235
9136
13039
8475
5340
2442
3921
10665
3574
11744
5804
5864
8588
10001
9634
7477
9902
7256
3920
11867
11402
2283
4125
1983
3937
3929
12309
4624
3773
12398
9416
4584
3334
7955
9419
7746
7723
7854
1363
7269
13257
2077
8125
4305
729
3876
11490
1755
3224
9908
2221
7614
6389
2494
10757
3527
1953
4883
2070
13190
10744
12202
8948
2559
968
8014
9394
4797
5199
4882
6274
3913
11848
11678
7113
5213
1287
1401
1845
3433
4766
4508
6898
2265
8768
3477
9001
11100
12671
8846
12817
2178
13099
11098
1049
10878
10590
1702
2892
1698
5762
957
1042
3590
8245
3534
8973
3483
5047
9507
2157
12126
586
8936
6512
9627
9795
1356
9723
7858
11394
5128
12173
6359
5835
5865
1389
7315
12073
6667
11687
1604
7172
6799
6039
9962
3351
343
814
12470
10687
2731
13020
7663
12647
4459
4841
10712
3319
7515
12540
3337
9903
8206
9778
5796
8259
4587
9420
9236
2795
10391
7272
2821
2828
11801
4339
12035
2500
13154
4533
6411
11118
6191
481
11651
5163
9988
2746
6396
11335
2114
12500
9143
10841
5414
7788
8963
1280
5291
13342
1003
5196
8615
870
4802
2357
10607
11455
1068
3077
9887
10389
7085
9210
4236
2444
4451
10799
3985
6384
12883
10883
10807
2100
11418
4175
10816
6298
1369
1598
6752
11171
926
9170
10337
8682
2274
13338
5470
7524
10772
13143
5544
375
8006
12046
8650
9077
2735
12124
10377
11929
12554
3890
2888
7960
11323
8311
4347
13248
12164
4115
8248
6047
3205
2299
9958
6096
131
13072
4666
5377
819
8017
3549
11648
4137
6458
6971
3160
9377
10833
4859
2106
10977
8404
10682
2573
7460
6787
12384
4237
1099
7488
9297
5022
10038
3251
13147
5592
11309
7929
2882
5602
8115
9727
6107
11864
7979
13297
8235
8525
12293
562
6718
3110
8024
3689
12133
12224
8828
4255
5875
10649
5961
11411
9053
865
1215
4562
5194
4277
3569
4465
3908
8050
8671
11941
4221
345
12752
1918
8374
5760
811
12854
12088
10242
9865
3270
11477
3678
7707
771
4476
6155
4658
12615
11261
3653
11535
11718
2700
11912
11963
5446
3465
12967
13034
9690
8652
11720
4252
7732
12594
7850
12114
1818
13192
8198
8279
12852
7402
3734
6919
12768
3149
10156
571
9182
5416
7837
12893
1364
9301
1237
2302
6251
5142
7513
2027
11152
11865
5682
4910
6281
2416
9923
6904
13155
8003
2439
12674
7228
9876
7140
7738
11655
10742
10950
6785
387
1316
11709
10394
6439
347
11872
10615
8795
1163
8776
6561
1057
5031
2612
3612
6077
11428
11430
417
464
3398
11590
1934
19
12782
2747
5065
2130
4972
9393
8044
11861
8456
10594
6999
7710
821
3484
1770
13022
10750
13019
1408
13333
1749
7531
978
8333
11141
4812
4829
7445
12464
5533
676
8383
12372
1860
1551
12564
6291
7502
11555
3330
8159
1503
1734
5929
10174
7808
3684
4992
1439
7031
9157
5711
10478
11546
1540
6993
9428
10595
11569
11153
4340
10748
5669
10065
8666
31
4540
7533
13052
318
518
9087
239
3884
6005
881
8084
12978
6738
4735
11673
6607
5150
9897
4832
11310
5310
12552
2770
11425
9513
9701
9194
8445
4329
5500
10764
4925
3455
3213
7207
6168
10392
11656
4525
1617
4969
4656
5703
9724
4606
2330
58
13299
4386
2632
9481
12294
8268
787
8760
9984
11639
13121
12490
4172
12051
7330
3701
11337
6394
5445
4314
11371
10197
3943
12881
7501
8137
2688
2183
5206
265
10800
13062
6220
9421
2674
6600
11859
5231
12526
12985
1716
1996
5650
12631
10730
13204
4317
168
2174
4717
7581
10488
13169
5323
5009
11148
8403
11981
12314
11708
10342
8051
9714
2346
6118
563
5890
5922
10601
8366
6123
3846
6156
7494
3426
414
939
10565
432
13314
8536
13033
6691
3390
10549
8100
1333
8323
4053
10346
9972
4775
12795
2829
63
269
1133
5753
5610
1863
11949
2675
8434
3466
6689
6112
13202
12338
8112
10843
9969
11139
4016
12876
12482
6568
927
11888
7394
116
4857
7931
12132
8013
11464
6255
5034
2862
860
10424
1686
4143
3083
9996
3909
9107
12467
12017
7191
5571
9550
5608
1267
10525
12223
9190
11013
900
4855
9322
4158
11254
12056
9585
2704
6087
5850
8930
6361
1657
2607
4134
6360
1991
10544
9315
2528
7857
1829
1121
9656
10027
10054
355
11168
12690
6772
2102
5965
5353
7644
7575
12722
5508
121
8148
4197
11669
4019
9096
1348
805
7731
12451
2536
1385
2577
1928
7137
4942
198
9637
13309
8847
7832
9217
7299
10247
2175
2365
11442
13101
4596
1882
2779
5463
2933
2391
7870
5937
8604
8821
11597
4891
8659
10069
7297
12359
2940
5931
12777
3883
5701
5356
9828
5347
12053
1912
10166
3935
6882
3400
9060
1931
6437
370
7512
3016
10249
11181
13160
4268
10879
775
6129
2706
1772
6806
18
8678
498
9819
4289
1080
9921
2820
1108
4151
12812
1558
191
6917
12689
11625
8480
6696
3556
12527
8767
399
6896
12250
8093
737
9026
8618
11951
3349
209
8399
7592
7296
10316
10041
9399
11379
12938
2372
3341
6425
4662
384
642
6173
8270
11906
9116
584
8710
4166
7776
10688
398
9943
8162
12089
12082
13146
10611
12771
11257
5412
480
1359
5333
1331
2574
1798
1919
2326
5858
4994
1655
6574
6626
10347
2554
12181
7358
6048
12248
7812
12735
622
11575
7318
7283
574
4169
10920
2373
3790
13188
8635
8598
8728
6269
5057
6967
5538
7782
6690
1973
11520
5019
12710
7923
8782
10418
2568
12640
8575
11645
8745
5578
6340
5007
10797
12108
1269
11471
12371
12895
2128
5675
10266
10507
4617
13026
3523
12315
13312
7615
6585
11016
2715
12477
5967
1113
7446
7409
10208
6674
9104
12928
5605
12270
1526
10077
2097
9630
689
3729
12243
7901
3713
10927
4051
1659
7686
2456
990
10995
12379
6688
13325
7720
5720
3531
12920
3837
7493
7467
6530
2452
2662
7528
4729
4375
1545
1681
682
11151
9824
5511
5563
1670
11203
9103
2555
7963
4966
5560
11862
548
72
9959
1557
9291
7284
3792
2548
3459
1616
8481
6344
1422
82
1796
2368
342
12688
1618
7611
3863
4693
7769
8940
13220
2352
5913
5577
6172
3423
2786
8733
4755
7052
12303
11685
8174
11953
13045
8929
1905
11694
4203
10851
95
4083
3287
5845
10103
1185
678
10180
6566
5381
4265
6702
1019
12582
2305
12841
822
12485
830
4703
11456
7078
11741
8535
78
13060
3922
11695
8166
4867
8126
13023
10709
627
5918
7478
2730
4035
2380
10109
10888
2300
3901
6376
9039
4894
3219
13185
10573
7302
5531
11534
12638
2707
7017
8537
4878
12535
1593
7813
10871
12496
3301
4407
835
8108
589
2514
13210
6552
7405
6075
34
6414
11388
8163
5138
1411
5107
3973
12137
11982
9510
750
5228
1117
8574
7235
9257
8421
8326
1457
1769
11816
149
3126
7102
2123
6406
12349
1291
3293
5256
6493
8064
1722
5265
7758
8267
9522
3172
8882
10091
3174
12973
1041
6195
12912
5667
9663
1446
11116
10858
6749
2827
12644
5811
23
4159
7211
3140
1082
10292
9153
4233
7198
10924
3107
2610
8576
11519
11345
6987
7571
4284
4144
648
1448
10476
12733
6331
1900
9405
7162
9006
11973
1625
5108
4063
8895
8066
5596
9211
8036
5390
3037
655
8382
10121
9162
7456
10318
10695
13144
2163
3259
11492
582
1892
4543
897
3017
11984
8818
1622
2750
1834
2387
139
3870
9850
7114
645
2519
6540
12931
1123
4509
1070
12253
1743
2272
7354
9592
7752
921
895
6706
4471
5600
923
12551
9070
219
6956
4990
13180
4036
9801
1740
3975
12604
204
9947
984
10264
2246
1197
4102
6722
3106
2491
6707
1114
13310
949
11210
1950
10030
7450
6980
6504
7755
4194
9696
11759
825
5487
164
2353
507
6015
5672
9443
12612
9376
10885
4789
7192
11434
9843
889
5970
12696
4259
4485
13300
10928
837
2979
1341
4931
12238
10792
5721
8413
1274
6554
4830
9051
2966
6120
389
436
2
2873
6486
12956
6704
33
13149
667
643
9753
5383
6998
9106
12974
5768
11852
2082
7739
10937
11046
4484
10834
1025
5647
6068
10840
3155
4934
9691
11700
3152
238
10638
11968
4571
11419
8089
2412
5586
2142
13326
9204
1846
6374
7231
10672
12211
5391
13141
3125
12403
12412
8731
3691
9155
1543
4123
2658
3832
8350
11005
2214
3460
3139
8814
11775
1764
4660
3202
8998
5666
12869
10034
2889
10997
10465
2753
12419
9652
9129
4186
13268
2708
7023
9622
4157
519
6755
8385
2748
842
7435
6856
10033
10021
8482
9223
4590
8141
1205
12765
824
6495
11994
2671
6636
9283
2808
12558
2622
380
11854
11808
6870
1368
12699
9671
7053
7952
391
4559
2973
8484
9590
12502
5655
2763
3509
12426
1178
11043
11707
10948
10599
11857
1322
4475
4193
1536
6618
7543
9470
4497
275
425
3432
7030
118
11228
162
1285
3436
8677
4420
3802
3801
899
8823
10159
11352
5021
9073
8508
10326
3525
4315
12929
2405
7285
4411
11031
9248
9790
11070
878
12311
5827
5589
10386
4316
11300
6143
4690
12033
9451
7441
7128
13352
4813
10725
9230
6119
13037
3109
1771
3984
8290
76
11273
6100
8935
12933
11681
588
2521
7434
1324
11399
3961
6292
4720
1881
13017
9205
1560
10971
12997
4791
12111
9904
4155
4253
10791
9521
11980
6736
10667
3708
271
5180
3779
3182
2549
8176
81
4541
7292
10186
11111
7277
1190
776
8465
12264
3179
10700
7047
7193
1077
6250
7563
3494
10046
11397
3044
2537
9710
1866
12905
10194
3735
6547
11149
1198
5114
10873
9756
9312
3144
5884
11321
4090
9662
8223
7340
4013
13082
11505
11030
1913
4046
2934
4421
12257
1591
11332
4441
5494
4754
7309
1899
5641
4026
13125
6827
8116
10272
5058
6775
1090
7473
8688
11608
5537
3586
12807
11890
6137
10151
3648
10609
4911
12602
1314
1023
3171
8764
248
12267
4555
11568
11959
1047
3165
7229
11671
804
2381
6
7024
6666
3544
12950
8927
4997
4593
12902
4864
12649
766
6959
9873
10566
8553
2192
5227
10457
6419
4724
5989
8288
1559
9547
597
262
7586
8887
1633
7376
5386
6183
12750
7946
12336
3621
944
11918
2003
1318
2218
12546
3275
5255
5311
2530
907
4908
7811
8505
13063
3452
7066
273
12493
8790
10112
3181
10606
1840
9128
1614
138
3148
8978
8700
9925
6040
7155
128
6049
3537
12249
8260
13249
499
13049
16
6205
10509
4968
10504
3655
7216
12180
11601
13187
11127
5400
5926
9564
5696
11594
1986
7491
4573
7975
2153
2360
12845
1065
9883
495
6305
7245
4734
9252
1079
7726
506
1747
2875
5479
12903
289
12225
9734
9434
3559
2576
11932
10117
4280
2601
13245
7179
1498
10951
9750
4373
2222
1040
3046
5806
7778
12555
1290
2956
10832
10138
1476
10163
9525
1371
4240
4224
10651
1395
8275
12430
3845
12605
8967
1606
12709
6483
12096
12723
12129
8842
11085
401
11075
1380
2615
2094
3376
3421
12436
2781
8300
5953
10738
3316
9100
4167
8999
2149
1365
1561
9986
8340
9480
2694
5503
8808
6084
5957
7411
4023
6124
9575
6368
2393
828
2659
12302
3521
11835
5598
4188
7822
6052
5188
6489
654
11817
9934
9501
8928
528
4470
3276
3560
1460
9184
3875
8169
4756
6348
4038
11616
4613
154
9003
10311
13284
4149
10734
3598
10402
2031
10947
205
9952
4010
1466
2874
9102
10874
12217
13247
4712
7044
1349
2457
8392
6252
553
7701
11667
1273
8138
10529
2078
12341
9752
7107
5786
4502
8672
6873
8738
3235
10096
12381
2869
10935
9123
1695
458
334
1965
8955
882
282
2306
4785
1414
7834
1552
3977
2313
6582
10872
11040
6676
1848
5045
5843
595
9844
6296
1523
5307
9398
9387
10887
1067
5404
11614
3076
10363
7451
2613
13278
6208
6240
1154
1043
8012
11304
13029
12310
6875
1225
2261
4689
10877
12304
12806
6542
7950
10222
12808
11938
9910
6526
222
3273
7770
6814
7487
596
10218
6213
13378
1586
8496
8711
140
11904
8046
6619
2463
956
11884
11329
6646
2959
1916
12623
9539
9308
5008
533
9406
4676
11605
3519
7320
5923
6795
9108
9395
7846
4804
3512
8938
7868
8686
12130
2210
11889
3718
10755
8489
4767
11047
6413
3888
10673
1173
4324
2575
5003
5658
884
12373
2826
10454
6726
5202
10106
3616
3759
11548
9144
531
12300
10777
4640
11883
12022
8364
755
7186
5126
3075
12541
11732
9392
1428
6339
13046
12059
9885
6319
6864
6596
8854
5801
6511
7527
8793
6424
11746
3564
5532
10767
9548
6783
11582
5042
4449
10692
2348
6678
5673
9137
103
5456
4366
10617
8750
11383
9976
9754
6114
11406
6926
11802
8586
5230
196
10826
13043
11390
11770
3291
10591
3562
8158
7264
10076
4356
3325
3502
2903
7764
8820
9845
5620
501
7794
9741
8637
3105
1782
368
2900
3600
8606
9031
4367
7978
12455
12105
1868
1127
11619
652
11353
437
13173
727
11009
6805
10522
4924
10586
6498
4108
7148
1218
7217
8758
2331
9080
7544
5365
10830
4807
1370
4556
13182
3831
3902
1710
4973
1034
4012
3331
3265
2432
311
867
10776
3078
13263
4711
7058
1247
11615
428
10471
4120
11958
2298
10487
9374
7288
2335
161
2297
13360
5982
2767
7344
1704
11650
4094
3826
3381
11251
9837
9898
304
1951
8970
5736
3453
12385
8217
3757
1489
5203
6983
2830
6961
3658
13200
6390
10979
10160
6410
7660
7994
4505
3348
4098
5016
8889
376
5247
7724
3936
11120
9339
789
3533
9892
9391
4847
4594
2125
12672
2621
5818
6197
1384
12520
2438
1361
626
8864
12083
8254
8379
4173
1567
8638
6421
3760
8310
7771
12868
2481
12986
12888
5881
697
6263
10153
5726
2262
3660
4510
1315
7617
1357
7276
2247
12716
10706
2063
9490
7529
5809
8529
3669
1896
8443
12091
4208
8663
7226
3120
5719
12149
4214
11143
7349
4472
8913
10227
13301
9760
5824
12673
1706
9504
142
9815
2546
641
823
5832
4359
4659
5313
2755
8213
10523
5815
11221
163
9505
203
1793
11226
8852
7984
709
4057
2860
5750
1819
4440
3393
433
1609
4964
6976
8316
9295
11750
8133
4885
11887
1773
10125
12472
9643
3378
11903
9364
10387
6440
10481
1471
8875
8679
2458
5305
2834
7843
5061
887
8432
7199
8621
10659
13211
8292
2161
3061
7831
8352
8898
7503
8297
3001
8572
8367
2124
7443
6614
5090
4839
10766
9711
12686
7691
11038
9971
8497
10382
11839
11572
765
10898
1835
12066
10025
1442
9316
3568
6290
3526
12940
13194
7516
9314
2974
5627
6651
9150
4033
6224
8378
2270
12156
7578
10491
4164
6911
1889
8471
12533
1541
9459
13075
4536
12567
9145
8613
11642
10102
8028
634
11297
7587
7018
930
1909
6910
7425
663
5105
8957
5788
2495
7604
13369
3683
6907
6644
12843
6841
4938
1110
12751
803
7313
6449
9048
998
2498
4769
2459
4567
12183
1033
11370
7359
4405
4570
11780
12911
206
10884
1196
11220
1871
85
9673
10004
5262
3956
3740
920
11237
6164
8327
10384
11570
101
6108
8845
106
8322
2995
5070
952
7471
2818
3247
5337
9866
8866
3643
1701
9826
1128
710
7298
7060
7913
9742
9868
11506
8778
13265
9469
12739
10150
4049
11497
5960
1688
7218
4526
9706
6484
2744
3958
249
152
9682
4831
1729
10987
8272
11266
12450
6218
4943
9086
4393
4718
3186
11722
7646
3675
12497
4877
687
9692
8140
11385
11276
2118
6029
2562
1980
6204
2477
7649
6640
11844
7740
5822
8683
12172
2177
8519
1662
5475
8984
7673
12675
12591
7209
954
48
7325
7427
1263
679
12279
12475
10371
2158
12422
9430
6969
3317
13264
10486
7255
7658
11499
5000
12528
5289
7889
10191
3940
2396
11876
1493
3782
3508
7802
202
4731
5974
6798
8109
6519
12190
1623
7876
4517
2215
3047
3296
2418
10768
7928
8749
250
3022
10483
12692
6184
10719
8411
4560
10938
7470
5411
9335
6447
10212
3903
5219
4165
7061
9624
8313
3601
8147
1784
1807
6271
2775
5495
9628
9309
1791
991
6699
8376
2935
8630
5044
8590
1652
10569
6019
662
10396
8262
6804
5272
2927
706
698
1893
12395
3772
5239
5384
11727
6020
6564
8694
6891
3054
683
2111
478
8994
610
13093
1277
12259
5046
2137
9533
4327
13139
2193
9941
12407
677
4152
10958
3411
9276
71
7407
11897
12780
1613
12655
7345
1456
4322
5166
8552
2404
10991
4848
12917
2433
10869
844
7574
4067
3441
11557
7762
1776
12008
2339
10300
6684
11109
174
10788
9915
11465
4758
12276
7622
6266
3795
7900
1276
3462
4591
496
5920
744
7553
7067
3806
2865
7328
9914
7639
12758
2189
2461
11798
7925
12760
5794
3146
5363
11677
2823
12480
5744
1992
2806
11611
11617
6836
7805
11871
5950
4297
11461
5728
9059
10085
1527
660
3438
7728
459
542
3064
12850
10784
8451
7800
307
1118
11058
11104
4854
12989
3340
2390
12036
9677
4181
6392
11177
5651
2598
6597
9242
2037
874
7430
9859
8632
735
7362
5900
10576
10189
11901
5482
11493
4116
2280
1404
6275
11556
10016
5349
11581
12115
11588
9596
3209
12055
12848
494
8344
9600
6735
5099
12425
2772
11155
4681
8548
137
1718
7479
1610
3582
6789
8674
8437
8639
10192
10148
6536
9025
2986
9246
2991
3006
1366
9397
11026
11426
2345
10501
51
12656
12626
8283
1093
1044
12721
10558
9483
7083
8189
3617
440
3347
4927
3229
2449
1144
12446
10378
10554
2060
2703
3775
2850
5632
8105
5120
4549
6391
2951
2739
8371
11167
10473
9188
8578
7378
2928
3161
9389
7171
7112
11978
9151
11308
1328
9216
557
2678
4205
5935
8208
8906
10818
6294
6531
8077
4209
9802
12282
6617
9604
7423
1675
7339
1226
12908
5820
1081
829
11514
12038
9013
4500
8558
2664
7222
4598
1029
3410
6453
13018
2279
2475
2310
12994
7539
8353
12755
11853
6346
13371
4467
4354
3404
7535
2835
11782
7150
2349
4176
2479
8095
6924
6658
10044
10269
8185
12503
5981
1841
9440
10723
9945
6851
9239
10765
5948
6355
11676
7884
751
3647
13048
1056
8931
3604
7281
4435
5907
8616
12307
8103
9285
4757
3266
7765
148
1569
8302
133
11180
1238
5802
1075
5725
13272
13044
4195
2304
9422
12010
3007
11470
9574
3207
10739
9781
10875
11029
1430
2608
7225
12904
5559
8989
9176
10728
11603
7034
7334
3086
8798
9066
98
12492
13021
11609
3928
12441
11350
1518
11376
9607
9960
1651
7734
5634
10625
8426
10662
7656
5997
7252
1470
13295
4136
11909
7343
5344
10461
6329
7637
7949
576
1183
6303
5810
854
469
6256
9351
1544
12654
10447
6438
6169
4037
7322
11776
10940
8173
4672
11734
11612
6022
6941
9615
12732
9527
7509
2336
6432
11731
4512
8902
8440
8868
863
8209
12344
6182
12024
3470
8337
11343
6130
10202
6401
4952
6357
799
6792
12789
13329
820
7419
4455
10835
6796
8785
11659
12617
3842
5158
950
9940
5051
4161
170
10917
3662
1164
10040
2464
7371
2233
5489
13056
11459
9021
11691
5699
7490
12684
5408
9668
2014
2301
9588
12635
6388
3267
6004
8772
4965
7625
9063
6470
13327
13151
6948
5176
2754
12239
2579
7780
6557
11363
1066
2526
11473
12556
5949
8850
6166
12701
10724
3038
3435
6575
2489
12237
1394
2749
12216
7706
7213
6986
4532
11253
3805
3361
8917
7307
4932
11287
9737
2171
12954
3911
8765
4619
9379
5208
12057
6310
8718
9905
6472
10287
1922
7092
4748
4787
12770
8156
4515
9542
9651
9437
4987
10351
7980
8836
4747
903
8583
962
12991
1966
4799
1403
3711
13351
7246
8918
11200
8242
243
8825
2252
6462
6402
6315
5459
13283
5316
11267
8221
12515
8087
6104
1358
2492
8446
5689
12981
2376
11246
7695
187
7727
9818
3290
13152
916
9396
7652
11250
5374
664
5816
11653
3153
9311
9321
7568
12354
4
1809
9621
9159
8348
2147
2553
1762
2126
11064
10277
2597
10203
5659
5594
2255
4055
10275
10373
1921
13256
8509
11740
10079
10184
12362
4213
9964
12296
2954
9770
1486
1649
6840
7021
11008
4454
11041
9266
12465
1822
11632
7079
7633
4358
10628
3474
3312
4009
10246
5104
11124
12109
7089
6962
4794
3786
5639
6086
11832
2797
1497
12092
4434
13120
12339
8691
7005
1250
7930
2249
10527
1969
8342
182
6518
7124
7152
344
7039
936
4048
2023
4551
2400
2152
12265
4177
1585
2984
12278
7046
3164
12232
8947
4971
11811
9241
12636
9115
12269
12645
4103
1849
964
581
2686
4414
8045
5092
12853
9666
5431
5707
894
6782
9333
4978
3824
395
9095
12146
10990
5011
9551
4084
3745
8178
11960
1878
9148
12793
7835
7522
2181
5394
8573
12025
2493
11502
3695
4432
11875
12171
26
5542
12942
6306
1735
5769
3025
7572
12597
10018
2531
1979
13013
6249
3661
10419
11001
6397
4633
6222
8959
10446
2223
906
7270
1852
6058
7122
886
5362
2259
8560
8903
8932
12241
4981
2684
11974
7323
4244
13235
6465
9269
2087
5438
4645
2650
9495
10335
2043
13107
10661
1262
3136
11752
7932
7972
11174
12285
13236
8454
6573
61
5448
10711
11314
5785
2508
12627
5894
4817
4338
8890
4850
11328
13083
1355
3788
6879
6312
3128
7519
13216
8473
12175
1821
9535
4301
13214
6175
6444
9147
11997
1590
2206
852
11435
5460
4270
6246
9806
11052
7918
1631
3444
7546
10598
10703
87
8910
2105
11301
6277
12815
7436
4374
6309
41
4856
8986
6485
9261
2561
5936
6546
1879
4519
12308
8128
7278
11361
9438
2040
1744
4760
9623
11805
2354
2759
4239
8015
3338
7215
11537
9552
4553
3584
8021
2617
10201
4654
653
3062
7867
4232
2609
3981
5341
11218
4495
2092
9462
5613
12610
4207
9022
1311
9164
3449
8565
10756
5499
3473
3315
4566
11530
4520
3253
229
1530
10308
10074
11786
1507
8231
4631
762
11870
7537
6858
4809
10705
2896
4089
5083
4447
10073
4443
5439
1203
477
6960
9296
5001
12355
3758
9965
11977
3960
13157
4258
253
10680
6587
3150
10514
3797
9474
13218
2930
12408
7861
2655
1415
2837
11765
12783
3472
10903
3440
999
6372
5519
6426
7538
10902
11967
8319
5461
8329
5251
8222
2403
11099
7683
4357
3210
5454
2010
13207
7945
2146
12445
4323
11060
1803
11797
7421
6835
11384
11589
6502
4488
1758
1708
9559
647
6101
9175
4834
9632
1265
11558
7598
12651
5612
12708
2833
13134
3346
10239
5288
5764
4170
1352
9993
812
6958
5925
543
1947
9215
8911
3670
5253
4685
2918
4062
2172
5224
885
9410
3706
11278
9447
6436
5505
5933
8341
7108
1628
12366
1728
6185
227
5185
3425
12290
10761
5367
12919
11509
10494
5225
5189
7602
1481
8219
4017
9968
2950
446
8239
8675
7444
10490
10255
3306
10859
4960
2581
9140
5040
56
5115
7090
2076
10314
10283
9036
13167
1632
10416
10372
2057
6670
9381
1853
9008
12459
12168
10787
1960
785
6050
6144
11045
9785
530
1353
9352
9358
2854
4008
7492
8177
10262
6913
10716
6380
959
8757
9426
4077
5545
5078
3463
4873
4119
5424
7201
1656
4874
12900
5665
1409
8594
2050
2629
12439
6560
13004
2133
6515
5576
12646
9519
7190
1731
2072
1553
784
4124
100
522
6673
10464
10417
6150
12112
1660
3725
5543
396
1330
472
3722
2938
6712
649
11195
4065
9492
3221
4958
1954
2287
10936
3986
2840
10340
918
8104
9050
3939
4307
5082
7165
6358
11771
12258
8689
4403
1733
3014
3639
2793
8264
7944
1856
12840
1139
1406
11522
10547
7570
12245
1091
8005
9933
8357
1761
13191
8216
4460
5984
12378
10115
1306
3848
10193
4840
5590
4129
4970
6328
1957
443
11964
13368
2783
11787
12856
6300
11119
8625
13003
3238
5317
1679
9413
665
6734
2513
10865
13064
13078
3450
6973
4796
4778
11092
11161
6829
2690
2034
10325
7828
9035
284
694
12127
8563
7221
2276
11122
11624
818
7014
5969
8339
12592
4552
221
5036
8000
12860
483
8803
9382
7335
2329
2115
73
7408
5472
3972
8669
2004
10798
1116
7981
4415
6719
2325
657
286
12772
8599
13199
9338
2389
10608
6592
9433
10779
11185
7906
12703
7836
1050
11209
1861
2691
7940
11950
11478
12144
7693
1254
572
13275
1021
11027
1565
5245
8236
1279
9002
9999
5662
8145
9864
4678
707
9544
43
3147
7384
8944
10467
4646
7392
10511
1487
1424
1865
1109
3335
9736
2925
7100
12896
10524
713
1514
5497
1413
10230
11606
261
6824
4582
9715
10893
1968
8042
3941
4595
4837
7590
2994
11044
9926
6059
3750
5369
3407
214
2877
1030
4390
2858
5940
9749
4688
1373
12977
172
6732
9974
12020
7342
5241
3081
5413
10127
11809
12049
3954
11242
3770
3978
4150
9484
3002
2423
5457
12364
5993
2876
5121
12058
13353
3882
12447
9254
6258
2666
12443
10513
11275
2911
9838
1212
9716
2257
7542
7049
12728
11225
1132
13127
12995
426
12736
9810
12993
8595
4413
5566
6525
4822
10305
6071
9142
8202
8377
1956
12939
2234
9901
12182
5266
7938
8871
10542
9773
12078
7873
6377
7387
2904
6324
12230
6012
11714
669
7610
6761
5765
9916
11305
12725
11050
504
1167
5234
4003
2705
8813
1298
7353
7866
11270
8204
1531
4426
2801
7823
6777
2957
10343
4880
64
7968
10650
2049
13115
11834
1668
8476
1572
8196
13055
12734
5770
1209
11571
12031
13059
5226
6599
9344
11774
22
9580
6268
4300
5702
8591
3685
3443
10147
7853
2211
3489
6781
13131
3446
9955
9528
11192
10925
3650
8469
2604
13102
11799
826
8783
10820
1549
9279
8761
8398
5370
5942
11240
5165
13348
5415
1224
2113
12360
3726
7807
9408
6682
7404
4422
6354
8849
5102
5556
6416
2399
11023
8843
3135
2293
12726
11815
3408
10196
879
12145
338
13280
456
7582
270
5767
12557
8964
3123
1689
8455
5417
9244
1512
13084
11845
1473
9797
9613
3486
8179
3827
12348
5492
4975
13109
8043
7550
7452
4727
1516
1737
955
8067
11895
9277
4494
5080
4923
2592
2992
9468
13123
1753
3190
10100
12819
7667
4071
10736
5782
11097
6381
10647
1581
11110
13294
12099
11227
896
3369
11833
1719
388
9506
9018
8624
7455
9245
3813
4673
8076
2839
11450
8068
9983
2166
6652
2511
6330
10257
7141
7035
11850
4569
4139
5175
7
7314
8291
970
11215
9680
8732
4721
3113
10480
6692
9093
3771
7694
6199
1119
12756
7454
10926
969
8393
11822
1416
7880
4223
8797
2446
1974
2981
8649
11377
8073
12863
9967
7922
11976
8585
5155
13303
8547
13137
8829
1562
1506
7820
7110
8070
856
9304
12473
6434
9330
11804
1243
1397
1847
12072
6946
1672
12394
6711
8556
1836
7970
13164
12194
9761
4667
12836
10631
321
851
1256
681
11702
1156
5079
4733
10506
656
2160
6844
550
10642
7806
10061
4935
3520
9961
11693
2033
1170
7939
150
2640
10795
6033
13346
9324
6705
3992
5014
2894
12576
13112
11698
7954
2184
12588
12462
3721
13032
189
2098
12140
6353
13255
12061
6686
3623
2571
12628
8550
9699
1289
10350
11197
3529
4614
7536
5207
4462
1231
233
8904
11159
11420
5258
716
1304
323
10717
6698
12796
132
11735
11561
6784
2443
5419
6066
9975
5112
2729
10175
2545
11365
12271
3681
96
1766
5059
6427
2737
5867
8029
5985
296
788
10167
2451
5636
2563
8958
10502
3931
2506
9614
8826
8190
3200
6200
10291
12001
2813
8225
12484
6942
3379
10721
942
3762
5954
4790
6179
7275
513
5259
680
7842
13232
3422
6730
3704
4206
8389
5430
6188
12363
12147
8714
7210
3237
2254
2009
4396
6121
7472
9880
10146
1129
6754
5841
8865
4575
9920
7579
6057
3630
6034
7101
10263
5557
11082
9603
3539
6934
1239
10271
5863
4363
11762
2764
10014
1788
1332
2522
4886
12650
6322
1763
6194
11039
10492
5423
4180
4745
9619
7985
813
6244
6076
7507
6051
10393
12871
4345
2504
2766
11634
11105
3168
3605
993
13111
3183
1153
4625
1684
3053
10812
4699
9922
10332
6423
10769
11292
10564
658
5309
2282
13215
975
11988
4621
2917
8303
489
9586
3368
3815
9562
6025
5959
10604
10057
1578
5653
2164
285
8670
5568
6853
2697
11824
6763
12509
12530
7618
981
10624
11547
141
6327
8921
11373
3428
11666
2864
7338
7469
8861
11252
2908
12516
1036
9350
4130
8057
1213
11699
3915
6284
7745
8673
5853
6170
9361
12002
4530
3176
9860
3387
3437
1588
10228
6579
12670
3069
6643
7552
7786
2243
6297
5663
9343
10072
12428
11837
6270
10205
8566
9298
3892
2295
2846
297
3768
747
1027
13367
9488
6945
9281
10315
12531
5396
9174
9082
5756
2417
12906
5569
9729
13172
207
9702
4332
9131
5152
9471
5025
12186
12281
3344
987
4661
9977
13129
4579
9858
5540
6837
5966
10656
12346
6906
111
9697
7672
7300
1880
8515
705
5116
9004
3517
7741
7756
6523
8704
3292
10355
9034
4093
5986
4002
12474
6708
7357
6825
441
1838
6347
741
3362
4635
7008
5979
11989
5975
4737
3538
11562
5032
7080
10172
9132
6758
13073
816
511
3043
6429
6110
12283
12762
4630
11726
4468
5609
12608
5915
838
1663
6994
13038
314
11894
10388
13136
2256
614
4615
4780
3286
12189
7097
3052
11640
11083
6041
7506
5797
6833
10135
9293
3540
4309
12411
10907
6729
7375
10939
7814
8888
10996
6370
7447
3663
2388
4773
3192
2680
7262
4803
11414
7700
2235
3279
4382
13135
4684
1869
2240
12413
2333
1103
10297
10364
5283
8321
4353
8699
2803
3710
12659
9497
3234
7703
4131
3268
12827
4283
8786
4377
86
539
5888
1976
5249
3671
8773
807
5151
4706
5483
1650
10677
1885
5871
4162
9141
1360
7896
10328
11336
10702
1060
10344
6620
109
3807
12160
4298
13341
10714
4146
5919
11449
5648
13354
720
6405
1009
2971
8052
5522
1344
11277
11182
4346
1691
6884
10881
2677
2913
5934
4513
3763
3799
4286
3023
12090
12284
11773
11359
9029
3257
5450
11971
5668
9589
4118
2001
11995
12117
2470
10678
6902
11355
122
12685
5737
6085
8746
3953
1726
13274
12677
3638
7591
12648
5819
2198
10783
6720
5847
1288
13251
7751
617
9033
10352
8375
9201
3272
13118
4113
5271
5548
1537
9817
8722
8151
10994
1525
11175
11224
11265
3119
10020
12769
12075
3057
9259
3690
6819
4999
7352
24
7607
1193
11391
3838
6524
6977
9573
4020
10008
4698
8072
4776
3957
386
11926
7685
12565
1177
10593
10805
11721
10582
11841
5397
4463
7626
9705
2379
6778
10845
3048
10640
8318
2289
9253
5513
10732
4066
2428
10183
1820
12387
10336
7065
7029
7620
12682
5870
1072
6649
11924
675
967
965
369
1120
5360
8247
9456
13096
10213
1713
745
731
10648
11874
6461
6265
10313
728
1097
5872
10238
60
125
1088
463
9780
5808
8909
1202
1141
11675
339
8083
2723
7943
5916
8306
9648
2026
1883
7661
6812
11633
9636
10953
1654
11417
5946
8656
2564
631
4670
11900
10179
1641
3385
1911
7774
3898
2200
7176
9524
1778
155
9731
535
2687
12818
4644
12924
5198
4607
2512
6147
7206
893
1378
2552
11725
724
4000
2810
9383
5067
7803
9792
11527
10493
5939
6193
1260
2915
10182
8912
2620
12864
12577
4728
7391
9113
3873
3862
3916
5787
4580
11827
11
5758
4523
2065
11785
3212
4320
5467
10600
1011
532
11998
231
11067
4600
5358
1028
10450
11206
1307
6978
12123
1981
2996
8358
5041
10220
7721
5081
6780
12539
6532
4486
11704
12242
482
12141
8981
7883
12468
2363
7028
301
1502
12898
708
10681
8191
4319
10265
9881
1195
8441
3868
7337
9423
288
6508
3632
9094
7860
9856
3458
1714
1155
2899
2757
12125
11654
8834
7676
4257
2676
7903
1286
3118
4742
11851
1169
13345
9516
1210
8252
5857
6807
2434
10243
7566
1985
12177
5664
1137
10968
6848
7792
13205
6216
3413
2879
4918
10
5076
5859
1678
7881
4154
4095
7804
419
9237
13318
2943
2768
13370
7556
7510
4271
485
11925
7361
4466
2605
12352
10280
8462
2776
3818
4963
7194
13150
13356
455
147
6463
10775
3193
1092
11790
3032
8132
1596
12730
1166
2785
9221
11586
8238
3730
13266
6860
5484
11199
7926
2445
9177
7254
12891
4138
10168
3045
11905
10063
11898
10603
738
6963
7167
7377
3488
9154
4127
5110
2208
11881
2476
9675
11540
12071
4861
848
1962
6024
10809
8769
11053
2587
11856
358
7826
11344
6365
9931
7266
8756
12006
9703
10619
4439
7748
11262
795
2853
6341
2872
2968
2619
834
5339
502
11996
7020
9328
10056
5432
7919
2962
1244
12118
11508
10933
7214
12839
4430
8402
9099
7200
8976
6035
11245
13336
3839
8062
4262
6153
13359
5055
616
11961
12416
8220
5149
12826
11842
1455
7497
10823
6952
3962
7395
6017
20
2583
2088
11779
6487
8019
1895
4679
2831
10200
1309
4304
2488
6878
8601
2625
12892
5710
2503
2998
1241
11935
3191
9784
10209
2602
11166
9268
9011
3439
827
567
10154
10456
6287
12021
11084
12522
7540
8113
9125
4059
3513
3124
5331
8018
1159
5723
5452
5734
2315
10943
4311
3652
3938
1140
6655
8949
13267
8975
3966
10690
3409
12785
360
4091
9836
6122
9688
9685
10334
12683
6286
7965
6407
7735
4763
11507
4291
2386
12766
11749
1924
49
5704
3261
3541
5927
3360
67
6811
10646
6881
2599
5541
5679
6871
12421
13365
351
5023
933
8142
1465
4006
8230
940
8806
12488
3058
2857
1147
1063
165
8071
7659
12544
10837
5631
2020
2468
2185
10561
9478
9726
1398
7848
6499
8040
2762
10039
4700
6908
10701
7291
1570
565
6073
6091
4801
977
877
1712
8787
8149
5687
4649
4820
3129
5052
12174
8058
11375
5618
11703
8799
12828
3000
7669
7001
12410
1745
849
12345
11922
476
10664
6234
10366
10330
2159
7294
7971
5904
7237
3514
1284
11542
12521
4922
4047
1742
11368
7772
11580
608
9768
9046
11946
5842
12151
6982
6843
9796
6779
3844
8719
10051
11093
3924
4247
9349
411
3042
10696
2471
3511
11947
8391
3947
9645
9599
11103
1542
6931
12215
6225
9982
11444
8438
5502
10597
7136
62
515
3328
2044
11354
8833
3456
4872
6214
10472
1421
2780
6371
10857
11011
12142
10850
12504
8523
5441
12499
1452
11412
4383
9055
2242
12630
2317
5652
10354
11214
8577
1017
1086
10713
5607
1278
11150
1854
1342
12048
5625
12666
946
12702
6595
10462
413
5580
9852
4070
5405
564
5784
12988
8857
2314
11095
10002
3645
10771
9610
491
3952
7143
7879
7054
11137
10556
12506
10980
4506
7146
6031
3970
12494
4416
12011
6302
6801
11583
5037
1637
5471
7386
5645
7987
980
1767
1206
10452
6149
3976
6501
5075
8695
1007
1130
8157
7899
7239
8407
9101
12875
13196
7025
1627
12153
4884
2499
12811
5523
3264
8636
8448
7996
3260
7461
6731
4294
9284
9825
8934
691
4732
7606
7810
1423
10836
8075
2993
3262
2251
2195
628
12570
4121
12611
12879
11015
11325
12170
9669
2518
13124
615
3151
9618
5017
12847
10931
12377
10929
9835
10252
7195
10088
12042
4163
8972
10846
12176
9258
9224
5630
4402
2618
12219
2485
9331
3991
10090
8817
11915
5674
1005
2712
4378
9932
1874
8512
10152
5697
5273
566
5830
9247
8150
9228
13088
8168
7564
6650
5911
9179
686
322
1636
10036
7350
5713
12964
10699
1235
2281
4694
9584
4050
11006
5352
11763
5549
2151
12382
749
7070
8916
6316
7139
10754
4107
9672
235
6929
11532
5564
4429
9520
8502
9722
10861
1312
3079
7129
9385
5677
11711
8199
2883
8562
6145
11154
5591
4993
13156
6007
10854
10426
769
11142
3143
743
10708
6113
8417
11952
1204
1310
4572
8926
2414
3566
5296
688
5096
8612
4178
10022
190
6638
8390
11574
8593
3637
11080
10185
6412
12185
12653
42
9877
8753
422
4141
7645
1932
4784
3154
8368
10210
10029
569
6923
2765
353
4604
3614
1515
10484
551
3480
12822
8428
13076
6430
11374
5791
12331
7183
328
9467
6259
915
5705
10299
1952
11299
556
3550
11429
3289
10124
8564
10896
3974
6254
6264
1037
8892
1521
6078
3551
1233
1786
12152
4101
10685
10993
10162
12268
1469
6849
11106
3327
8356
12131
10236
4381
13165
6656
1381
12155
8708
3345
12234
11066
12786
5109
742
11333
11599
10381
10317
5876
13090
2717
4371
5781
10974
8027
8507
9787
3676
1608
9649
10142
10053
5908
7109
9332
10852
5831
3982
10518
10868
7874
12517
256
8386
3819
3090
2547
7554
4052
5097
6728
4638
9834
5091
1104
767
1774
1161
11688
6788
780
2369
3516
8943
7027
12438
4135
11296
10670
3783
6067
7303
10718
904
9088
2816
9895
4251
12872
1228
8908
4491
3122
607
13244
13178
1292
6490
2863
7251
12414
1746
1062
11290
2967
11498
685
6905
9288
12434
4581
8839
8743
5698
11660
5516
10572
2472
385
8534
8452
13358
12330
8501
8117
5073
492
966
5657
10992
1157
10740
932
1162
9023
1496
39
9560
276
8812
11169
9841
12803
8952
11283
8232
9799
9390
6521
7142
2942
2804
760
1
4705
5731
7847
365
8953
10676
10627
9282
3117
12791
639
5951
9900
5873
8499
4438
5299
7360
1061
3606
5064
2053
5914
181
6527
5440
11054
6975
9260
10563
6949
10967
1388
1624
11234
5350
7257
782
4858
10060
11115
12660
11907
10981
6921
3195
5002
13177
7902
10909
2922
3454
11885
2578
10026
2714
4368
6979
11758
10838
7132
8780
2011
11849
3505
6011
1571
3142
487
10329
6928
11282
12184
6013
1707
2906
4979
7062
670
13347
4892
6478
1032
5833
2080
3997
8633
2170
6642
629
1248
800
6136
3274
9068
10256
10962
4875
13050
4456
547
5757
6571
7912
4743
259
3904
12041
6105
7569
6569
4903
10468
9318
12584
10431
4272
8982
9707
6861
6455
9717
7316
8990
2341
4072
10856
3278
9746
4686
12962
10546
570
9354
1958
9830
10986
9415
11661
8412
6326
9938
7475
6081
2024
1601
4227
4140
12897
2064
6230
11198
8532
1989
13148
5191
2825
8214
3748
9816
6038
7986
6577
11836
11869
9791
2711
7988
9146
12261
13330
38
5393
12461
3302
7133
10298
10005
5962
11819
909
9487
8762
6852
3679
442
1002
12561
5371
9924
10441
2758
13193
7567
394
7773
12029
3869
3528
10811
1407
7293
6293
5956
3479
9740
4189
8896
6850
2551
11342
8807
7000
10555
5125
6951
4905
5836
9683
5642
12890
12668
3216
7312
12934
6111
9449
7829
7431
2103
8939
3094
10891
2309
13379
7818
3613
4611
633
640
3418
2611
2054
10067
7399
8373
13
2931
9966
10534
4852
287
7730
13226
281
371
1016
6278
12598
4628
2953
5964
2241
2407
722
7671
13007
3233
10999
1087
11255
3615
7664
12150
12274
7161
5345
8915
10890
8551
5579
8425
4913
5817
8706
10434
7174
8359
5181
6241
7757
6198
3570
12778
5301
6510
1323
10892
303
1997
6714
5902
7666
3561
717
6672
1320
3633
3263
10155
4863
10190
5398
10078
10653
9015
12218
4122
13133
11347
9985
197
3242
11584
6261
40
10668
1844
5889
11578
3138
6351
3817
2859
9441
5204
7453
4622
3579
9431
2430
1671
10578
12583
3072
6700
13239
4245
5901
3651
9980
9725
1208
5292
7415
5978
5800
7158
2923
5295
6097
7045
3649
1550
7967
2535
10880
8423
9851
2782
8961
659
9388
12676
9929
8286
12616
12449
5897
7911
3004
11791
2083
8617
8951
9168
9720
7886
9894
1725
2074
11658
12951
12800
1375
11231
8971
7438
9457
12678
6507
7629
7383
11825
5327
9809
12085
2375
10482
176
1603
5174
781
434
10955
2285
272
1524
11204
9626
7504
3167
11591
11396
3204
986
8937
544
11500
11649
1302
2905
2286
12280
8740
11843
6663
1227
3339
6974
6608
12637
6036
11017
971
10412
2792
25
12004
8351
4637
4835
4076
4043
7439
5649
5342
10071
2815
12236
9531
305
3445
12724
9078
7936
2891
5409
1961
1004
12566
3964
8696
9811
8980
10003
12642
8600
5520
8273
6217
5987
497
9813
9686
10289
9670
5717
2008
2415
701
9647
7177
1168
4202
4313
5010
8494
6362
9218
11484
5113
1096
5235
13343
754
8271
13036
2584
8114
2845
9130
3116
5588
4653
8883
858
7983
4668
9514
1015
2867
7363
12064
6669
10359
5619
13242
11446
5646
9650
93
10310
726
12707
10304
7964
7059
1926
7403
1402
5119
5343
9450
3051
8810
3490
5732
12975
9135
6770
12460
4196
1151
3575
4915
3080
2085
6621
10923
12358
9386
10059
4423
3241
5882
11247
11024
9928
10669
2751
7549
4574
8770
2081
850
8832
327
11886
12549
7076
10113
7623
7750
4431
12121
2505
10237
2079
12074
8886
10285
10886
6366
11942
4916
1682
3371
12545
8885
11742
4370
891
8648
1433
359
8056
12135
1640
11956
4893
3093
6622
2129
378
3542
12335
11145
2207
6713
12098
1125
10195
11948
4287
748
6664
144
3163
2517
593
8954
5825
12312
1308
637
13103
10735
12804
7627
3478
8240
12231
2268
8110
4953
6989
12122
4879
12599
9642
7440
1508
7534
3620
4022
10922
7476
12365
1594
902
6448
2460
5912
6859
10956
12624
4740
1219
8099
1677
10741
5035
9709
7966
9371
12191
1732
7233
8171
6534
7068
10274
2271
9906
11525
10409
8647
9950
404
2586
6762
36
9251
11298
7690
9581
7396
5294
12209
12980
3353
10746
9482
12226
29
13252
12286
11696
919
216
1111
8869
6288
10528
2045
11529
11140
12432
7429
6703
11921
1520
3593
12327
6481
3889
9805
4546
1459
4392
11452
4348
3236
10510
4937
13035
1252
9631
9629
10144
10904
283
2502
10421
7514
13357
5515
5469
75
7170
7224
3269
3999
12005
9935
8372
7081
8180
10093
10629
2663
872
5917
2361
6955
6079
8726
5688
11460
7175
12040
4310
185
7385
11706
1575
1517
3746
4419
4516
7203
9733
7914
2496
11545
6276
3485
3471
5892
9222
3727
4860
4542
11366
815
1217
6590
2838
11647
6053
123
10296
7662
7787
12193
10743
2990
4836
471
2988
6140
3
4399
7697
5257
13273
5752
11260
7599
1563
5615
3121
2716
5449
3765
6578
13162
348
8607
2424
6630
7594
11207
5869
6648
1474
6431
3321
3089
4029
4657
8713
6317
5133
7647
5893
11431
1736
8345
4299
12779
13321
11593
12356
5771
5968
1483
2284
3288
7784
2344
10963
8435
4986
4639
10825
4957
12272
10425
10785
4586
8085
6492
7197
10013
12273
9772
7895
8255
12538
2600
1354
11216
3573
5298
1176
4337
3741
2790
8249
3756
2099
4087
10324
9274
3990
4838
4503
4302
8701
9286
3694
13258
12884
6591
6915
2196
11320
12952
3246
6742
13262
8619
6797
6894
11962
3506
10116
10357
12391
5043
11877
6069
9515
9833
1054
8139
2963
7369
2870
9765
11235
12060
7094
12563
10503
2324
331
5570
12972
3627
4489
135
1777
9998
9839
7624
4082
7474
12367
4308
11010
2120
5930
402
1435
9240
924
10596
8474
6968
11944
3227
3851
490
12523
9869
8246
8754
6940
3012
8540
10512
5789
8431
7894
2978
6404
5132
7877
213
7063
11147
13377
6653
4267
1336
4330
11739
10436
12030
6733
3700
4538
10358
8840
4713
9896
13012
3185
2616
7071
8641
3787
2269
7841
4112
898
10496
5183
4896
7311
6900
8243
10024
12471
3923
599
11668
1240
8234
2194
10224
6311
7151
10786
9609
6877
2448
11222
6248
373
10574
3243
5162
8175
4810
3382
5156
5086
5100
3887
6914
3336
4950
9355
2809
5565
8581
7898
10211
12947
6219
11934
1898
9119
6766
1053
2634
3784
10621
5322
1528
5366
1222
11351
11796
9407
5724
6335
10911
8022
4548
2264
3158
10006
9493
424
10489
5509
901
13158
11610
3060
5738
6581
12383
9012
7466
9334
868
475
5488
10206
4417
7364
7032
2881
2989
11268
12829
2665
13042
4948
2328
11713
8517
12070
1589
1929
1351
4939
10575
3329
32
5716
7232
9978
1443
7074
7263
9577
1444
3399
12136
3583
9700
11503
12291
11018
8495
3189
3642
4132
10965
5281
6628
3208
5885
7753
3024
8627
8995
4078
6295
5862
9591
9840
8596
3866
2964
11764
4641
5861
8061
10260
3980
13080
2250
4229
8919
5536
12169
7974
9582
6247
7104
1491
1661
10781
8153
11812
4199
8720
534
3495
2220
10821
4714
10395
1258
11172
8789
3008
4318
13296
11128
5167
5447
340
11517
3015
7287
9937
4075
11511
1275
11483
12342
9208
5783
4895
2378
10998
6559
9561
3668
9994
10385
11652
11878
2155
1338
4823
6162
779
17
5805
8664
8651
1083
7093
1872
11692
1158
5807
6947
6624
6751
861
4191
618
602
2110
10031
3715
4889
10327
6001
10233
6171
8477
3194
5553
1894
11512
12700
10639
10198
10579
12607
4647
2384
6932
2156
279
4691
2975
8858
8608
4406
2069
9303
4746
10626
8541
3682
12054
6228
13366
11454
6899
11421
9360
961
1939
13302
12832
7775
9455
3611
2347
117
6157
1739
2851
12102
199
4583
10082
12508
3995
2209
2693
7370
11409
6514
10052
55
6613
12252
4849
13168
908
12877
777
11891
381
7993
377
10181
9917
12746
6226
13269
6716
2323
9992
12548
4919
2385
11643
4241
2909
3830
3547
2134
11088
10916
5991
6647
6802
2695
5148
4663
3434
2944
10270
11327
278
3068
9362
292
3497
4442
5898
9098
6043
503
12914
11229
12332
5192
12100
606
1674
10819
5012
9748
5186
2039
5574
2091
7692
3646
12745
12999
12519
11657
9213
3558
1511
7500
3891
7173
5209
8729
6641
7696
11258
9166
8285
10526
2351
5260
13213
7398
6808
241
13291
1963
12068
11916
5780
2652
9294
1438
4360
10973
10733
5354
7716
7612
3036
8408
9563
8891
3482
3240
10137
9401
8170
5103
8969
9608
453
2550
10288
12386
1107
6070
4335
7380
11289
6469
3989
9879
9918
10097
10130
8863
866
10789
2743
5382
7131
5743
13234
9605
13374
736
3003
2322
2773
11002
2567
7613
408
7640
2774
1642
9198
8862
3825
7189
9489
1886
11618
10042
10420
9861
3796
3184
8453
3222
2656
7414
4982
6099
3239
3102
306
5518
6345
6550
8870
5740
7483
7019
6146
9587
1936
5963
7777
12292
5395
4499
11604
2319
6637
2682
362
2914
3900
5308
2924
9872
7840
2263
6037
6497
12679
13106
13229
10839
5905
3697
8269
6141
5547
346
5849
5748
412
5823
11284
12463
4014
2427
4109
13000
11991
12963
9152
2871
12368
12641
4457
8546
11747
11781
703
10455
11467
4980
12667
7882
7006
7366
3854
5218
3809
5195
310
619
2487
4768
3372
546
9071
9092
690
1440
573
9347
2288
1135
3406
3769
6299
2689
7258
10161
13328
9290
6466
8822
10770
4279
11340
10408
2108
11552
392
8155
13337
7990
2266
9739
905
9949
9888
7789
6018
12361
3629
12027
846
10508
9794
5436
4976
2436
3881
2594
4588
6477
5329
3156
5837
1245
9755
1386
3021
1234
3310
5069
4074
1192
4481
10679
10164
937
9566
12754
9954
8284
5422
11521
10094
4616
3907
3696
10440
438
2169
4027
13254
2150
2589
2884
10397
1995
6082
10557
9206
3063
3419
6880
2059
3386
6356
3905
12792
7855
11186
4722
6964
8697
8831
7084
1230
10216
8295
4904
3859
8401
6567
684
11908
13324
8905
12481
5684
4545
7682
3857
3686
8207
13238
5887
10801
1599
912
7942
4288
7815
6133
1568
1454
3781
10643
12831
8721
6367
1085
13361
10413
8709
4469
11705
772
8644
12849
1842
11369
2939
13222
1249
12476
7159
8779
4527
8634
523
11364
1346
2168
8228
7426
7785
5179
15
4034
11157
7577
11733
1480
6301
12201
5466
8130
10379
7991
10095
4940
6632
9173
2202
7888
9229
7301
4564
4080
3377
5462
9942
13285
11443
3843
5379
11021
3949
12693
3674
545
255
4707
11504
8008
1573
8837
8265
4030
12870
6744
3932
4473
11034
3026
3872
9384
10120
2941
200
12380
2843
4902
9871
11160
13030
9007
5921
2692
11518
2566
3667
10589
10404
7819
8256
2117
5551
4901
9485
3300
6167
3318
6280
5628
2805
3364
4531
6398
1721
7548
4947
10226
9067
12838
12
3855
10119
6239
1904
10715
5624
6056
2582
4726
7856
11249
8422
5848
4458
13181
3591
2983
9719
7793
1410
12634
3933
12240
7055
4493
6995
1038
1236
1095
6103
1703
6953
10341
90
4349
9557
10794
1399
11510
9446
12518
4811
3114
8424
11637
12595
12353
493
9149
10960
859
5211
1754
6409
11272
3810
4428
9558
5593
7715
11129
8684
11316
9556
4991
11244
12009
10470
3644
938
8533
5410
11783
12444
786
9072
12731
5215
9862
4110
2067
5708
2670
10905
8384
9178
10007
5909
3059
8853
1534
4179
8304
763
6383
2002
6282
10080
11488
320
8914
2188
13132
7916
13230
7381
9289
11630
1339
5278
8396
12790
7791
8900
9109
1923
4744
4201
947
8792
7920
6363
1804
8667
1760
8161
9676
8055
12014
8296
1191
7585
242
5772
3572
12317
752
3917
8555
11858
1382
4909
68
10707
11468
8111
1938
4618
8415
6551
160
10517
159
11549
3563
4362
7998
9512
7670
8567
11777
8287
9694
6443
5514
2885
8187
10129
7389
11965
8165
4632
1851
4388
9270
5561
13070
10475
6671
1074
7336
3097
7890
12256
5616
672
10689
11983
6826
2734
7824
5302
5274
6400
6916
6132
6320
4627
9375
74
5952
10460
11893
3965
2926
8988
1903
6063
5485
9853
8582
3926
6106
8107
10463
6918
7144
7863
326
8096
7458
2910
3245
5626
10710
1855
10813
10731
985
9196
6764
1940
3728
7127
1295
218
7119
5749
10635
10338
7091
1533
7286
1759
6675
10605
462
12927
7589
13104
674
10853
8160
2791
12618
12206
1432
7486
2205
11945
2419
525
6687
11036
10552
5621
5214
10375
9638
5473
11476
3618
6369
8127
8011
4281
12213
11061
212
2866
4331
3959
12729
13212
5095
1069
4715
12603
6933
6338
4351
6452
12275
666
6083
9160
7495
10430
12773
2141
10495
10259
5761
10806
12992
6243
7915
1405
6496
12442
1757
8735
13008
8527
4097
9348
157
3897
8406
267
4682
580
8466
11035
6506
9602
11628
3522
3571
12984
12663
3416
12087
7588
9499
6165
319
12614
1282
12297
92
8977
12661
3249
10360
6895
3199
146
2556
7077
4226
237
10281
12305
1020
1242
3576
10722
11341
5821
6308
3761
3280
7026
3594
374
12662
2788
8705
11743
5854
7317
12154
12427
7187
2116
6206
3946
5306
5264
294
4325
13189
2569
110
2937
1335
13161
6283
4086
9863
5706
12727
4160
9409
10232
9195
372
9058
1621
3811
12958
3785
4498
2880
1823
8514
9200
10829
1519
2230
6816
4928
8605
6092
8781
13077
3588
467
7098
4576
7634
6832
3374
13363
6957
12513
604
5727
8544
3230
12878
9867
6768
11263
873
11096
11679
3737
4182
4851
5093
4961
7468
4230
5661
13315
1667
6373
4568
7580
5348
4081
6399
12704
4949
2725
5529
3717
2999
3635
9511
3595
1115
10778
3847
6180
9890
1522
11422
9020
6065
3554
6006
6009
8436
3852
6727
9517
10630
2890
3535
2035
1539
5604
1039
11686
1752
5161
10697
12374
6866
3100
8962
9404
8804
5584
5722
913
10623
3850
3504
6623
7749
11302
3703
11315
13246
2756
4060
4537
4535
11324
7481
10165
7593
145
13057
7956
6459
1462
6260
9571
7013
6862
6016
5027
10171
5169
10365
8381
2048
12901
295
7234
5418
6937
12814
4450
5276
9953
7449
11515
2778
577
8188
8851
12165
8362
119
1933
1723
10023
8997
5813
3580
1188
2182
1417
447
12820
4007
10519
2355
3820
4781
11187
10562
12553
598
1500
6045
105
8809
11331
1646
5777
9769
5385
541
13231
10760
4936
11933
7887
11917
10560
3256
6334
11629
4610
10961
8134
5812
5205
11243
112
6422
2639
5359
2321
6074
5521
2006
12830
2836
12110
12889
2030
9712
12741
4793
12763
592
11134
5763
9234
8305
50
5685
195
7869
8493
9219
6467
1805
1024
1653
2038
2437
5512
2588
3217
12753
13373
10062
6665
7859
4650
13067
11004
9498
5232
12580
3659
5980
6889
3188
8579
5378
11663
10793
753
7584
2071
2672
8506
225
5776
10863
10369
890
4869
1917
0
11415
325
10089
5614
7713
4336
790
5972
5527
10158
12862
6745
2702
12086
6823
1418
8106
11094
3354
2769
5741
4222
3496
4496
5455
1305
8979
3332
4364
10231
9454
11071
3092
7779
6177
5535
9541
4697
7204
1808
10985
10376
10849
403
7508
1253
13128
7416
6828
1785
10438
3742
13223
8660
4261
5793
11211
1313
9991
12629
792
1687
3673
2842
4105
2199
5603
11689
11939
2501
4759
11063
5368
7130
3173
3592
6765
1251
10726
5157
6349
12511
6920
2653
6023
10017
13079
8584
10808
2898
113
5049
3018
3343
8122
3112
10390
1697
4577
13228
1000
7560
13304
1864
8119
4117
2179
512
8794
8561
1073
10219
13114
7997
11338
9698
2096
4128
10942
11201
5996
3968
3808
10790
367
5510
6943
9038
4321
12945
6800
8330
7111
7767
10803
10309
2012
1993
10428
9641
7681
8603
2294
5361
12299
9323
12295
7801
10759
5660
12457
7809
7267
9606
6950
11920
9464
2538
5691
13170
2516
7768
11846
3284
1257
12251
178
5844
2058
12119
9243
2307
4039
5971
5681
5880
11970
3258
12652
13279
1152
857
9186
5030
7096
794
2366
8748
5995
4183
7118
9212
6267
11646
7651
4643
12957
6893
6473
7742
12764
10567
10683
10870
7754
973
12325
4242
12298
4642
1494
8120
9064
12287
12801
12007
12932
246
8543
2000
4204
12759
10276
5190
1595
12712
5443
5263
6776
4504
2367
9225
1780
2364
2540
5534
6639
4056
13320
9049
4391
7036
5883
11840
11879
8631
7037
1199
8212
9911
8703
1949
12718
768
2019
6232
6820
11788
4739
10406
7247
8004
12960
9359
8965
13208
8320
2176
11042
3906
11766
9594
8811
1001
5403
9572
6323
10141
2982
10110
3720
4954
1579
8880
11753
8974
11585
6544
7368
8410
4044
179
7655
3214
11138
12458
12774
3091
3137
9432
6609
917
11288
1431
11293
4974
9202
6159
9973
7289
13237
10374
1789
11062
625
1058
11662
12220
183
880
2377
10258
8626
10976
13340
1813
210
10383
11184
13159
8363
1783
579
9414
9353
5201
7273
1264
5896
10321
3732
12937
8123
6417
1828
12923
11806
5798
11121
1379
4025
13209
2819
1685
8653
3532
1223
7973
1897
12260
8257
12953
466
8414
7212
11481
8500
13091
10602
6661
429
10348
10848
10644
7674
12846
4243
8124
7865
1325
5303
11212
2131
8388
2811
8078
11683
8945
4477
1696
5683
8488
7844
8294
10126
9118
9747
6997
10535
8609
12000
5587
11049
9578
5575
11269
1094
6936
6456
8777
5147
10068
1221
6939
4806
8101
175
352
5846
6602
5814
8662
2970
4045
9463
8873
9126
12738
806
11055
517
7845
4843
356
2292
2645
11636
13097
630
1875
6176
8643
3812
4680
6863
7115
7905
1891
3134
6535
5792
1035
575
11672
4782
5018
7418
11441
10234
10515
2018
8299
4634
11814
3987
9857
1810
11112
8966
10177
12833
4800
2327
13290
3641
5932
8129
6790
3034
13241
7012
1055
12717
6645
8135
5635
2958
12665
3657
9891
5261
52
2119
4361
13176
12404
6695
8796
7565
9299
2062
11303
3170
11205
3634
13306
9661
3834
10901
9751
9325
251
7230
13025
6743
843
4665
177
7555
308
7181
13010
10064
10545
5774
10658
277
4042
8193
8430
3631
12158
2985
274
226
4453
2980
9436
9345
12821
382
7761
5852
2976
12894
773
13311
9735
11794
10449
12043
291
2332
1914
5829
11372
5039
2497
3255
7933
5637
6160
30
5868
3311
4708
10944
11810
11188
1873
1970
1978
4058
4828
10043
2651
3402
5145
12192
1582
2636
12399
12585
10169
9783
1181
6892
997
831
3794
12166
4983
8956
9460
3295
8033
1529
3375
12959
10136
364
9090
11073
5938
4898
9342
6094
5243
5297
9045
8642
3930
5700
8876
1098
6332
1420
8542
883
9847
11748
7432
5643
12357
3672
6725
910
10585
12787
1790
3934
10804
2523
2382
4522
6598
7737
12714
12859
4985
2203
10215
1146
8774
12077
13186
12948
10762
9424
3833
10250
12922
6192
10081
696
8031
12695
5407
4602
7248
8409
13331
2560
2507
5941
6972
2789
1392
9659
1634
2669
636
2312
5085
5006
13259
3585
9250
11281
5024
11130
1800
8872
6847
1982
9165
979
1779
12429
11880
7562
770
3709
1468
6611
3955
2186
4996
8094
7621
11291
1184
9882
10178
11496
2017
3363
10301
8830
10906
12899
12574
4389
8816
12784
5427
7699
5606
1715
6659
809
11992
2647
6867
6062
5955
1510
1458
11716
383
12081
193
7862
1513
524
4145
7244
4474
8549
11259
8118
11312
1283
13085
832
11592
5795
7817
11769
1955
10012
13307
931
7675
3391
9704
3599
9172
1211
2591
4765
732
1495
10479
5275
3893
8693
13009
2812
11334
1296
5477
3963
5054
6210
9537
3307
4816
12705
6201
10108
6603
651
234
3248
4040
5336
6565
5676
554
10058
11382
6556
12067
7009
4995
9465
8182
2668
13024
8251
555
7166
1751
3743
11453
9249
4786
9689
10684
11724
2201
5739
11025
10842
6127
568
2907
8102
7464
9763
3498
12915
12198
8923
8487
217
11474
4410
8645
10889
7747
8530
12698
6681
845
3206
4334
5321
13195
1317
7482
10570
10356
7327
1419
11818
11937
1597
2529
10945
8877
9062
11217
12340
12572
11311
6721
7095
11413
6454
2244
945
4273
9411
9278
3178
3503
12247
3297
6988
9010
2145
7705
7240
2646
1112
9169
12045
12743
5392
11056
13372
8739
12613
11986
5426
11362
12370
2402
2052
6304
5464
10533
6739
12711
1180
13270
1010
537
12987
10613
6139
3442
9192
4171
13184
9579
1472
6697
7520
2047
2661
4153
5839
5304
1299
7043
7561
3530
11223
4376
3283
8282
3050
7308
11553
5654
8088
7400
3821
13081
6450
7499
10170
864
4293
8195
2633
11213
3736
9171
7825
5338
2016
9849
10279
201
1214
8010
5066
10066
4099
3010
1451
9427
7406
54
11670
8074
11621
1920
488
6227
5425
4671
7712
8690
4677
989
8183
2421
11516
9075
9970
10691
1630
1937
6142
1620
9674
7120
12235
10614
6883
3467
2799
4479
1964
1901
2095
10295
5143
4507
3103
12990
1930
11644
5709
4073
8658
10035
5315
3203
3019
521
2654
5595
4269
10675
8628
929
11930
7833
5269
6014
4220
7064
4341
2721
12210
11831
6842
2921
7864
8097
11176
9523
4478
702
1255
11028
10774
10439
12706
6657
7632
8444
6767
45
8277
5695
2713
12187
1467
11566
8801
7038
3751
5718
12664
982
5193
11241
10584
11936
13145
220
6954
1690
4539
12913
1797
2029
8449
6520
7265
11020
12200
11541
9995
9473
9653
1046
5468
69
65
1870
4921
3277
5434
10520
11868
1738
2637
10918
11193
4015
5140
11019
7123
2565
10686
8685
21
10361
7704
10284
6529
423
6418
2741
9744
5481
12590
11236
5028
1232
7609
757
12907
1150
11091
7532
11089
2005
12221
620
11927
8468
9040
4501
11191
1220
4292
11392
11472
8569
7042
1648
4764
13074
124
6343
2308
7736
12323
8925
11432
11400
11108
10401
7798
11466
2370
2595
2897
7875
3333
1142
11919
10104
6428
6817
4899
3108
2231
11048
7321
4664
10641
1343
11437
1485
8559
8047
10132
9403
9536
3877
5038
1447
7428
89
8712
5899
1945
7892
6838
7106
855
1990
8859
5026
3468
4217
302
9085
7687
2798
4219
1101
10652
8048
9820
3085
5573
8920
3865
3492
2148
5773
3552
5005
8360
11635
6386
8457
3305
8080
12023
5421
10294
1450
3896
8800
13317
7208
12536
7995
4216
3791
6088
4933
268
7105
1145
4959
1412
7168
9466
13066
8763
3384
2109
7329
1390
7711
10187
9503
810
9646
1138
10964
2338
3055
12767
2624
9292
12393
7523
2112
6903
3356
2320
13179
4623
7348
7355
12909
7638
6604
1639
3587
5877
11403
3688
3636
13375
1730
10442
2084
1611
2532
7763
2887
12837
10474
1802
2543
460
5088
791
11772
3800
7260
11458
247
5280
9678
6387
12982
9275
3029
11360
5567
11761
4603
10143
484
2641
452
6821
2455
2648
10105
7953
5172
11427
13122
3342
2358
2277
27
11248
8511
9418
1301
13092
3723
11339
8317
2296
7677
10098
11401
12143
316
841
3822
13298
315
8380
8992
9633
3780
2406
1509
561
7799
5346
8478
10410
12805
8490
9807
3177
6815
9326
3719
3803
11074
646
3201
13068
1587
5324
2167
8261
10822
1172
5766
13142
3680
3665
7147
1207
7760
1584
10422
2802
3013
8200
5834
7688
6333
5335
10694
4752
3447
12016
12097
5474
224
2638
10540
8464
8266
7365
2154
10485
798
4890
3692
2290
7442
12749
5526
6822
11665
12601
7725
5320
5999
5236
10286
184
6588
11239
6543
12632
13100
2318
4710
3567
9336
8293
6002
12799
540
11954
11494
329
3254
10253
12776
13198
10075
12337
11407
1319
10693
8009
3111
12167
4296
84
1367
3228
1984
10796
12976
2431
11163
5755
761
1925
11829
11395
9445
10290
7249
3515
1817
13153
7412
2013
6125
6694
723
1915
10134
4397
8665
5552
2510
612
12396
10727
7003
10810
313
11999
8244
4482
7961
1839
6984
9919
7595
10217
13069
8874
12289
11911
3749
1261
9317
5160
11620
1768
10497
12107
740
988
3096
12873
2955
2509
3380
8968
4900
10824
11931
5137
8032
4433
1437
12625
12498
12113
13166
3481
10550
9803
12507
2275
70
11513
8215
7088
10827
3752
47
6872
9721
13058
13065
951
673
9990
13095
11264
2965
10092
11913
9509
312
11107
410
3469
4444
7885
9273
5558
9300
2534
516
108
9227
12983
3816
12390
1059
6211
12389
2245
4409
5268
1441
2190
6313
7816
5184
10055
4344
5364
4956
10970
11274
7583
2558
4770
3175
5994
11381
11715
3028
12329
10592
11179
3294
11554
5240
1186
10114
366
11408
7717
5050
12510
5118
12214
2480
6635
8461
3625
4061
2474
151
420
10988
2225
4926
1959
3619
6537
6803
5860
8755
7616
5924
5402
3298
1987
10758
10312
7480
2822
12887
9370
10207
6442
8023
8210
8470
1867
10634
3948
8983
9870
12669
3983
7947
13041
9265
2041
9617
12955
5680
13110
9948
11126
2628
4862
12813
11356
4521
7680
11539
12316
4723
10339
8788
5478
8144
5733
2350
9197
2718
9540
6115
5555
1259
10587
13219
6563
5326
3427
5554
6846
1064
2807
9576
12197
9181
3197
8418
8041
9555
3395
1131
12263
7103
10333
1297
4369
12524
1801
10229
1658
4955
9713
9899
5200
5678
2340
9037
10908
9272
12065
5778
8623
2021
5048
6090
7484
2728
7641
3994
8325
12306
2972
3005
2232
12103
9486
1811
10437
941
10671
840
1334
9203
143
808
451
8079
7015
12333
4427
11754
6186
12694
7169
9804
9664
6003
7087
2667
11866
102
6272
12885
13332
8620
1944
7698
10370
8571
9798
13174
3020
12479
6403
11051
1174
6420
6992
6996
9779
4274
7125
4096
7004
6901
6576
3609
12397
9534
1946
4238
10855
13061
11307
2253
3731
13206
5312
5072
1837
1461
309
6046
10663
8727
12742
11538
2224
4200
7951
6375
1006
6715
10405
300
8867
1136
3133
4565
6965
5585
8211
12246
4669
4675
3326
10306
2469
12529
11462
7657
11573
11319
7541
7459
9545
10367
711
7040
4529
8676
3071
8224
12968
6746
853
8395
5435
12423
9764
12512
12569
13138
4401
746
3323
10969
10010
4749
293
10610
5033
10538
5501
10657
11674
5170
12844
2878
3776
5154
12052
1535
1832
3145
10959
2784
510
6482
7033
4554
5357
9256
6314
35
8522
9329
2374
3065
7184
1816
10251
354
4126
2056
5187
9518
2673
11638
3998
5130
5958
7714
9327
9402
5599
2952
3141
12609
12581
10411
10451
12579
4395
349
120
10910
1644
1271
9444
3979
3553
1824
8143
393
7678
7759
6116
10423
3919
8661
1396
9569
5139
9568
6517
3084
130
3867
4285
5729
3169
3370
5074
1505
4692
11065
9532
5279
2593
12620
13277
6548
3607
8960
245
11404
9271
4400
11482
357
922
13293
2626
10139
4524
2868
9238
4608
254
4761
10537
12809
8081
2720
5582
6093
406
12794
3622
4437
1171
12560
6098
8387
4984
3733
3461
764
13289
12062
5351
2440
7999
730
9693
4750
5246
1189
4845
6151
4174
5944
2912
3457
1705
8657
4088
9185
3950
2138
1665
958
700
13227
3828
6178
7326
10399
465
7630
126
7496
5973
9056
8298
7485
2466
9776
2520
2732
5277
12606
1106
8365
5141
8538
4231
2371
13027
10157
5886
6382
3967
10331
9831
2679
7341
10353
10632
638
3011
9191
3698
8315
12575
12681
6555
2028
5458
12680
7268
13260
9529
3610
9005
10864
8933
2949
10577
6187
7121
6273
1400
12233
335
869
3774
10516
3417
8879
7744
3367
4352
173
9912
11684
9121
11738
9310
10444
4626
10128
6435
3910
1148
585
9743
1600
12208
7220
10099
7897
718
330
3666
5314
12720
2533
7382
7517
6010
526
11090
714
9079
11728
6612
5855
6786
11778
8655
4870
6181
5693
6709
6494
9400
4021
802
11755
9030
1629
9122
8467
2861
609
9017
8491
3507
11190
3602
6479
7075
9658
1902
12063
2849
1165
2311
3389
6516
11757
2216
7781
1229
3705
4674
8394
8759
4912
12456
5525
704
8568
11892
6102
12949
12573
7219
7733
8324
6209
2132
4592
5891
4709
1605
9595
7558
7282
8450
3918
136
5856
6026
3215
7410
4753
12095
8901
2947
4487
13376
11317
3589
6158
5178
8521
9640
10427
5504
13130
9543
796
6834
8447
211
454
7526
1281
2642
8229
6888
228
8218
8717
1012
7722
167
12076
409
7138
9161
4853
6061
9084
2260
5244
10729
94
9981
4601
5506
2902
8991
13015
6912
9593
2136
9091
7908
2945
6748
12028
449
9549
8592
7689
13163
2542
7051
8730
5282
9786
3969
5638
5182
2856
9832
5293
9598
6925
6233
10620
2527
10050
7849
6337
223
10429
6717
6503
12713
1666
623
8433
11000
4534
11966
2104
3388
479
5451
11489
4385
5127
6378
6321
9611
5498
1393
8354
9874
7305
10867
3912
2919
2738
4106
3464
12019
59
12478
6279
7959
1765
2710
1327
6868
8942
2217
1051
2760
6810
2596
13240
3162
2696
5838
1830
5101
9307
3608
3252
12996
3524
10380
5077
4818
5524
3299
2303
1376
11173
3187
7242
1859
10173
590
3993
9372
8742
4278
11440
12691
3879
13117
9620
6760
7011
10654
2426
5906
5803
10583
3640
5399
2916
9232
11486
6793
10984
5355
7654
3430
9639
4651
13171
6813
4741
7372
1501
9305
461
4282
10876
4815
2441
7927
11820
9461
5611
12104
11768
6629
2101
3041
4762
3766
3874
12139
3132
8355
12797
7420
431
11523
7628
9601
6938
4511
4490
5851
6741
7635
3880
8654
439
12134
12034
4461
2398
10817
10443
8513
5325
3357
290
88
6922
8587
8483
10897
11087
5248
10083
11690
3927
976
5318
1089
3738
1683
13281
9800
12013
12205
11189
7891
12930
10773
1293
11567
9957
3405
587
8897
3628
3747
5004
11882
12587
1826
336
1615
2920
8233
12469
4064
7016
3951
5751
9854
4844
1052
7149
5730
1727
12228
6570
11627
7679
5373
9052
9448
8824
1709
3596
1547
8485
7185
6855
10445
2525
12415
2090
12737
13319
12195
3225
3871
7465
611
4652
9429
1149
3476
5168
1580
4612
13089
8030
3716
10140
13362
5530
13261
8334
6857
2073
4941
4795
10763
3067
4696
6662
4876
12418
8698
7783
11330
7948
3789
1857
1577
7205
7982
8747
3383
11378
7921
7827
9913
7597
2278
5779
925
5135
12979
9829
1048
558
2413
91
3499
9127
5084
9767
10000
9453
4833
236
1890
10539
6539
13221
10278
1018
5237
7648
2036
3420
13313
4563
3860
5159
11821
7367
10323
1294
559
8002
3355
8545
11256
847
2855
6202
153
9112
10666
9069
12886
3603
7274
6445
10745
6408
8308
3546
963
9226
4192
578
8611
12431
5212
12229
5060
10899
756
12697
9956
7422
4578
4868
8752
10131
8680
4408
12621
8059
1750
405
12744
2787
9320
2453
11285
12658
4888
12466
8725
1499
10133
2681
10737
5062
3491
9452
4249
671
1429
11485
2644
6030
12596
11233
11014
9267
1445
8328
1126
5998
5754
6475
13233
5287
1699
9695
11457
10400
1814
12392
9074
77
257
621
983
9373
6207
4798
11007
8037
8201
12970
4783
12322
421
5221
4814
12589
8479
2180
4738
2122
4751
8274
12069
2657
5063
9939
3088
2627
11760
1612
1576
9014
8347
3031
5976
12514
3429
12199
9771
10972
8539
6080
4561
1194
10293
1078
1426
1538
9665
9530
13005
12313
10847
6589
11487
8924
12448
2429
12227
6027
10204
7437
1884
7576
1638
12586
11208
6468
445
11972
12543
10500
6215
5988
6131
6610
613
2397
12798
6839
5111
158
7545
2771
10241
5267
11037
10919
10949
4379
12012
7498
8331
1592
4825
11113
12277
2362
8276
8427
341
5690
8092
7893
10900
3664
7619
7684
2135
1972
11828
1833
1122
7719
2061
11033
6528
9156
725
7069
13323
11475
10568
3988
4004
12254
12775
1583
4032
12757
8038
13006
4303
5284
3656
1374
12128
1345
1179
5692
8442
5562
4380
9855
2660
7551
12266
12101
9340
10322
9759
9679
9793
8597
10414
9822
9183
1775
5714
632
6930
9187
3281
2140
6238
2162
3304
8349
4528
4920
3073
7878
9732
8791
2969
8154
12163
2777
4148
11295
12861
3220
5328
9138
1340
5903
4446
4234
11101
10941
14
12559
2068
4187
11543
7596
9654
11077
7573
12159
2745
7653
2635
4557
280
1102
12047
8034
11306
7238
5210
5866
10782
11595
2236
11564
9476
11613
10505
7631
260
7304
6680
6364
11232
2630
3518
9356
601
1664
9262
4865
996
5775
1329
10548
5633
10458
3895
4725
12435
4418
5015
3082
12935
13197
6593
9016
2467
6541
7022
12971
7605
12825
6055
2614
7766
11526
12343
8771
10862
7907
11531
10254
1076
1008
3231
10814
5444
8281
12998
2726
10345
833
4730
11479
3578
6927
11596
11712
6616
5983
2800
9730
10895
11439
8841
4028
9366
8205
9738
8681
11286
892
9886
13108
4448
2761
5401
10866
12015
3157
10432
12080
9927
4264
4881
12301
8335
1669
5122
215
3693
8227
7259
7941
5928
9944
9111
8263
4716
11438
2227
6289
1492
12835
11072
9425
8878
8258
6606
4333
11710
11767
11132
430
7743
7958
13053
8736
12740
1436
13119
972
4977
10453
9363
28
11238
10921
9644
3087
10015
6756
12483
3836
5270
11940
1504
1812
1362
8039
7600
7261
7642
862
8589
8707
1464
7153
7992
9884
11623
783
5053
9612
9233
3510
12207
793
3196
4736
9745
600
4609
7086
4404
7182
6021
7010
7718
7969
11955
3451
8035
12196
9057
13086
9583
13094
10780
12120
9458
4041
11528
8025
9979
6580
11386
6064
5013
13031
3282
4480
8715
2486
9567
5546
2066
2997
1971
10498
10019
10580
6757
778
6471
12788
6221
5087
8186
5068
5686
9909
7310
11975
11136
3211
1143
4011
10362
3856
3226
4436
5146
11491
12116
7188
7236
650
11717
5056
1490
9479
13014
4185
7388
11196
1482
7463
13322
6342
1756
11641
1532
299
13308
1347
3314
2089
3218
10032
12834
11079
5286
4069
8098
6701
5433
8622
5656
7373
10932
3035
9042
9538
7934
10559
7346
3899
3886
6042
6060
5134
13286
13349
12802
5799
2173
6212
3739
7462
1026
1907
911
12347
337
13140
6054
12622
7505
10037
12324
11847
9565
1676
13224
9789
3394
2410
10660
11059
1387
3401
12571
7241
8557
11792
12375
448
4914
1100
9220
1927
3754
333
8492
3397
12926
10214
4355
3115
7306
1124
13087
6750
500
13126
10268
2212
4629
4290
5640
2606
3841
10831
1692
594
871
12600
1720
10107
416
11701
1643
5943
1717
4695
9788
1200
8181
11729
9028
4589
699
12865
3099
1022
5490
514
8289
10581
3070
5496
9491
6668
8082
8197
6981
1391
6631
3232
12319
9319
9936
5129
8734
7048
1635
5252
3548
11495
1377
397
3030
11078
11544
11697
6584
332
3365
2557
2334
5319
5376
6385
12568
505
8646
8640
13011
624
8518
635
1071
8069
7413
11896
7872
13276
4326
8524
1270
11445
6679
6148
7324
12326
2007
8237
12824
13250
2025
7937
5388
8250
6660
6724
2794
721
2572
538
9757
2736
9570
13113
5233
3778
7351
11600
3074
6985
12969
2411
44
3412
4092
10084
2740
12925
12578
1479
11745
3392
8894
9846
9065
2478
2987
11357
9821
7796
1548
3159
8
10244
4771
7280
4907
6415
10934
7393
1825
1574
9667
6491
4544
8192
166
12255
11164
4683
7668
171
2219
10045
4024
6791
8460
6545
11800
12918
8336
928
668
415
3767
2886
252
11349
1556
6970
8241
12369
9494
4246
11943
5428
12882
4384
6190
208
9718
8784
5828
5136
11682
6627
12162
3849
468
4412
3358
230
3864
4250
8893
1988
9508
8687
264
3777
11230
4387
13364
2814
11279
2239
734
12944
2359
934
1888
6572
8516
10674
6032
1478
5597
8993
8458
6325
508
450
7790
817
10912
13203
6771
7830
1134
8554
8312
9337
12032
9708
6747
11756
470
1645
3677
6991
12687
5238
6138
8301
1724
5491
12719
4866
2383
10221
4824
7002
2093
4648
11577
1794
8802
12334
6126
8020
10349
12961
10086
8504
8405
10530
1045
1555
13051
12532
5334
3414
9657
7852
7116
2462
12966
13225
3861
9435
5572
1475
6223
4826
3712
12003
536
7117
12079
3624
6809
1975
4585
7072
10223
7608
8472
7904
9502
11533
10469
7851
12405
9209
1626
2482
9546
3049
1831
9255
6464
8744
10913
8400
3130
7795
4550
12148
180
7073
5670
7178
13243
1326
11424
10633
4605
4808
13098
12866
4328
6044
12643
3098
8922
7559
3565
13287
2722
5
4827
7797
8309
10571
12810
10541
11551
6586
8498
10047
11326
1998
13054
605
4133
6966
5528
12491
3403
2204
10435
4142
11579
2409
6480
1795
11631
8164
9907
4452
3308
7347
2623
1781
4168
12094
2425
10543
9660
7603
7374
1449
8346
9081
7196
12420
8805
8314
11928
9442
12867
9133
12037
6723
2585
5242
4228
6769
5406
11436
5220
53
3577
11855
12842
10070
6460
3687
7145
9024
13253
2590
4951
10149
4031
9963
263
6854
12823
3894
418
3543
4147
2895
4276
11125
6538
12874
692
1272
12440
10245
186
7041
9264
953
6553
3101
11524
4394
11987
9526
3322
12921
12203
4945
6683
9167
10622
10499
9655
7433
11480
11280
4225
2454
3626
8610
2395
1977
2841
2042
2144
11367
992
801
6685
2465
12178
1700
12406
2901
10720
13335
9365
661
8724
5493
10319
9302
5840
12161
115
9889
5290
8167
2977
9684
12537
3829
2226
5453
2544
2643
1160
7397
4774
97
9214
9346
9231
5910
3823
2394
5123
4597
9728
6865
13175
3285
9114
12222
7821
6513
11902
9180
7050
8416
5623
2237
10536
1303
1806
5071
3366
529
5507
11795
5389
12525
3271
6395
797
9500
4777
2197
10123
9
11463
9378
8007
1266
192
1321
4967
4295
1546
10521
4929
9775
473
6869
12350
10844
11358
7989
6935
9412
7126
12437
9554
6831
2649
10225
2258
12550
7489
7557
2709
7390
12454
9207
10946
11451
12855
2960
2936
8528
3223
2187
2515
8090
11565
57
5254
6876
11069
3180
3945
11318
6759
9369
7962
1858
1941
4156
7331
13339
7271
12402
6874
8987
3557
10957
2022
11146
12084
5029
7227
11923
5332
6558
8520
4190
134
3536
4018
1619
10698
2139
6152
9774
9368
5171
6000
935
3753
7424
7838
80
1862
11170
7253
5437
4215
6189
11032
3424
10930
4054
12880
8751
4398
2032
11914
3198
11133
8950
2719
2699
10049
10267
11393
12547
2733
10954
9000
5420
12619
5895
4819
5671
2342
9235
12943
4005
11789
5285
6161
107
10553
12288
9110
9124
10815
8091
2075
7082
733
258
2273
1910
9341
1943
2483
10588
9061
11156
6257
9019
7708
6753
3027
474
5217
520
11158
7709
8856
560
13334
4211
11860
8844
876
9827
12633
3814
6505
12424
2343
4445
11830
5644
2683
11117
6476
1453
6095
12910
3699
4772
11102
4998
11813
1350
8899
2051
10655
232
5222
4001
10532
5486
3475
7910
10466
7976
3396
10975
8332
9930
6533
8131
5442
3095
12486
5117
350
11165
3744
9083
7909
6887
6236
6285
7007
5229
1554
10751
6740
4254
4988
3431
6774
2401
9782
8614
99
4464
8369
9472
2046
3033
11183
7099
10616
8278
10747
11131
13028
3131
13105
5124
6549
10011
9287
8001
7924
2435
79
5106
6235
4620
8463
12452
11076
1383
10302
12851
9380
4198
11730
7160
13350
1994
5094
9946
129
2191
5990
5380
9475
6909
6601
9997
4263
6737
400
5098
12321
1942
3942
10459
379
4906
12417
6072
12781
5945
2539
1877
10307
12244
1488
11803
603
693
12026
1105
324
7134
1484
9313
7379
1013
9496
1084
240
8838
11823
9987
4085
3127
4111
1566
4248
5330
10101
7957
11086
3581
11985
12204
5735
4962
11423
12857
3313
4946
9762
6845
10145
10303
12433
9766
12018
759
8065
1427
6615
2229
4989
11622
6154
11863
644
974
11993
10111
11737
3166
8996
8531
4218
12328
3714
11219
5712
8602
8819
8526
9117
4702
11202
12916
1948
7319
11560
6897
11719
2316
739
10028
7057
995
1673
12593
3500
4792
9134
8737
527
10248
8184
13002
10952
1876
5878
11405
5372
12542
11536
3324
9625
10915
298
3654
6634
4655
11322
11144
12534
1602
2948
4184
8702
2248
11598
5746
10448
2796
839
2228
2685
10966
12501
1887
6229
1246
13183
13380
12657
712
3545
11910
2165
8907
10982
11736
11294
6262
774
2961
2356
7202
8815
9597
11448
12039
5476
10415
758
7839
7295
6203
7935
11979
7135
156
11081
9189
2107
7636
7356
10407
5300
12320
169
8835
6196
13288
6710
9163
10433
361
8063
5790
6654
9263
4821
552
7729
12044
1935
37
3764
914
6352
5759
8985
7279
2015
6174
549
10983
9139
363
5089
12262
1741
12401
4100
3858
1182
6393
9105
2541
10612
10176
3415
1175
5581
9812
6830
7164
13355
3501
10636
4779
12715
1014
8766
1850
10637
9681
948
9041
5622
6990
11469
8723
2422
13271
11680
2450
12106
6237
10752
1337
7643
2824
9477
9878
8016
4687
5480
10398
11550
11068
7665
7250
2603
11162
2086
13217
591
2238
11664
9875
9043
2946
3309
12212
7180
10753
12376
11751
3066
9553
12318
4636
11410
11003
4212
4518
1300
1827
12748
1187
12761
7290
457
9989
3853
5977
8941
8881
1967
9044
5173
1434
10199
10882
4514
6135
5465
4425
8420
4266
3303
6944
10749
10477
1477
4701
7333
3493
8338
13344
3320
6253
6474
1694
12858
3793
8049
8419
6677
3971
427
3359
83
3040
2698
4256
5742
4483
3878
9089
4492
4260
875
9777
6818
6163
1693
10618
9439
5387
11057
11559
6231
10368
11602
1607
407
7530
1748
2701
5131
114
4917
266
11123
7977
8860
4599
11838
5745
4350
8307
13116
960
4424
6446
12400
11012
6008
11271
2844
12936
10118
12946
8060
8194
13292
9635
3724
9120
509
10551
10894
13316
3352
4719
10704
6693
13282
3487
2337
8510
8361
5747
4788
695
7163
2848
7417
1711
4897
11793
1815
1031
8203
2055
6245
8848
6794
994
6457
8503
6885
3244
1268
2143
11873
5879
12639
8253
12179
5550
12138
7056
10188
13047
7917
11826
11380
11313
2817
8146
3840
3944
11563
8668
6307
11807
6441
11447
1216
2213
9076
9047
11346
5197
11387
3835
3555
3996
12388
13201
9687
5153
9758
3350
6500
11969
11194
4068
