4306
3653
2735
11152
12674
3251
13034
7445
4972
5533
4829
6785
10038
7707
2573
3755
5629
4255
978
2882
7340
11425
8666
1498
10471
2246
3259
265
2031
10792
425
12950
533
1357
1349
878
8758
3562
1197
4224
10917
12115
11253
7298
1718
133
2749
5632
12024
4455
71
8103
11581
9781
7646
874
8426
6392
9533
12917
10201
8342
12309
9333
5011
4338
729
7932
5374
11974
4633
11246
9269
11328
390
7746
3473
9261
10711
11001
4124
785
2950
9447
11384
11589
1553
3527
100
1708
7547
9140
5576
12290
10115
8689
4704
4077
3939
6144
2006
2804
2825
6259
9929
13296
12031
5322
4858
6242
1234
4538
11231
2734
955
9071
1119
272
10939
9982
5024
3641
5201
13176
11766
997
2367
1325
9436
7248
1098
11372
10215
1392
5883
3532
12399
9432
13091
12220
8395
2350
2741
537
3553
5427
5599
3177
13174
8244
11919
3028
2972
6428
4437
8755
2897
3254
7995
5137
11760
6464
11491
7075
5168
4379
7002
6834
817
644
11940
4464
11882
8646
12026
1124
1888
5638
2771
3626
8049
1935
2796
1607
3878
9044
10118
1337
7295
5759
8054
3971
3352
12883
10612
1434
6897
444
427
4184
9182
1770
7513
3398
12554
13155
10594
2130
12351
3160
12224
11323
6107
387
6787
7228
4252
2302
771
2299
5682
8003
4846
11655
12594
9377
1057
5250
4221
8776
9843
11570
3349
11353
5655
82
12602
9248
6707
10091
7516
6582
162
7931
1536
7587
8169
7581
3525
10166
8267
2459
12137
12496
11645
6646
2674
12546
6542
6252
7423
7307
4327
5166
10835
3054
2461
542
4067
3462
11026
6184
5044
6941
3410
3296
3435
4748
1470
11784
9600
9176
4181
11691
6804
6388
8302
11350
2823
2280
9462
6518
7695
7039
8580
3876
8222
10903
3695
9419
9965
6840
1585
7154
2376
11267
9266
1203
10756
3153
2252
243
762
10073
11502
9159
6315
12398
3338
9770
6958
9492
9993
5933
5545
5078
8341
11195
6328
1953
5040
8675
13167
12157
2852
1353
10494
1733
8948
5874
6515
12258
9215
5764
4685
10787
7156
9352
2133
11135
8810
4653
5897
6506
8916
12685
9408
6916
8514
6365
9423
7881
3659
8564
11841
4684
8865
2583
11341
9755
6621
2962
8120
4835
9648
9650
5020
7591
9974
1911
943
8031
7172
210
11138
1813
5938
11794
6535
11879
5643
9165
11481
6417
12717
8542
5575
11753
12429
5826
12833
6594
8965
6160
4042
2019
8101
12712
12173
6863
7657
10410
9191
10105
5074
8261
13153
9970
11025
1189
9326
4344
9317
3822
9882
1984
8047
2231
7736
11999
8487
2868
4664
3326
6988
6883
393
11913
7704
201
11232
180
11523
7790
12034
2726
5171
10307
5775
10099
4988
9017
2642
10466
12199
8059
5068
10622
793
12910
7934
12886
208
9117
8069
11651
9267
9069
7838
7116
9687
13316
4483
7935
5878
2844
9681
3764
9477
9134
12748
11447
875
10749
11144
960
169
3654
8737
6163
2450
6352
3858
9777
5517
12039
9170
13047
9635
11313
12046
7929
6128
5592
7402
8017
1215
5961
13019
12164
11590
6155
7460
10649
3465
8650
375
8404
10394
11709
8456
4465
821
6999
2416
11718
8692
8198
10615
5539
7960
12293
9393
11865
12854
12893
4476
8279
8115
11861
345
2439
9865
5446
2420
6096
5760
6439
2747
5416
8795
11411
8525
3569
9032
3205
6458
3908
8459
11309
9297
2700
11648
13192
19
7140
3734
10156
12124
13022
8044
8374
3914
6379
8235
131
4079
12752
8050
1408
11720
6488
2929
2893
8333
7850
8248
4812
7732
12464
8828
11141
11430
8226
11607
12615
7401
486
2888
10282
12114
8311
10377
4666
10682
11929
6281
8855
7488
12967
571
10242
13297
3678
12782
11428
1099
6077
4115
1163
9077
9053
3110
4237
13072
12768
2027
11398
127
12384
8671
8024
6561
7979
5377
8884
10742
819
811
6919
11535
2267
7531
5194
1749
11864
3612
9727
317
5602
9876
464
6971
417
4277
9690
12133
1787
6047
11261
11389
4658
562
3149
13248
1918
1316
5022
10950
7710
347
1463
5875
13333
10989
10009
7837
6509
10977
8439
8652
2612
11872
8026
6718
9301
7738
11963
11477
6318
4347
1364
9958
12088
3270
11912
6904
5065
3885
865
11941
2106
9923
10645
9199
3890
5142
6633
4137
4562
3448
8006
10833
6251
3484
4859
8775
1818
3549
4910
888
1799
3689
7650
12852
8280
10750
1237
5031
1934
11022
10802
13147
12709
4525
2830
3655
9137
7017
6449
11650
6344
3426
1341
11575
9123
4930
13220
1448
10491
1110
10700
4656
2452
8820
6348
1793
3044
2123
6772
8434
10672
895
1616
11741
8270
10599
5231
8635
8677
2346
11582
5982
4159
2153
10766
2763
10725
11938
2298
8686
6292
3502
4570
6208
1114
8782
3935
8254
1973
682
9663
9026
9696
495
2082
5721
4366
506
7592
13204
7871
8575
4934
7755
6607
655
10565
11321
2555
7843
921
11854
7831
1247
6983
9060
3729
4144
12267
6678
5801
3171
7023
6841
8432
1414
9080
11332
9376
13121
2102
8326
13141
1428
4151
7199
4036
12623
8051
76
12686
9752
2368
907
7358
6956
10112
11614
238
6376
5753
3718
1395
12938
1457
12223
2770
8290
8481
4033
6552
2826
9547
3126
334
196
6749
13187
5188
4894
13046
1609
9585
1365
4449
11464
13326
13182
8217
3016
3845
7528
7198
85
11780
8505
1771
8638
10247
648
10617
10382
10096
11040
3598
13360
12985
2365
398
9392
9481
6049
2860
11519
6119
7571
8553
5057
1422
1333
1896
3325
6109
6451
4173
13200
789
3393
9750
8162
7834
7277
10871
1225
12733
11016
923
1704
1716
12612
7870
11030
4026
7493
6554
10573
8385
6220
9893
7394
414
3922
11149
5786
737
2610
9308
1633
5009
8821
927
1773
206
7162
9031
10264
203
1559
2313
9710
10858
2458
428
6394
4724
9406
161
7778
12211
7053
11890
10877
12699
433
4411
11601
7544
4720
8808
5311
5937
1840
7192
4676
1173
11669
2675
13278
8790
5008
11111
3975
12868
10476
4010
3831
3792
3423
13301
11310
458
12217
4734
219
5114
6805
248
8938
7984
9312
12551
13029
8823
12912
13016
5598
7822
11345
10457
7529
222
990
4754
3076
6959
8913
8292
8606
4559
3330
836
828
1314
11572
12997
13310
8066
4878
3181
11228
4543
939
9257
4472
8367
5177
4164
11520
5627
10695
10186
2724
6696
6425
12895
11120
11419
3533
11707
7264
2568
9513
12843
9734
5696
2546
4693
4662
2352
5586
11251
9322
10873
6
6706
3863
6726
6183
8731
775
8497
9510
163
2577
6390
3436
10997
1913
6489
7686
3977
8399
1108
3140
13075
13045
6504
12455
2632
13052
9548
5016
4891
5021
5845
1889
5400
5323
204
11605
8957
4471
3075
7739
8327
10755
8465
12257
3512
10843
583
13309
9048
7285
4203
4407
3109
399
142
8767
3683
1606
1986
1315
519
33
13194
6172
803
7207
2521
596
12089
3287
11388
7467
12472
10507
9522
1113
7617
6814
2261
6738
12978
3390
11546
12716
10566
10121
7726
7923
12986
11005
9756
2601
589
11329
12225
3331
12111
8159
3494
2330
9087
6688
4556
7297
12379
7411
11220
4593
4755
11750
4023
10025
10828
9760
11984
12149
10418
5953
8100
1117
6305
10318
12477
376
154
2372
9490
10320
3202
2387
12765
11471
13188
7376
5658
2671
10601
10249
12555
6666
6651
10860
2786
11013
1541
3165
11009
1218
384
4063
5206
12812
2218
5386
10102
10384
5381
1154
6075
10392
140
9910
6486
282
12974
8445
2463
11667
2412
6205
370
10465
4785
1560
10106
9145
641
5164
13325
6040
622
12777
13180
9108
2889
5090
6269
12604
8013
2306
6319
11534
12905
10651
5456
10065
7812
4197
5726
10692
6993
5703
3526
5333
1819
9714
3107
2659
3155
7950
4340
1722
7441
12130
5203
12349
2094
10995
12156
5487
4046
8036
11568
627
5353
7245
8316
4857
4832
10034
3235
12310
1274
8711
4847
7494
499
11181
2767
10874
12300
5560
4317
4051
3735
4789
4690
2959
10797
8978
1411
1034
1916
11770
12940
6870
437
7644
1743
11968
9904
205
1905
5931
4373
10046
12928
5511
2549
11406
528
11759
6108
10544
6987
6406
10363
3275
5310
9128
8223
4108
3556
5824
2391
2979
8126
3046
1361
9976
7344
5881
1586
7191
355
8366
6498
3586
191
7044
2300
3713
776
8672
8889
5673
4502
12735
10851
507
6493
8613
2707
13125
3837
8618
5850
6619
2210
2530
8166
4964
8508
10673
6419
5034
13211
9339
11932
13037
10125
4012
5180
12644
1198
6291
13378
9480
8352
8536
4842
8659
5672
2829
12467
9470
8598
11817
12845
13101
12373
2003
4885
3973
9451
2974
7283
11625
8663
11685
6875
7502
10194
311
6568
9873
7808
9459
8955
13026
7318
2900
3875
2326
11031
667
6689
10504
9943
11492
4555
830
95
13001
11884
10522
9673
11085
4324
12640
1931
3701
12083
7435
10830
8116
7157
7288
11673
7702
1764
7868
2779
8576
1551
2752
12533
7179
10948
1625
10888
9399
5608
1372
9753
3301
6195
9129
5042
10346
6626
6156
5809
1798
10033
7611
1882
168
7456
10109
13043
4867
2149
11416
8383
7052
9283
2348
8760
10487
380
2438
4440
11597
1318
1657
9003
12341
3757
5383
1591
12436
1734
9150
2708
7193
13210
8586
11548
8268
12304
10606
1769
11857
8750
4855
6926
10180
11903
2272
1067
8679
9971
5494
882
9100
6240
5818
582
6795
12689
548
3691
7434
1123
8489
11802
7405
7776
12381
12315
1047
5811
12311
3648
13263
2490
5970
3708
5929
10947
12338
2575
6143
645
11642
6644
13268
342
7752
8970
7229
8700
7720
78
4925
7284
13314
4035
697
3790
239
4289
2940
5967
4120
12807
7217
4280
2873
4536
3293
9315
9504
12294
11594
4871
4735
5750
3037
9564
8163
750
6676
4102
1561
3421
12567
9374
3219
7946
6736
12451
11337
1033
5788
7107
1951
6197
1185
3083
11608
4149
6129
12582
4316
3348
273
3509
8112
1558
6702
12795
9314
5256
8174
7758
4123
7211
1380
81
643
9106
4711
689
2
6522
10667
11397
2570
4421
4767
4567
12956
10885
7770
10347
7901
8138
8482
1040
13249
7276
7047
5445
2393
727
4813
7771
13185
5531
4405
2808
11883
4931
626
3265
7857
5947
7409
9398
12188
10174
7782
5711
12502
9801
3148
3144
5390
867
12505
7813
4053
1912
4717
11569
1065
553
12564
11151
3600
2063
12482
7349
6636
6980
11370
11656
4186
1710
11852
10688
9592
9819
7491
787
8928
10800
3009
5313
3564
7148
642
58
1863
3459
2360
823
4791
3273
1043
12249
12806
7313
6890
13247
4908
4756
1476
766
1881
2491
3802
12929
11434
128
4134
9116
9190
3523
1782
5605
9925
9217
11456
1618
6976
6048
101
1796
8046
7292
10197
9662
13173
634
9921
12385
198
2658
7478
6224
899
1082
289
2621
139
103
6360
4420
9850
7615
2163
5479
10659
6911
5058
3658
2934
3001
368
3432
5503
7296
7731
6961
5989
3139
4194
6827
595
12490
8421
10884
12419
11390
8537
2750
480
7231
11555
4660
10937
12808
2457
12056
8814
10767
4386
2222
2781
3798
10027
10971
2432
9316
11038
6118
930
11904
9652
13300
4990
6114
9252
8604
12403
11254
18
11906
2847
2392
7563
9656
7354
12558
6896
8999
1950
2331
13063
5578
10777
652
11143
6068
118
8818
13017
10924
10478
5391
1659
9162
7102
12426
9405
6910
3341
9295
4359
4769
2753
12248
9505
11203
1747
12876
5815
10609
12180
7359
8484
11070
11148
12649
8688
12371
4172
1385
10709
13082
6574
5045
8930
709
5669
9815
1368
12722
11958
11257
8260
4571
11899
11168
10222
3779
13149
11226
6005
9984
8350
4540
7832
3660
9006
9643
1834
11695
1670
12183
11304
4969
5007
5230
10549
998
4992
2903
2607
4166
2335
4188
4214
3316
12132
5307
3943
8310
7994
7302
7503
12771
11918
2192
8940
10266
5138
34
5641
269
4367
9754
8288
884
8764
1706
8480
5719
2875
9103
1190
12520
2262
432
7128
6704
920
5858
1370
8172
8093
1446
4505
11835
9952
4314
11639
944
9364
10021
11210
4606
2730
12688
2554
12238
9885
1772
12903
6413
8089
12931
6173
1324
949
10730
9211
6120
804
4098
9155
6618
6783
2862
10529
6614
5019
1846
8728
1442
12336
6495
13169
1545
2536
5675
4268
8176
12082
4210
7450
3846
11153
5922
3453
31
12096
1928
5923
8297
275
10525
2498
9525
12751
4284
676
5537
5255
2373
8148
12412
3106
1070
518
8842
6566
4356
8733
12181
10311
3684
401
6100
1291
6722
9711
12526
7512
12888
7975
2622
10004
3455
1503
5227
6374
4590
1121
10402
7137
7701
4966
11700
4475
10826
835
2528
9898
9837
2755
2305
12264
262
4617
9724
10638
9590
5890
9575
11116
9844
10069
4807
5061
8927
9550
1077
7764
9039
12911
10776
7527
7604
4265
11949
5806
2128
12359
11746
9157
9223
1866
2456
4375
8084
5305
13060
8929
887
11273
10041
12535
2481
2125
11075
9434
13033
4167
11615
13284
6437
3125
8028
10748
5620
11953
4484
6856
8998
11994
3172
4573
3902
3616
5827
5508
13312
8572
12051
9959
9986
9230
5832
11732
8496
10138
12017
5720
10153
7446
11352
881
7501
13023
12562
7186
5126
2214
12672
11399
10706
3759
1019
11221
1269
842
5247
9934
10387
3078
9892
9391
2827
6340
6424
8275
5150
8413
12485
3182
10935
9701
12841
2966
498
5650
11708
1909
5736
2380
3381
10832
9622
822
1471
12973
8898
13146
6530
10591
3883
6806
3559
12631
9153
3179
271
663
3826
4973
11046
9428
3544
3568
597
4911
9443
4016
9204
13369
11616
10077
3537
8637
12314
9824
6368
13144
4640
7846
7794
2097
1552
3452
318
6873
3832
12638
4240
389
1543
12493
7533
1892
10920
825
12902
7811
5918
6907
5610
10163
1439
5463
6967
3519
63
4594
4510
8064
10160
4596
10879
13299
9387
6674
6775
956
10927
9947
6882
7018
7952
11047
531
8967
10738
12673
1359
6339
1079
10898
4169
12541
1622
8364
10159
4233
12033
5228
563
12372
5600
2124
3760
2694
10887
11127
1201
11888
4703
1523
2175
1384
2615
11379
6290
5577
8443
1023
4729
10208
8710
9996
889
11951
12605
6213
2548
8012
1919
5957
678
12723
11619
304
10928
13245
6690
9144
11990
7226
11383
6087
5589
11300
7058
6998
7769
10151
860
9104
7451
9521
8300
10272
1899
1695
7309
4259
588
10316
11808
3291
8882
8137
6755
2613
6112
1567
6250
3870
900
5500
12053
12881
1871
10030
11889
8745
3801
4143
10386
1127
574
9194
10951
4155
1371
6263
4315
8379
7724
12750
8141
4057
9539
7216
10326
4312
1205
11982
7978
12270
1348
12105
9501
6255
2742
4864
1080
5701
5412
501
8864
10734
3669
5365
11887
2519
2183
9051
6526
3174
8875
8678
1655
2174
11297
2874
654
4158
7114
5768
6540
7320
12302
10292
9828
1267
6414
4938
1025
9102
5596
1322
13160
1848
11981
5105
9184
5538
8086
1991
1540
8529
6600
12710
4094
11859
3376
6137
7543
11816
4689
9096
7066
10054
5666
3901
6361
12920
8793
4157
9897
11505
9630
3621
3740
7078
9972
12108
1829
824
3213
5108
8621
1285
8535
7963
391
5347
8158
8136
5667
1196
3378
2405
7487
7578
11371
11237
8738
4441
12816
12552
4329
5843
13049
7031
2161
4613
9205
9741
4997
11043
10481
12091
1614
8403
9883
1996
4712
2381
10117
6164
12933
12022
12059
4804
2956
72
3061
8133
2078
10872
4541
1489
2933
10764
10454
10586
8213
7660
3400
7473
12253
12696
805
2142
4924
9367
8471
16
1526
9070
2576
12129
3460
4193
6124
5356
8935
9671
5265
7586
5913
8378
3276
984
8382
6410
8716
1868
2537
12066
1593
6864
1273
7425
6483
164
3531
11694
2495
1557
3961
9845
5563
1466
3936
11671
6691
12303
23
3560
9637
6596
1617
149
12527
10424
1835
2574
7155
1178
3956
6421
4994
10979
2247
8854
2704
6917
10103
6440
10342
436
6015
3521
6296
1686
2270
12430
10523
9691
7443
5404
7235
7330
9291
3984
3884
10218
6084
4253
6052
6547
4968
11139
4509
8340
5965
4038
5107
5926
4839
5571
2834
9421
2748
2297
11681
765
6331
5262
6168
13062
6585
10488
12250
7030
8887
1681
9073
2869
3909
10595
4019
8895
8392
4497
4887
121
4470
116
755
11442
9417
7024
4343
13352
13202
3105
12690
4775
4942
5532
3466
4830
8852
1460
1860
5003
2715
6123
1900
11980
5647
1090
5884
10840
584
9107
2832
9790
1740
4090
3888
2353
11839
5202
10227
3017
4208
11862
12243
1041
209
1965
2662
1133
12869
10509
6511
7691
9969
8108
11775
3152
10834
1290
8847
11959
4013
1331
837
7575
4659
2973
2820
11973
138
4485
9395
897
8323
7299
10611
10076
2688
8574
2514
4083
10791
2706
3120
8989
9136
10396
4049
7553
3404
6432
9188
2336
9239
706
1980
12721
3161
7345
4927
11514
51
9940
6130
9634
11876
6329
2991
1066
6948
10235
9737
5000
10938
249
950
13039
1366
3675
5559
4176
4205
3806
9351
9574
6789
7256
11177
2477
5949
6134
12239
8189
7622
6617
9868
9021
10483
3662
4877
6169
1044
9859
7225
7060
11677
5802
11473
2304
8578
12994
11465
10378
1404
11612
2127
5920
2037
2014
9905
3006
202
6557
11104
10192
3921
2279
8629
12991
3574
10486
4598
12780
5051
7980
8208
2390
4965
9066
3617
662
8588
11029
7322
1226
12038
3643
1841
10625
9802
12480
9866
10869
6597
7637
5219
6640
12344
3911
250
1029
9379
2579
12307
2562
4125
6275
4136
1456
9624
12450
7328
3266
12760
10991
137
11659
11499
1394
9242
11426
2433
7925
4591
12591
10554
844
1075
4758
8632
12487
9596
8440
2310
9915
11782
3317
10958
5495
7427
3064
1784
7928
863
8866
6472
3207
4549
7255
7378
12216
5820
10202
13018
8209
4799
3047
7222
8344
8984
10665
5744
7471
9309
11734
9604
11376
1544
2464
13264
7649
2608
829
8109
2345
469
307
7092
3582
744
3086
6836
11308
2118
6536
10875
5948
2339
5997
11611
2772
12989
8552
8798
854
2349
13048
6020
11727
7509
4515
6796
9246
5176
8616
10287
7243
11287
10739
1277
8283
6271
10662
10818
9945
8548
1276
7343
576
1906
3340
11402
10191
11609
3146
1128
7150
174
5411
10300
8836
7656
7625
1922
8353
7800
4932
2404
6438
4161
6029
10212
7913
12497
12407
170
7061
7518
3361
4297
2775
5794
3842
6303
9422
10040
1701
5272
6019
4547
12789
7728
2928
11867
7407
3186
4165
9677
3470
9063
440
5907
8371
7884
5864
4372
10728
3267
2806
677
11276
557
12276
1564
10914
10261
3209
8437
10461
12684
9216
8411
7574
5935
11909
1651
11853
9059
12770
7479
6182
2137
3647
1652
11617
12732
6453
4747
478
952
6357
6346
459
5725
6470
7252
12675
3229
10473
6401
6658
11722
3805
11897
7213
8322
2927
2396
12908
5974
9615
10784
8778
494
7805
6575
1791
1493
6924
11109
11180
6735
2865
11385
11744
12446
12492
698
9706
1430
903
820
12010
8674
8994
10719
4354
7477
9607
5728
11776
3508
12409
13371
12904
1118
4152
6699
8272
1966
5981
6851
2418
5289
11497
12755
10940
4322
8095
7419
1238
9285
8262
9086
12057
8917
2526
6294
2283
10044
3411
9440
3604
9914
2171
9902
11556
13093
735
8077
8475
11155
7639
8683
8902
9542
4619
7362
4532
12848
11167
152
10724
4854
9527
7083
4681
9469
4848
2995
3038
11363
5099
6684
12441
12237
11731
9025
4560
5337
4718
1688
7339
9151
4435
8718
10150
12055
12172
10048
8931
9335
6355
2177
9826
3928
2489
12758
7889
2744
4731
9430
10189
8337
3247
7765
11901
1328
11603
5489
7673
5482
10001
7209
5158
1569
8185
5344
4787
12941
2703
5363
2986
7802
6969
10148
2739
660
13329
683
7171
4467
2233
1093
12701
1623
4512
11557
3903
4987
11588
12654
11676
10768
1518
9437
2598
11844
48
6256
10447
954
2678
7539
4393
5651
10576
9013
3007
2754
11470
3772
12655
8105
5340
6792
6773
11587
8583
5408
1527
13139
10016
13272
2935
6310
4757
1183
1056
3940
10351
7334
2193
1776
4943
9941
3022
9193
799
5634
1992
1893
3347
6519
13265
6484
7034
8639
687
4831
4116
1662
8694
3438
610
9682
2215
7218
1263
148
2835
9158
8140
6564
12279
4209
9651
12282
7900
4952
9389
12395
11343
5046
2664
5070
7112
9848
6204
7780
8749
12747
1675
7949
3795
8376
12556
7734
11493
1164
8845
13327
12656
6166
9588
1983
2158
1613
9628
12475
5239
8173
1729
7706
1610
12259
7740
11114
4037
6004
9276
6798
7067
11459
11871
5120
12954
10765
7658
5349
4500
8156
12617
2818
12008
9668
1792
5822
7876
2060
3775
3782
8630
8785
6891
5810
10788
2111
98
2442
13044
5960
12036
4114
7490
6447
12626
11798
13056
5804
12503
8906
2727
6266
11461
5384
8313
2479
7535
1807
10569
7762
10987
8590
991
12692
5208
12850
3441
12190
9742
962
10371
5900
4195
11506
6986
4526
6391
679
12739
7281
2850
3920
8868
7371
4672
496
8519
4517
11266
7325
7470
3958
9483
2951
13021
10558
10723
106
6531
2449
8558
5950
12528
12425
8765
10501
6218
5699
8850
9397
5475
11058
8147
751
2475
12635
1081
13295
8451
11978
1144
7430
9960
12422
710
13151
2301
8772
2189
10085
9692
10269
6022
3601
2043
41
12175
12783
3711
2223
12408
3960
8947
1497
12285
4631
8045
11786
7152
12025
13214
2087
11875
9296
10184
2930
7727
2609
7537
1852
2447
3584
8565
11200
3449
7519
5639
9623
2617
4055
12354
12171
13256
9842
6309
1250
10514
87
11632
11435
4103
7867
6465
3758
46
5362
1809
11041
5613
4084
9321
2508
1262
9396
11314
11740
1878
5542
5251
4447
5439
11537
4645
253
1403
8329
2650
5104
13013
936
3373
9964
26
1311
3929
2837
11124
6858
11765
2797
4239
6397
9621
581
12942
2126
12146
6879
1355
12597
5707
12308
12793
7079
7835
6249
2553
3334
2077
5341
3788
10661
4553
886
6312
999
1735
6960
7633
7854
1879
11064
5594
7918
7005
4624
4856
9095
6426
4374
1590
6246
8560
1969
7246
12278
4654
10275
7572
12232
4275
4978
11250
12636
4414
3104
4244
5689
3128
5659
4270
1415
11967
852
1507
964
6175
6583
11361
2152
4551
13218
1822
2206
8242
4089
1755
7122
13283
8015
2249
7089
7723
916
10902
10705
12269
5894
8319
5083
2147
8959
2597
2759
3136
8932
7614
10246
4443
2655
8486
61
12981
13216
9495
4432
11490
2221
6058
8454
12296
12265
10335
3062
4177
104
9416
10978
7955
4009
3150
4566
13157
5936
10680
10527
4305
4207
10419
13257
6306
9115
13236
1744
13351
12645
8509
395
9474
10703
2354
906
1631
11218
5769
8573
5001
5092
4584
6462
4301
6485
13152
653
10308
477
11805
4981
12627
1530
6222
9311
3440
8890
9666
10074
1358
11174
6573
11301
11977
5785
8125
2023
3797
187
6402
3290
11752
3250
10203
2492
4454
8903
2954
7269
2105
664
9908
8221
3786
4794
5429
3745
10373
11008
6444
8910
10446
12853
1979
5816
10598
4258
2493
10277
4048
229
8825
4809
8087
6372
10628
894
3312
12815
3824
6086
5448
3025
2400
7436
2684
7021
1921
4
2686
9806
9438
1849
7046
3981
12241
9147
13107
2255
5431
3661
12339
9164
7652
8178
7215
8918
2531
10018
9818
13083
5519
4760
11653
4850
11997
5394
11832
1649
8348
1363
4232
3253
6546
10079
6104
5459
7278
5499
5460
12362
6962
7448
6587
9551
2896
9022
7930
2561
9552
7270
7511
4434
8473
4817
10990
4971
1762
3224
11870
9535
8986
7568
3444
2984
11960
7861
12489
4519
3472
11530
2040
7546
9241
6782
1486
182
13120
6389
7522
4358
8128
6277
5461
11052
12465
4520
4495
3474
7538
12109
5316
2092
344
8446
12092
4213
13235
2259
1821
8021
11811
12515
3937
12610
7972
7124
12355
3315
8231
9148
3773
1908
5438
8691
2494
3164
7525
2181
7323
543
4508
9036
959
8216
530
10936
10757
5590
812
12445
2050
56
1660
5454
7113
2938
10340
9426
2559
9394
885
3670
6358
6898
6913
1306
227
3463
1758
3725
4797
7090
10193
12245
10262
9519
13207
2076
1656
1330
2833
5224
1803
1409
7602
11848
1481
11771
4342
918
1853
9381
4874
11522
2581
7945
6433
4873
13134
11099
1632
2070
10239
5612
6502
12651
2840
7492
4883
8594
3639
7683
647
435
10372
3210
8104
11678
4062
12168
11278
6185
3425
1731
5665
6150
10255
10744
11178
1091
5213
5617
9933
8177
9306
2172
2793
12366
5225
11060
5185
13191
4008
9968
1761
3346
11964
10273
396
11797
13004
10716
2287
6101
7165
12919
8264
1843
9785
2072
1352
6436
784
6336
4170
6560
1401
4488
443
4129
1406
12202
3848
12378
6673
5424
4119
4017
12112
11509
2629
13190
7944
4766
3014
12646
3221
5543
1287
3986
5367
7201
1845
12459
10314
968
7190
6712
2854
5288
1960
6050
3722
7598
10464
1139
5925
6380
4323
9008
8219
2146
9616
5505
3433
4357
12840
10490
7108
7421
12439
12900
9358
1954
4970
5694
5189
6274
10283
7570
8005
472
10859
5115
4307
9175
9559
10761
6670
2057
9410
9050
1728
446
8911
3913
10417
649
8357
4958
5082
8014
1957
3706
4960
4834
3306
9823
4882
5199
2265
2918
4840
5984
5253
1856
10416
1947
12708
4065
2403
7444
522
11045
8757
9632
1265
11558
10547
4403
6835
4460
8239
6625
1628
2010
8527
10330
5032
10909
5348
6762
5813
12993
846
10699
1976
3907
2522
10863
686
5541
7475
10664
9769
2011
6031
11649
6497
3002
12261
2263
1177
618
11858
6434
1307
9018
9748
11834
8228
283
1038
5471
4582
898
11159
9629
12383
3048
10528
9355
1233
4902
11599
5520
9649
8431
10640
6713
2582
4261
4503
7879
1601
8648
9709
9558
9011
3200
11284
8043
7141
4230
12734
5952
7681
1968
3310
413
11815
6338
5086
4087
4963
6994
385
7549
11512
10518
10142
7483
12822
4705
5619
6430
6650
1640
541
6648
9334
12387
8809
6923
8591
10639
1444
8532
6955
12927
12892
4415
5205
3898
2584
12650
11652
12374
7008
12599
4091
703
7550
6473
12005
10334
7175
1886
6592
5684
7967
10603
6963
9001
6035
12820
6908
10413
7369
11833
8846
6149
6153
11421
1678
9722
2496
5329
10981
580
3595
2166
9977
9221
10600
4139
792
8540
10502
8502
8605
12368
8861
1667
7142
6995
5331
2319
7232
4892
8011
2939
12193
8857
6469
8384
13156
10029
485
873
7807
11128
7670
7566
11663
12499
2160
255
3015
5763
9244
12174
5419
1542
8377
4516
5919
5848
2103
12048
12884
12975
1642
3642
1137
12330
2550
1653
4546
6853
3406
807
11443
6624
11971
3113
5516
12141
2853
1007
10512
2616
7697
5010
8909
9303
8358
3279
12428
8912
4742
6578
8660
8190
12410
9288
13294
4081
7174
3862
6258
1650
6514
2890
12588
6083
4909
467
12014
278
5149
369
5616
11320
12086
8812
2487
4267
5771
8255
6423
5636
12958
10821
6764
6950
10604
13234
13315
8593
1256
10438
2276
7361
10338
11552
4535
11272
9174
13337
492
4886
11277
7237
11574
724
10379
9896
2545
1575
11510
8756
13229
1020
3947
5302
10097
6866
5226
6241
5579
12864
10475
2773
4936
7370
6957
2026
10061
13374
10926
975
7363
12531
3517
8740
13199
11355
3292
7806
4097
7567
1039
6675
6581
8438
4523
3741
7906
12539
1344
11915
4939
6369
8550
11894
7395
7143
816
4922
4283
8247
6501
8343
2049
4916
6698
8851
8318
13102
7792
11391
5946
2780
7888
2415
4793
10008
13222
4439
4438
12629
1155
9268
5901
633
7438
190
5593
9950
3097
8134
7986
1399
92
7916
12131
5978
491
5902
1938
6770
9349
20
3869
1016
1674
11275
2448
7335
11946
150
5271
5915
8803
3072
12872
3686
4999
5898
6656
2266
12488
5371
441
3605
10805
7431
4627
12538
2069
10801
7366
11661
8713
11948
10395
5791
6051
7452
4072
12123
9749
7713
6852
7189
10953
12345
1512
2058
4382
11920
586
7703
13324
1568
3241
13353
5757
7970
9125
628
3081
8627
10713
2164
12745
1961
8412
6932
11891
9833
4790
5882
4095
7131
7880
6968
7606
3756
6280
7623
2842
12724
3881
10736
10216
12773
3327
281
12331
9672
11956
8161
4688
7398
4430
1679
1641
6784
10434
13356
11336
8113
8656
6719
6816
3124
11500
4291
9900
5609
9863
12068
7997
10726
42
5241
8664
10865
10685
4113
2430
1766
1257
10062
10257
8284
1936
10905
631
4251
12231
3138
456
8067
3873
12814
5842
6915
6871
2281
8988
1224
1636
5397
12570
55
10305
7221
9142
12342
2117
11905
5385
7775
11412
10325
9484
12413
11024
4622
5956
8305
5472
5697
4110
1528
2943
11633
2879
986
6316
5580
4986
11996
11084
5959
5787
1213
7974
327
10343
1083
748
9234
4884
10678
12287
5568
6033
6045
12947
1095
6092
10697
3613
13088
10679
1202
5867
12565
1096
3100
8789
3262
5770
2942
5245
5870
659
7841
2230
5452
4468
8099
6067
1381
9229
3117
4811
10819
769
3999
3646
8476
2805
13133
6730
1898
5112
3815
13193
11377
8455
7049
12251
5259
3830
9390
6122
8398
8448
2170
3216
9888
10130
7111
8608
940
4948
11316
4919
9703
12027
10265
2594
1698
2552
4353
2134
2039
5625
13330
1506
11092
3721
4130
10643
4979
3090
6270
8786
4311
1162
10063
5133
6812
12327
12074
4579
10375
6744
8151
5660
3191
12972
10094
2080
12361
7819
7809
2030
5708
11874
5339
6085
4728
4611
5102
1883
8958
5264
3368
1289
3121
7939
6409
11647
7070
12443
3645
8083
1684
11785
13164
7883
657
3236
2188
4726
8415
1932
476
12980
13251
6193
7254
6136
7826
10575
7926
12725
4895
11365
4732
1416
6763
60
3188
2743
6880
6703
12898
1661
8428
10619
7860
6877
10082
3003
305
2205
7882
270
8555
4975
256
11409
482
5281
6797
4928
11825
640
12517
8709
3933
7784
5036
8436
3931
8386
11713
7294
12901
12763
9132
5854
8697
3787
9240
10198
1338
2065
3561
3339
11488
4279
2443
2989
9587
9528
7416
3288
487
1754
12356
570
3344
10220
5014
747
12274
5872
5510
322
12432
9506
11110
6862
11547
4610
10717
13273
909
7667
7311
6111
9023
2725
10425
11781
165
701
2254
4450
462
6016
5954
9791
3717
5548
7564
12353
4183
713
12151
10955
2926
12772
1028
10582
7785
2687
378
1823
36
12563
7940
4080
8735
9736
2859
4034
10213
12271
8372
5688
2071
2314
10390
4915
13000
11702
9294
125
3916
547
4286
1063
705
13230
10404
8964
3700
12160
5979
11414
12434
10519
11693
11224
8944
10036
859
9794
9563
12860
3263
856
3163
7815
159
3079
10868
1004
7062
5522
11229
12122
993
3458
7286
4577
9046
4632
189
8061
3763
3194
4976
1288
6070
8585
286
5207
10708
4649
10526
7877
6860
12549
8424
1193
12731
2690
5762
12662
9619
8761
3534
7956
5565
12518
11094
4628
848
1508
3990
1336
5283
969
8896
11900
3715
6933
231
9152
9609
7912
10853
10072
11842
181
10408
10891
10733
9688
4179
1533
6929
8362
9739
8375
7536
9856
3959
12145
674
3781
9917
11809
728
9810
5556
7542
11507
607
7508
4310
10024
1351
10626
6264
5645
2788
12268
8110
10710
6243
10233
4661
11988
4643
6900
13274
4336
4849
1204
11450
1335
3571
2776
912
12154
5497
2586
3761
160
629
12964
11187
145
6977
1786
3422
6200
6063
303
4896
8625
1286
3335
10327
4281
5880
13254
2184
3630
4066
1074
8477
8617
10578
9931
1258
6335
4644
10968
690
9581
3419
9196
1292
3053
7338
7768
2116
2792
3504
3374
377
10238
8649
12804
9608
12218
6057
11137
11812
6073
4417
779
12240
11342
292
3102
13057
5591
6832
10668
9694
9464
295
5095
9557
6641
4980
8139
6906
933
1480
43
9642
11359
813
7074
207
483
11926
2737
12
7187
8495
7415
1308
7996
9457
7693
5485
6934
2702
4182
1788
1760
913
2846
9348
13302
1753
2839
6525
4801
10421
6009
11324
10365
10195
6180
7110
2001
3185
144
8303
1958
8076
5564
4027
3807
2881
2547
7481
10484
10260
6001
11373
9834
8779
11018
8381
11593
13354
535
6234
8240
6825
6219
10231
7745
3068
11827
10813
1092
1378
7774
10297
4318
1736
493
2325
10707
9792
2347
7167
2169
2871
12275
5192
8832
7020
5492
326
7669
2815
9813
12683
12117
4030
10635
12553
4014
3727
2110
6268
8356
10440
608
4383
5125
10647
4071
4706
13215
3443
1929
10088
9928
294
3269
7866
9323
4392
5393
2424
7742
7486
6590
8056
7887
11186
12297
8804
5156
4836
503
13262
2234
7919
381
9560
1549
3208
6490
7634
11549
4904
8892
6351
13368
310
11483
11034
12634
10572
8636
614
1804
10857
9669
6066
5833
4494
5301
8068
5484
12700
12856
10574
5343
11333
8579
11660
3540
5540
8285
11240
8111
11584
8561
11991
738
2990
3737
3505
10124
9328
12272
5017
8977
8493
320
12727
8230
4686
2729
1562
10781
5893
11017
7195
2697
111
780
2691
9697
7026
10811
5462
8837
8119
13252
937
5441
12093
6828
8971
11965
4294
11258
10605
8769
1382
7991
9007
5260
10210
743
731
1407
5908
8057
7392
8773
10472
7869
5767
1483
7025
966
2605
8474
157
3962
6299
10463
4466
3284
7381
10059
8849
13084
7922
11942
1147
4349
4810
348
3204
5354
13347
5502
9670
12473
13285
2048
639
973
9454
10922
6053
9980
4616
12754
3997
604
4457
2620
717
9938
5857
11103
7461
5043
13361
6521
3872
12186
9035
8806
1087
12461
4422
13365
11420
967
340
9382
4135
8644
12394
2120
6780
4406
3748
5823
9499
10911
10470
3489
1757
8673
9012
2556
4889
2155
5110
707
2470
12801
7749
2241
5298
8351
10579
12951
12041
8523
4371
1624
5308
2904
12592
6265
4074
2676
3042
11561
2329
287
2208
5257
10388
11504
13212
6260
12054
3135
11758
2766
2363
3450
7506
6569
6720
1402
2880
12785
8306
504
8722
11819
6766
9864
2079
6920
3847
3572
10095
4707
12566
1702
12666
2774
9726
3477
13161
11675
6377
4456
6302
5097
6110
8214
8596
2081
90
2195
6577
11147
6613
1373
1248
7694
3143
1235
5964
9683
4202
5091
5037
12177
4313
12827
2999
637
9916
2020
8624
3199
13348
5521
5631
12391
5628
2045
4694
3268
3538
328
3576
10825
3535
12004
12102
9446
891
1354
11704
1677
5413
11711
9636
7151
6829
2159
5574
9700
1621
6082
2569
12363
7129
6781
3868
7514
4191
7118
6843
3217
11773
1227
10590
5551
10759
11851
6733
10870
8453
7700
5661
2564
10812
3212
4595
6429
4991
13129
15
7472
11511
13035
6507
13370
10778
7389
10746
9281
6056
6400
1208
1550
6300
3478
2322
4271
7685
9544
1473
5657
10563
6011
9270
1433
6404
10113
7911
2971
3321
11586
573
8603
11571
753
3580
1310
12325
1703
11004
13343
545
11881
10228
5674
11515
1036
1212
9101
9274
1388
4721
2256
10770
10089
2968
12170
10259
7874
4697
10309
3924
11282
10332
75
6894
4552
9109
12176
7159
10183
1578
10057
11508
8188
788
12890
2389
6099
4242
8634
5797
688
10820
6345
8883
9253
12215
11096
9493
8871
4780
5273
2640
3446
12957
2328
9354
13079
905
6652
1417
8582
763
2665
6198
6643
5679
8330
3286
7071
11369
10256
7787
9093
4861
9467
2883
9092
1514
3237
9489
6370
9511
6579
5432
4580
7582
7093
12521
6861
5743
8885
3818
3408
359
10907
10482
12142
7059
5423
2845
6330
11976
2445
9350
4272
4020
4458
10164
2813
2885
9926
8236
2978
7000
10090
5817
10508
599
8826
3004
3302
8982
13136
12977
3651
11947
5317
2437
1808
2937
11296
13366
6034
10783
3416
9599
10456
1054
6278
4646
12184
7404
2386
13363
6947
11945
3594
9566
11315
314
9531
13266
3488
11002
924
2892
360
6562
5103
6905
665
2894
9811
9298
5306
4431
1594
2592
338
5181
2242
5369
2375
9716
5447
1210
12075
7350
3730
12135
8706
10270
11836
4618
2692
7964
3882
3852
6527
29
6622
9154
10420
9409
8389
2468
11245
2957
7987
6672
5668
12670
419
5653
5235
8408
11591
8721
2905
6407
3167
6974
7263
11640
10080
4086
6301
8245
6945
6017
5523
513
11071
4576
12786
4299
12185
9740
3570
2355
9141
13280
1993
7233
285
9487
3808
8249
7029
10336
12682
12945
11939
2689
4132
2379
6899
9720
4638
12992
9254
11263
4469
7548
3176
3550
11735
7300
235
851
4419
10715
5214
6025
13177
4300
3972
9852
3230
11268
13367
147
3663
10552
2631
2002
3632
11206
4513
1895
3593
10298
1230
10845
9862
141
6630
8391
4820
225
11961
4007
49
8919
4499
5569
10328
353
10798
7076
3591
5812
242
1135
3242
4351
681
1346
9512
9078
12071
11331
8551
3379
4304
6239
9449
6091
7886
10503
8567
13124
5761
8546
8939
6559
965
7068
11634
9571
10100
5278
7474
1009
7391
4247
4163
11010
8753
9589
10430
4823
5069
7510
5483
374
3506
3329
1245
6226
2096
12006
13137
13304
6188
12153
4029
11119
9949
2333
1260
2315
9251
2652
2756
1962
5940
3059
9072
10162
1940
1759
367
12963
3726
1275
7920
2179
7197
9705
5783
4047
9237
6012
13008
6989
7540
10116
8019
9851
1752
2476
12839
2293
2872
10794
12877
7757
5378
11698
6121
4957
11804
11201
10596
5549
1995
7588
12832
339
1140
388
8407
4319
5119
5996
10861
7203
4527
455
7266
2913
10629
9282
2994
11774
3897
10381
1707
3222
7200
11733
9213
5157
4678
13172
10006
12661
602
3372
9712
11924
11198
1421
5296
4189
7104
10965
5418
12090
1312
10310
9113
2864
5191
8058
10974
7210
8619
12817
1465
12667
5093
3024
12511
2473
9841
4639
6848
2009
9961
1534
11895
2705
5566
7454
5417
3497
3771
12213
8669
9208
9746
11374
1170
4043
10271
284
12762
5980
11185
6041
195
12704
3052
12234
6059
12421
6431
1166
10359
7014
12444
716
2599
6141
11129
4940
10237
6287
7439
1240
12779
3844
3938
4745
11134
6778
3278
9725
1313
1375
1516
11529
4637
13103
4568
5934
9591
110
2251
8070
6162
8107
9179
7579
8566
572
9224
5209
9932
7476
2182
2953
10933
2625
5698
2717
4822
2884
9361
8075
6106
5274
1130
11023
9631
8937
8886
8570
1767
12766
6228
6078
2790
9331
6367
4722
3970
11368
1386
10341
760
7077
4493
13231
7507
13321
12462
12029
4364
7001
981
3819
8073
5359
4388
8904
13303
2307
9582
9937
5734
7006
786
675
5204
4368
8273
4784
6317
12165
1525
10677
8238
5041
10480
3514
7767
12206
11415
11618
3386
11706
5921
10288
10785
6964
6952
6282
12753
7291
5916
1647
1156
12011
3685
8829
6443
6217
4112
9401
6412
3811
4698
1714
4670
11095
5398
12365
2504
5723
3746
4663
12058
6194
2578
838
2369
6653
3652
11036
3968
11562
511
12155
5849
10003
9485
12447
9146
12800
4506
7027
4075
11846
7577
3696
12460
10135
4160
8271
2309
200
11093
10542
12317
9918
123
4893
2785
9992
1021
3838
4635
13258
2672
3966
1838
3827
4426
13150
10428
3008
5649
1739
736
1443
7455
13135
2250
6628
10285
9562
8022
4473
11216
3674
178
5370
12305
3045
8888
10561
10426
3413
3615
5266
3676
13238
10702
6322
8071
8726
11396
8858
3189
3454
1917
8072
2168
10206
8822
5198
7801
8287
12144
2488
5648
5469
1926
11082
7206
3274
2351
567
1062
4003
12677
8168
411
2053
1671
2663
5430
2588
2503
6599
3809
4178
7772
4583
7183
5396
2803
3522
13111
4396
4489
9388
12544
5969
2653
2417
2963
12611
10358
1027
7396
11344
5584
7690
3710
2035
5121
3511
12030
7988
2085
3629
8018
5702
9497
6687
9901
4733
4390
10252
2512
12230
10790
3300
13246
12100
9638
6928
132
12386
6043
3952
11925
358
3183
10630
10838
10172
946
7789
10808
5776
5887
9975
12002
5186
2378
12348
12191
2282
12679
896
6177
2141
7750
1120
10513
3866
795
6510
11885
10051
8145
8149
5741
5758
12561
11540
10718
523
5963
4000
10350
4715
3597
4059
323
7966
6765
8581
9166
13267
9027
1339
10524
471
4763
8839
2518
3588
6973
2324
6823
13255
3566
7848
10179
11088
5409
1206
2863
7756
12792
3649
1125
5793
4331
861
6295
3573
12847
1515
12087
670
2589
1440
7618
3839
2996
577
8296
7899
794
8729
11169
1521
10560
6320
7580
9020
4101
2038
8719
11452
2501
5027
13244
7447
155
5805
2682
13226
9383
6373
12007
5080
10226
7828
8840
7552
4131
4713
10496
403
9719
7258
11714
3638
6918
1151
11354
4537
12819
10119
12442
9413
6833
11122
8914
10846
10676
10642
8359
9805
2634
8900
6837
781
1608
4262
8096
6714
2484
8934
7898
6499
4491
7458
5909
8175
8106
1865
10631
10546
4128
214
6354
6103
1691
3770
1469
5379
564
9877
10397
790
11325
4860
9835
4257
8949
4052
2209
9840
3783
11
1654
1496
9431
4863
301
893
9953
6953
3697
2983
5748
9647
5561
1252
1279
12736
8607
9606
11207
10078
6663
2695
7666
6591
12630
2502
7840
5049
6620
12126
12707
8160
3112
7914
6478
3246
5467
12201
7383
3483
722
1061
8651
10760
12999
9441
8515
10829
12209
565
7890
2366
1455
2656
656
2567
11011
5012
7357
12663
86
1861
11154
13073
11799
11305
11260
11039
7161
5873
12457
5722
1981
2423
4700
11244
6567
11021
9920
11150
4530
12078
3917
9293
12897
3982
879
6036
9130
9880
6808
221
7863
1522
5081
3946
11699
11654
2909
5972
1668
6949
12085
6716
9360
2924
12256
7735
9942
6165
9765
13076
3318
8165
4778
2816
12580
1011
1820
2538
4105
2286
6341
1689
4302
858
9773
6826
10786
10589
4416
11849
68
12226
818
5607
8265
10280
9260
6623
904
4498
1494
8720
4604
172
2911
267
2931
2680
2388
11364
5904
515
2288
5527
117
2194
9991
5888
3437
13067
10200
7504
10158
6477
3147
10962
3471
672
3551
8962
1217
5756
11580
11583
3989
11172
1254
5871
7594
8595
502
1413
1069
5327
2269
6327
4569
2506
3012
4937
1158
10925
5350
279
6157
10837
13336
5174
11468
10127
1169
9772
12641
3026
10468
3974
7380
1241
932
6734
3606
9098
6334
3190
5911
8345
8869
1405
1168
13132
10960
9131
9149
2385
12284
1588
7836
319
2505
9626
5064
1491
4880
5360
4642
11689
10052
7662
6267
10735
22
10165
3240
3671
9999
4837
146
12584
11787
3485
5892
8794
8577
12064
3681
546
8534
3382
11106
1974
1956
6349
11338
6811
331
5422
7386
7081
12614
8396
1774
13158
13377
6293
10656
6881
6884
10994
4226
7408
7607
11629
7032
3362
3650
1282
7132
12382
3991
7262
6076
11742
10385
1129
7661
392
3855
8122
7251
11142
12377
12530
10956
11688
5249
4141
2998
2867
5614
5781
5914
1452
6595
3825
4229
868
10489
6147
2801
11898
2778
13042
9284
3353
10506
2451
5450
7399
7651
4953
2611
7754
3850
9573
489
12703
8234
6297
12523
9332
5113
11726
5368
2108
2024
8466
745
6878
4852
1284
3345
5995
10366
9618
8584
7645
12481
13115
8699
11995
2899
3192
11484
6097
9520
7590
9245
13
2618
8787
10243
10943
12616
749
8304
13318
2757
12726
11302
10355
3668
6745
12360
7353
3080
3817
2178
3765
7176
10274
11100
112
7019
11255
9584
5603
985
6951
5382
9825
5749
2428
7824
4118
10013
10181
12932
5807
10696
9456
9498
8256
10299
8797
7204
9219
9983
12504
5440
5869
1228
7626
2993
5518
6524
3887
10205
3151
13205
1763
4869
11630
6761
5513
1278
5966
4496
10741
13003
11679
5436
1725
1933
1603
11262
3289
10892
7721
12891
6308
9645
12352
8171
10856
11053
12519
9517
2914
7593
6356
10409
5968
434
5652
4429
11935
11703
9816
8199
10771
40
11962
10352
7096
6550
1115
10005
4082
6942
8423
2344
4982
5876
7803
12729
362
8708
10155
2427
1637
8833
7856
246
2235
1721
9966
8187
10511
6179
1302
8295
11604
2200
12583
3122
8943
4673
9002
93
4138
1298
6978
9178
7449
3239
12746
12121
7612
6225
10683
10357
306
5299
6758
6632
5342
10493
7820
8704
9605
3377
1037
113
2361
2714
12671
6132
3704
7429
12189
9222
233
10146
9450
12295
12548
13181
8951
4006
7316
9289
8813
6071
9067
2670
1015
13036
10056
1030
9796
1864
1989
12332
3965
6452
371
6381
12140
7342
9994
5780
3093
10985
13291
9515
5987
5079
9433
7317
7385
12870
5889
10650
12653
3742
11843
9407
7829
4699
2975
12818
4245
7303
13242
8748
276
6768
12380
7938
4241
10973
9384
6286
2981
8762
11517
9954
9201
872
11235
3119
1209
8975
9858
8891
2810
7177
10
5782
10031
5294
3142
8770
3092
12509
1519
3633
4714
6732
5677
10852
5109
7741
10621
4337
10313
5664
12281
569
10455
6199
947
8286
10986
9247
9895
2917
12607
7224
5939
1
10304
3409
13162
2906
2941
6708
9707
5410
544
12021
11783
5615
7613
1872
3154
1842
3261
12896
1103
7786
9212
3257
7100
12624
109
5985
3620
7896
11292
1060
3980
12939
6849
9985
8494
11739
10152
9836
3227
7063
7584
237
8754
11157
13379
5862
13357
438
915
3399
619
7098
2295
7903
8556
826
5704
525
424
1005
10510
5588
8936
4679
1000
10999
4381
212
10593
6893
10039
8633
11970
13032
10144
5951
6754
216
7054
2220
3036
7716
1116
2099
8441
8781
5737
11610
8783
1249
3486
1410
3750
5195
4647
11204
11340
11824
10185
11777
9038
5825
11521
12728
4621
3069
10236
6069
7101
12828
12618
10690
9195
7336
2769
1192
857
12474
2033
3992
11227
6711
11763
2098
10890
6642
3328
11467
6459
9514
10823
12182
5512
3769
4486
6777
3479
6931
3915
9675
9343
1745
9034
1663
12252
11721
5075
11527
7267
5821
6532
4370
691
11035
1462
3854
12286
6405
10137
11347
534
5624
1836
5681
2711
373
5905
10627
6788
4650
1712
4140
3158
6779
8155
10230
5863
6371
297
1885
6669
10291
8142
9733
7777
1985
2551
11518
3851
13128
715
3245
13346
6145
8541
5116
3495
3184
9099
11460
6902
11747
1963
6979
3173
8501
1571
13012
2967
7730
7692
10067
8601
10154
119
3418
3590
13328
8252
7469
4039
12312
9715
3094
12934
772
6214
3
6013
10171
9243
5841
7097
4588
3785
685
1904
1572
5662
8452
2716
5361
4127
9094
10980
11952
11933
2751
11449
12608
2150
5836
9580
3905
8843
8905
10452
8684
11762
12449
11950
5713
5509
3583
12836
2321
1805
7495
11222
8647
5076
9641
12628
73
1157
4737
3690
6700
7094
9304
1924
9867
10564
10597
10562
9471
3784
10803
5975
5777
6276
9259
13090
5642
4918
1844
6398
9967
426
2059
2923
2207
2074
11643
12811
12136
12118
12598
4162
11327
10836
6283
12988
877
8990
3976
8952
9799
11934
4462
11140
12494
11444
2765
3703
5626
3480
4363
3445
13064
1253
3679
3804
9924
1323
1596
7627
13127
5047
2922
6230
1305
3114
2471
412
8000
5132
12508
10850
13358
2446
1423
7873
6943
7468
8373
5819
6326
9838
10849
11161
11668
8042
9890
10963
197
9097
3385
7672
11061
10646
13078
2723
12416
2012
5706
1107
4121
4545
1332
4564
1537
2199
666
3051
8599
3673
6705
7599
4413
5179
7773
10324
10219
11054
3575
12849
11796
3193
11790
10002
10020
3932
8085
3156
9119
1682
7534
5685
13223
13080
2566
3371
9338
1646
10436
6819
5752
8506
442
6288
1517
11545
38
5395
1295
2202
5169
9729
5962
10196
9869
2034
11115
1360
3456
6366
4667
8863
8997
10942
2323
7990
11225
10460
3611
11182
8402
4668
2517
1869
7676
3694
4575
4298
7239
2157
8243
11192
3168
1085
1726
4076
980
11067
12110
3618
6481
11431
9055
10893
6461
4776
6383
7293
5808
1435
3859
2639
12119
6079
4950
6248
11998
1231
4838
2285
6729
742
6206
12668
5352
2666
11916
3627
6261
7130
8954
2257
1244
9853
7804
12335
12796
12522
12516
12545
6362
11692
6074
8600
11145
12838
1487
10517
6728
1589
3264
11791
1581
11270
10923
12924
12060
4691
5912
10182
12242
12072
12463
2908
10878
7682
9809
5167
9200
1563
3496
11066
5073
351
13131
9698
7091
3516
5232
5731
1243
616
11578
10329
8232
5853
1111
827
9015
12280
11247
1418
11686
7257
9468
2271
3043
2156
11725
12411
5716
6492
11837
8768
9998
10263
5415
10967
13007
7942
9784
987
185
1854
9830
11917
7500
6133
615
7842
8202
4641
6637
8027
6655
11606
1997
2768
12906
8961
5710
3667
8981
5942
6844
7629
6895
3953
7013
12576
8743
5218
9507
10854
2115
7936
10534
9955
4362
10211
2284
1520
10175
1742
1778
2472
8953
10992
6105
1167
4803
8170
2836
10161
1219
566
1432
11658
6244
4744
3592
694
6146
13359
9218
7620
8926
12367
9906
12678
2762
1141
2851
8040
11478
6113
8641
9922
4759
9872
512
11299
4122
4746
10555
2419
1855
9561
12346
3057
4574
5535
10209
11211
4196
8908
8544
12875
3439
11199
6751
10993
13104
11908
7696
13038
12676
908
3360
8547
7234
1239
6686
5971
325
4107
12962
1242
10670
2499
12427
7814
10462
9817
10722
4993
1304
11856
5993
1511
7158
4345
11764
7084
7314
2198
4872
475
1952
4947
8321
6665
6463
3387
6254
1874
6487
7214
6496
11290
3614
10681
10344
13275
1777
4796
5621
7364
11298
4093
10376
1531
7
7387
782
11175
1017
2858
8862
5618
6802
12358
3813
6140
8870
5800
2693
4768
4377
10467
11214
10732
8512
1161
1627
6427
13106
9455
7426
12125
10789
6171
12830
11532
5023
13232
10369
8401
6038
2185
5859
12878
10557
11878
10315
4321
12414
1195
10839
7647
64
8127
2809
2091
13077
4949
3892
834
7751
9894
4325
3258
12829
4330
13123
11922
12194
5488
8180
1502
9577
11166
6800
1732
7403
3554
10653
2384
6416
4548
7985
13059
12952
5276
12020
10779
13070
12219
8807
3558
4740
7554
2764
3820
7954
408
7981
12049
96
815
3195
13170
12471
9173
10731
4201
2915
6807
1570
13373
7352
8915
463
9978
8117
7943
4851
13178
1398
4223
2151
3889
12764
12995
6859
2289
4743
12652
12790
10450
4428
9029
9680
1251
2600
32
9478
11666
970
3900
11417
3428
7080
5547
7144
199
9168
8696
1939
10714
5570
2843
5717
4309
10224
8425
2485
1713
13228
9375
7847
13269
3369
12070
2944
7993
539
9033
8062
6638
8132
10740
12042
5358
4117
5705
11845
2243
8417
2587
890
1539
11989
10648
453
218
7779
5100
8792
11083
10364
8979
12603
5529
321
12001
8667
13099
11252
7589
556
9881
10042
12484
5691
3234
8995
9780
402
13239
550
4923
10060
708
2602
5604
902
2513
7983
12513
11243
8533
9761
11628
8435
5927
5148
4586
3116
9482
2434
2341
8153
2866
4625
5052
2460
6311
9186
9054
10393
9861
13345
11044
7659
6167
5067
2535
11869
2782
2758
8921
4913
1847
3768
11080
9586
12557
12778
1032
9541
10929
12040
6921
7895
5002
5345
7521
2563
7457
10608
5366
122
3579
942
3954
62
3528
4154
2414
4901
10880
726
11098
8853
11209
2067
1086
5727
10120
6422
12659
10795
8827
3547
12595
1050
11657
10931
977
8462
2898
5151
17
4335
3529
1459
1454
5152
2004
8422
8973
3332
261
3032
12648
5405
4581
13030
4346
7275
11525
9362
10806
1500
8055
5861
2604
2088
9258
3682
5515
669
3635
4206
1222
6024
9415
3023
4227
8220
12693
74
9610
5991
8179
4022
11351
11015
5536
767
9871
10053
8714
6692
490
12862
10022
9404
10721
11446
10961
10996
7312
10492
2838
8695
7360
6914
9685
7810
10624
7748
6982
6824
105
6671
12660
849
5789
8390
11705
11893
11921
800
9676
422
4060
8114
5055
7569
4630
1320
1719
7818
5258
9177
12152
9286
4002
2877
1024
11234
25
2407
1697
5455
3810
3957
9556
4360
8705
4078
213
1002
7791
13148
532
10669
11743
5630
5514
1153
11097
5096
6647
8746
5234
9347
11476
777
6399
5732
8130
3249
4682
5553
11886
2008
7146
6353
8817
2264
7194
4905
3238
11027
7556
3843
3233
13050
5765
1785
5059
0
7440
5375
2054
4348
12577
404
11366
13055
2196
1474
7853
3364
6937
6037
7173
5457
5784
13165
11006
12791
3904
9879
3539
4657
617
1687
11283
7384
7965
6324
4875
12637
1236
5183
1191
9385
11822
4614
7287
6801
1104
12364
9290
1159
12009
1132
10129
6608
2992
12831
135
9330
259
9064
8150
3728
8269
6649
12826
2571
497
7715
9602
2211
11850
6170
11215
10431
7028
9160
6247
11289
7497
752
5847
8052
10495
10007
2964
720
12438
4572
11063
1723
971
12468
11696
4442
8196
2113
4378
3891
13112
10167
1599
6284
10623
12061
4320
5155
7466
5030
8563
4109
957
9686
4727
394
13168
3949
4481
10904
2783
5025
5772
5557
8670
9839
3796
1894
13341
7170
2988
11050
4531
3354
7823
3060
1573
39
3490
13213
13114
7640
4903
12099
12756
606
7414
13118
6363
1049
2129
6534
346
8207
8291
6571
9787
6523
6007
1053
9004
10017
3563
6006
9058
2891
5687
5831
9279
3407
7375
2317
12299
3482
10190
7793
6889
8393
11944
5837
8191
866
1903
754
4935
7133
5035
2831
3799
12803
7968
680
8507
1342
10441
4222
13109
6727
2712
12889
4961
4542
11197
3941
12098
3336
3857
1073
2516
1851
10093
7065
6975
3123
447
2083
50
2294
10916
296
1424
9516
3000
10168
6467
12730
3542
3129
6065
7035
3637
2857
10886
2064
10026
1109
8225
2876
8972
3058
6731
12127
8517
8008
288
13096
7055
10354
5830
241
1672
8980
1088
7610
10360
7560
7624
7902
592
1737
3964
3923
7337
9488
8204
3520
6742
9524
12283
12741
6682
7998
3256
5740
8157
598
10701
10998
6081
8976
12291
8368
9228
11637
7894
3272
5449
8339
10412
1438
1309
12169
8831
10689
176
6023
8612
1042
5295
6508
10775
10296
9797
5986
8732
10769
6664
9768
4288
1524
11983
11542
9702
2436
3762
12147
3644
6946
4199
24
8834
5930
9613
9614
4607
11242
5646
11877
6448
9371
8469
13279
551
3978
6018
11907
7664
2677
10023
7753
4399
1152
9935
658
386
5473
11454
2619
365
7119
13189
10754
11429
4070
8780
4781
961
9198
12150
67
10071
4146
3260
12236
12914
7915
8701
4600
7855
741
8799
8562
850
3926
1565
12298
12642
1880
9344
2511
3243
9717
3995
2044
9318
7109
7127
9277
12879
3280
8406
3118
8246
1923
12769
9603
5162
6347
6466
4180
9068
13196
10743
3343
2791
11749
4050
10881
11265
5885
5724
4463
3541
7859
1072
3021
5466
8029
9699
10567
10232
9731
6455
7377
5161
11375
5215
11646
4308
4150
5917
5175
938
919
9082
9860
684
12273
5211
8499
12292
10809
3063
7136
11160
7045
5844
3623
1397
6850
12506
4423
1188
2870
7453
8969
1097
7301
9324
12863
12871
4879
9386
10793
1746
593
12476
11105
10289
10147
3089
4287
10556
11422
11624
7139
10014
2925
4332
4773
5292
10896
9088
5165
2268
3018
10317
2399
11249
5663
11498
372
11779
1176
6216
7971
2240
3513
11503
6551
4402
4615
3434
6940
7671
5309
9206
5738
2910
12984
9135
10281
12702
7585
901
9049
5868
11636
277
11062
12774
3402
7655
7036
6192
1604
5006
8212
11121
10276
6661
5085
8123
2176
1431
12158
13259
13290
9280
3672
10762
12923
3812
9661
7230
3794
1780
6939
2970
2811
1914
8500
10234
8004
1790
4898
6725
9857
9359
4602
10687
5941
10545
10087
9342
7418
5147
11130
9795
8956
2819
8643
10383
10449
11576
3585
7674
4058
9460
5865
2292
1146
13306
30
9424
831
12718
10403
7315
12404
12077
2507
4235
13311
8974
8388
883
5835
1420
3987
7289
8363
12937
12821
6645
4843
6695
2119
2789
9911
356
12357
1264
2523
7933
7663
9202
5798
4800
1789
2312
13320
5896
7181
8124
4634
12073
5637
3906
10110
11394
3657
13237
13040
13186
10169
11269
11288
274
466
8414
12470
6799
7844
3631
1873
3034
1800
11840
8642
9735
5635
10602
2364
11585
6512
7247
4983
8872
9973
3375
10976
6892
6743
10804
8135
8129
4974
177
8430
8774
6776
13209
8193
7858
5297
10348
5190
9126
773
9090
6039
10250
2980
10043
5018
2062
183
2000
10848
2669
4056
1685
11184
6117
1982
5774
382
1529
291
11049
7115
9357
7601
7212
768
579
12922
2131
1949
11810
3255
11880
5700
10258
979
11441
1634
8409
4739
6159
1579
6997
5145
194
3091
11055
10374
11814
4025
3732
8966
175
10644
1978
5683
4453
12166
10515
11683
8410
5263
4782
6790
5039
12665
10141
1595
12714
2560
9250
4828
6667
12000
2382
4954
12043
10177
13010
52
9325
2958
2524
364
12759
3834
12953
6544
13025
12260
1181
4806
5846
8631
9891
8543
11073
2018
8876
8078
880
1199
7737
11748
9578
9751
13331
2645
630
5792
10658
13241
7368
12192
1058
5403
7865
9353
12458
806
7555
10126
636
5128
4044
9118
9594
696
8811
1223
6602
10406
5303
8609
5407
9345
4391
3351
2327
6609
7273
7565
6598
8320
12960
11112
8121
4477
1696
3934
3634
6972
910
2203
1783
308
625
6359
4522
9572
3833
11626
7761
9723
6232
429
8945
2377
3295
10585
7037
9045
11281
9659
9414
6820
7012
5932
9463
13071
1035
5587
13340
2636
3134
1810
12894
352
1055
179
4243
3170
1875
5534
5814
1828
1999
8033
2976
10901
8299
2497
8777
8703
4985
5852
11806
12695
11212
9627
226
1779
8257
9783
2651
6936
6094
5261
9225
12959
4045
10081
517
5829
3930
10944
7432
6639
8796
9847
3137
9747
1379
8873
12738
12787
11205
4204
251
11788
2982
11672
6323
7905
6847
10064
11042
11662
13020
3311
917
3214
12859
11293
1356
9299
12948
1389
4708
2985
1001
10068
11687
10136
10321
11303
1221
13097
7973
2540
6456
8626
4680
5443
1582
6176
9962
2332
11501
5243
4504
1970
12846
8662
3720
1897
13159
8294
814
7845
8880
843
4361
12585
1094
11188
6332
11723
343
8653
1891
8488
4665
13208
2731
10535
575
1297
3356
151
723
12743
4995
4765
10411
2828
12809
4587
11801
1334
7677
5567
3733
6576
7321
11334
7038
1343
465
4174
7268
2318
2245
9181
5280
11432
4890
7680
3370
12805
1472
2949
11348
11513
8933
6548
1930
8023
3619
410
5141
12247
7095
10537
13317
9537
349
1450
12579
7864
423
7862
5275
12397
1468
10229
2109
8538
11051
184
1396
5585
3461
11091
1458
3013
6272
5321
12197
7678
7484
3625
4533
2802
6002
7725
8097
6817
12572
3665
2510
460
5654
70
11868
2647
11573
8693
5130
929
2728
6211
3610
13166
7327
5796
3599
9420
2812
8992
12706
10066
1801
11927
8088
4171
11108
8081
13179
10652
10132
9948
12899
65
9831
5834
4099
11930
11191
12306
12955
5312
329
8923
10251
2799
1959
3283
5357
9075
11462
10401
5474
4501
11362
1214
11937
4479
12794
7641
9300
1301
9653
8920
988
9503
9776
9674
8118
10693
4478
6556
5555
10570
11769
2965
2912
102
4200
1584
3457
3948
5595
8282
3723
3395
1485
11339
2145
3803
5860
11019
9820
8277
10439
10139
8968
6227
2052
1648
5994
12210
9466
711
3780
1955
11829
10301
5324
12625
3680
8468
922
8925
8048
4088
11274
7485
8211
1136
9778
10108
7953
10691
4841
6965
3816
9203
3384
7717
10889
1106
11217
1837
10333
10671
13068
4389
2955
366
4926
7698
10632
11482
2371
11866
12575
2673
8325
1138
8380
7326
7123
3298
9278
220
6088
1901
3011
10774
10442
11213
1658
4524
8628
12915
8094
11176
11382
6098
12167
1920
4444
9951
4671
8620
8530
3323
7892
3307
2667
3492
7442
1802
9899
4669
770
11433
6739
7816
2795
9336
13375
5269
11992
1145
3197
6872
5955
35
9465
10178
12045
8877
12767
10437
11248
13069
7147
3752
4786
2646
5187
2296
9486
11264
2732
9713
10497
13074
4334
10970
5139
8867
8658
13307
5739
9568
5351
8449
2907
7496
3950
245
1705
11437
6815
3498
10727
9555
3893
13081
7040
12062
3828
6442
5709
4433
11754
10827
8569
7308
9445
4474
7015
10098
13219
5729
406
5481
5335
1261
7400
6125
6403
1620
13184
7064
8549
12574
2648
12620
3050
2580
11408
8080
9444
3530
4015
9545
5279
12423
312
120
1587
9704
13298
6611
7365
1142
11065
10286
13270
13009
12837
12337
4410
2005
8830
7621
2661
2638
7464
3963
7482
5336
10284
3688
2253
9798
2821
12396
13154
13122
10035
5160
1946
4395
2887
13277
10796
9056
855
2338
7125
11395
2275
4339
354
4623
12601
9646
3380
11665
1180
3294
12711
12990
4238
12035
6838
7406
9509
8665
8009
3228
3447
3029
10143
13372
2807
11074
6411
3468
4397
12681
5795
3391
4603
4427
9689
9418
11179
2480
13024
11466
1730
7184
5005
3692
2340
1944
13061
11592
11089
1064
2591
651
4482
1467
10294
8727
1839
7825
12913
217
3297
2374
9779
2628
2534
6014
1870
12097
5304
700
8712
11020
1510
2500
9238
2290
4761
10538
1172
2225
1738
5944
130
12976
13085
4296
12390
2466
11620
10279
1915
10641
3145
2244
13332
6450
5573
6543
7009
6846
7341
9870
8522
524
4933
8816
6555
11516
8200
951
5402
10012
21
11541
2190
554
300
8293
7004
10331
2713
4996
5426
10356
5478
2154
1495
10810
3277
764
4293
7003
5601
11404
7817
5048
6003
1232
11400
10485
6721
5236
10918
6603
7688
7583
3877
4145
6089
12569
5435
2798
8251
2277
4401
12081
10657
11553
1945
234
10240
5468
8511
12529
9576
4723
9518
6115
8143
2029
9803
1101
9764
9010
11474
7480
4764
8315
6116
5552
1010
4521
5154
10945
5778
1259
10399
12784
3133
1597
7355
193
12982
1817
8676
3178
808
357
1509
11319
3609
3515
12289
10969
6697
11911
5425
1186
2624
11554
2633
8623
8079
12103
853
11621
2167
10988
6210
4269
11458
4955
13092
12987
5277
7595
4750
740
1390
8074
3979
1299
7687
12590
383
8360
12512
4220
9272
13142
5033
5050
11472
12067
2186
1425
2784
4274
10391
646
5464
6517
8041
126
4341
1451
11356
10370
10533
9664
7833
7763
4752
12749
8685
1639
5054
9403
3791
9169
6386
5501
6867
9473
8800
4153
1611
7043
6635
5766
13206
12023
2041
4608
1630
8490
13195
1867
4273
10906
11307
10423
5839
4554
1437
3867
10908
5140
11496
2028
10114
3169
6420
2148
7244
1255
8144
7885
3607
4959
1207
12909
638
1150
6191
11239
3998
10959
1131
7240
4900
5477
11360
10592
3111
9085
8645
6090
3552
13138
841
11028
6588
4565
8183
9256
12389
1690
11163
8801
12873
9744
8763
5246
89
10964
9804
9265
5072
8946
9227
12524
2201
5554
6821
7412
3776
10405
10610
3967
12333
2138
10675
1715
5170
11118
1271
7169
12221
4816
4459
13027
11241
10207
9037
6767
5320
9273
3201
10479
4292
11539
10550
6382
12742
8461
3751
5558
9040
5088
12143
7106
5680
7087
6482
2558
488
3248
12536
3503
12107
4984
2016
7033
268
8960
11670
2370
8739
3103
10092
2668
9532
3071
10055
9807
11716
2654
3342
3743
11936
12479
958
10170
1768
8397
864
1937
2721
11311
5924
2017
3821
6657
2921
5392
8874
254
13041
8182
12370
12606
2013
7961
7166
4675
12065
3983
12016
6681
4126
11048
2455
1505
1059
3749
5458
2469
11223
6694
9536
7120
10075
6715
2593
12235
10010
8259
2509
7088
3020
6418
12246
5184
8418
108
540
11291
10824
8464
673
3919
2932
4770
12187
7428
5733
5526
4376
5958
2529
7520
9236
7499
6984
11403
1441
9249
1513
7168
5038
3319
5755
11126
7714
69
3005
1296
7561
8444
4217
4677
10842
5143
6954
124
6093
12329
12214
12507
3800
7638
7541
12453
9579
1171
11453
3567
3084
8788
1319
12316
2056
3333
6842
7875
10614
5695
11674
9540
8365
12844
10451
12698
6901
1665
9427
11957
6142
7329
6454
11772
6062
4845
7711
12581
11236
2952
1367
10353
10134
2440
1211
9617
4899
1797
1990
8224
13065
8478
3622
10295
4805
12968
3731
9192
10306
315
9534
2474
11638
6537
3636
1751
11056
12200
302
4061
10422
313
10290
12799
5026
1006
13066
7042
5364
7523
3481
11427
7609
7699
247
2112
3994
941
10587
6996
5118
1824
8859
2641
8317
10058
7947
11381
3203
5326
6127
5899
10663
13260
3698
9172
4921
732
5240
12885
510
7799
4096
12323
6803
2822
4539
11401
9849
3709
3010
12669
6139
9721
10312
8032
3442
3896
13145
7759
3587
9763
1419
1832
8657
9919
1811
13293
10686
4862
2320
10157
757
845
10577
1925
5200
7103
10864
12907
4409
2402
982
12609
8195
7675
568
7532
6343
7999
12776
9370
3469
2406
3305
7348
8010
7272
13227
316
6992
13058
3337
516
3736
451
9529
8370
7712
8266
12887
9633
12498
12694
1987
555
2718
5268
2232
4529
5315
10910
13100
7798
8470
3055
47
6187
840
11831
12647
45
702
3085
5718
9271
2421
1447
9005
4956
9693
12340
5676
620
420
10253
5973
8559
6313
13110
143
13289
6375
3467
5434
521
7630
7208
11193
761
3427
11413
9292
8571
11107
13095
8102
2358
9062
2520
5582
8210
4710
12393
791
10694
1220
1816
9171
9678
6178
224
11954
3363
2637
2565
5172
1644
5773
6903
10339
12613
27
5999
7105
6563
2308
6046
9327
4219
10634
809
4749
2543
7260
6186
12813
12705
7760
10361
4285
9569
2532
8429
3206
945
1317
12632
10187
9275
2095
9197
6822
9411
12052
1461
561
6529
10613
5066
4558
832
10367
9995
9990
4231
3019
730
4369
484
5606
7249
4073
13198
931
8661
10520
5421
8298
3108
11724
1046
5346
84
4216
746
11761
1535
10540
5678
10474
11538
8983
7632
6565
12510
4507
2720
9523
10584
6387
5877
11312
9329
7616
10822
4692
2878
12983
8206
8215
2084
5338
1112
12198
3065
7265
1412
11931
9402
1184
2021
10855
7747
10104
6314
989
1964
5193
10217
4400
293
1283
7459
7705
11407
54
8457
12540
6201
6151
309
2626
452
3141
6520
11494
10684
12113
11635
1680
11566
798
2595
10712
5028
11644
12664
6604
3719
2047
11818
5886
11715
12495
6304
10758
3865
11986
7951
612
5144
6333
11259
7562
8387
6659
7515
6746
1174
12680
12263
4040
2431
9185
2224
3955
11392
810
8690
3096
12560
3175
9903
2679
11823
11943
57
9302
7346
7948
7937
3035
6580
3308
1340
10921
9143
8996
3220
2435
11828
12032
9788
4185
953
7205
8640
9122
7424
9114
6378
3223
9827
4912
9209
1376
4142
1943
7718
2902
2585
12079
1501
8568
9595
3608
1179
7082
12321
2814
3285
2895
585
2919
11800
10747
8856
3131
430
11820
5135
6912
1484
11579
2217
1374
7073
5013
8654
13117
10720
1362
11993
3705
11463
8752
12882
8513
2273
10123
5644
1629
2409
13089
6549
4412
12944
12744
10011
714
7420
5583
7236
9019
3232
7388
8082
600
11190
8335
1148
12018
7596
4452
11423
1548
9583
2395
2343
4783
3162
5504
8897
1547
3510
10895
8328
409
10571
3546
12350
2544
1045
2139
5623
8467
1971
4738
8524
8281
8531
1008
53
4798
5751
9368
8879
2022
3864
9782
5217
11072
12961
3451
6223
153
9207
7134
2855
7788
10204
4021
2068
11014
9886
9111
173
3951
10946
6605
5855
1102
1532
11684
1052
11528
13053
605
6273
12448
4004
13126
12301
3565
2032
5670
8554
5506
7719
6865
9313
9946
3166
4024
10302
3157
13005
9665
6572
12417
12697
8332
6539
11631
3714
6589
1942
10380
5146
3414
7182
11701
9981
9508
12775
9262
11710
7219
4398
260
10866
12134
1012
9187
4295
9654
1626
12550
8458
8167
7463
5838
5220
2311
4394
5496
6010
8065
1126
9400
7908
5182
7852
11219
8289
2614
10847
10543
7072
12424
972
1580
397
3895
6491
9567
9057
341
3548
3777
2426
8717
12437
1272
2219
3716
7597
2527
10414
6042
2710
2525
9220
4303
1830
3524
7367
6683
7909
107
9745
9232
3099
1076
4652
5210
6060
3401
1583
8472
416
10655
8819
1727
6558
9570
11445
5355
2483
11230
4589
624
5562
10876
2761
4814
2042
10435
9757
439
4041
2114
3656
223
5136
10539
6748
6717
759
2180
2229
11326
5286
7374
7498
3879
186
12589
9084
5572
12486
12525
1143
4069
9793
11738
9913
13197
11479
6395
11524
11697
12824
13305
870
10268
4989
9644
6215
11485
8759
3912
2260
4246
10919
6970
976
6027
5611
11544
10244
13098
9442
11526
8336
12254
11196
11495
8899
8492
12205
232
4254
9235
9425
9987
7992
8181
10516
6868
1326
3031
6221
3874
6533
5334
454
3491
12866
1022
1281
3993
3789
4092
2478
8491
1100
3602
1975
2987
7969
4445
4696
2410
11386
8218
2121
5851
5712
9127
13175
3739
11712
8539
1692
8154
8922
337
671
9042
7783
77
2066
9341
2132
13276
796
13313
5945
9822
12466
4011
2216
1429
12823
8614
10912
8450
4001
6238
12080
2187
10293
6181
7959
2643
332
963
211
5101
7559
12713
4888
10498
12229
7007
4674
10047
4263
2144
11778
9502
13322
12431
3753
3388
9874
11113
6985
1833
11439
8526
12798
481
2413
3578
5084
5693
2660
12454
7280
2997
11551
3225
2861
10580
4550
6584
13006
9759
632
1345
6631
2542
7722
6032
11318
2681
1013
10267
4005
1884
6679
7347
9639
10815
3394
2291
6909
134
5690
10107
13225
8309
12415
12375
621
9061
9453
12619
13105
1449
9214
13011
1600
8025
11821
12322
415
8824
6064
8715
8747
4620
290
623
2136
2800
9601
7573
6747
594
3829
10389
3507
1977
7304
8498
2397
5437
2719
5212
8314
9620
10607
9233
13350
1577
6408
8707
6342
11440
4215
3033
6209
11855
10763
6610
2122
9052
925
6044
13054
1612
4228
3074
4408
8784
6435
2278
10444
11641
8615
3464
4833
3420
7872
12880
10844
5376
12019
7668
9660
280
1546
8521
3836
12195
6869
11682
2334
10737
3383
11972
2090
4387
10278
8400
9538
11756
1266
1490
10225
7390
3187
833
10581
12578
10521
3894
11896
12861
2649
11146
10122
10782
10303
9611
12159
8528
9500
12161
8838
3518
4876
10362
538
9775
11285
13119
5270
7982
11101
1229
9091
3101
4819
5062
13362
11069
4147
6494
2745
9658
9855
12930
10128
9657
4597
1160
6981
9448
12918
1482
12037
5053
3925
6503
10086
7306
1400
2630
9684
8020
11730
11032
6750
6888
7558
158
6212
6054
3476
8237
12621
4198
7821
3299
2101
11767
8893
6072
5380
8771
12003
2486
9110
1972
1781
1994
8346
5486
3849
9832
2699
12586
12966
2777
11567
12757
10862
2303
4282
1347
2401
8963
10975
6202
6809
5325
719
12277
2135
12101
11955
2394
11007
4064
2197
4187
4808
10588
2740
10173
5254
97
9231
4380
8347
862
7050
2357
6593
7684
470
3778
2945
3475
5895
7145
1464
1071
8186
5903
9133
2787
9340
1492
5071
5060
8991
11335
8597
2936
11745
9
468
4941
94
1619
7941
5528
7178
7628
9009
1814
5282
2236
9718
5029
2441
8734
7437
10221
10548
6233
6325
12104
8942
3417
9549
4446
7958
6701
10532
4133
2104
1200
1890
6741
4962
12935
9963
5127
1280
6021
1293
2733
9786
2515
11577
3774
12537
12013
11132
3073
4557
8276
12865
10913
12178
9028
12196
12926
5196
4844
1927
8091
11830
8479
9167
4385
192
7253
2977
3429
2173
9378
59
13334
756
9363
7631
12483
7849
6756
3693
6831
10949
4085
2036
11451
11079
4592
7962
13364
1941
7324
1756
3041
1907
10254
5015
8841
5406
10660
6364
3766
6321
2093
9821
12326
3282
5525
7373
3589
11728
12737
13224
11059
7545
12406
2482
12148
4651
5111
9112
5244
6235
10245
3747
13028
2258
5428
12547
8278
9814
4211
9612
5117
11317
3945
10984
4967
5123
8201
1479
1134
336
11090
7153
12207
8442
520
10323
5490
12491
9264
5976
10817
28
4490
536
5910
5714
2162
6026
578
9083
5491
13031
4815
6791
1859
2635
8394
4906
1831
11622
847
9305
7238
11378
11306
4218
5671
7051
6874
11165
6471
11330
10241
8274
7382
12343
12543
9074
4054
1391
3389
8622
12063
6855
9884
3252
10443
2644
5597
4709
3754
5891
7048
4736
6080
10500
8791
6350
461
2736
2453
5524
8131
330
4827
445
8263
8687
4448
5290
1825
11117
8545
12633
4951
9530
911
12139
3814
6131
1445
5087
4920
7795
5238
12587
3557
4629
9412
1377
4771
6759
14
3666
5287
1605
7138
10223
8736
11125
3431
11256
1303
7085
2362
3322
1699
8250
4352
9909
11966
590
1026
10841
9310
1078
6279
1812
6927
9708
5063
6786
2722
725
3355
693
12835
3707
12012
1566
12094
11202
13240
6966
7635
5221
1122
8324
6337
4404
8460
7689
3030
1453
9695
11455
12719
2007
12369
8483
2657
7924
10032
10349
9356
3314
9526
6028
4249
10505
6570
4355
11627
1664
8241
8924
4278
88
7910
257
8987
5493
4190
8
3927
1862
8039
1877
9000
4290
7557
99
6528
8405
4111
12435
8007
11238
8681
10499
8463
324
240
6030
11170
12433
4946
12971
5453
5420
11863
3499
5444
2425
7188
6257
9732
9789
4741
12810
333
5546
1638
12643
6839
230
9494
7413
7851
6668
5237
5129
4461
9997
10322
3543
6513
2572
7196
9939
668
6189
12916
8610
11158
7372
587
5242
9287
10932
801
1556
12600
3115
7010
2606
3899
3396
6553
10111
10214
7041
6289
2590
4264
11795
12208
10831
8308
11928
1576
7274
11600
5159
473
704
13108
11902
2073
733
9846
7608
4772
12116
12921
5686
11102
4328
1826
5328
479
6475
11279
8655
11037
7797
91
9988
7011
9472
3942
2411
11295
10019
6479
9081
4028
10458
699
9307
8589
871
10654
2046
505
13086
9180
11086
4998
3430
7397
7744
8030
6545
3358
4585
10000
4561
6685
1669
7605
8369
7126
5330
8950
11813
10814
1988
2696
8092
12825
10674
7642
4945
11613
9479
1294
9743
7603
9014
8744
9079
9927
11189
4333
9183
299
12288
9255
3880
1327
8518
2204
8557
13319
11233
6991
3218
2212
4534
12456
6148
558
9475
66
3871
450
3664
6662
5163
9476
5433
9016
9679
5451
3196
1720
11717
1048
983
992
12571
2947
11860
9554
6757
2237
13253
6810
8227
974
7921
8611
13261
3860
11914
3603
13342
7465
9728
12802
718
514
2089
2920
5442
379
11173
6938
934
2709
3095
5284
2429
7185
4648
8205
3077
167
7099
1321
1426
935
13113
8037
10084
6774
7904
13308
4683
11987
4826
10536
7310
3215
8894
11131
9667
12418
9887
4907
5828
6845
9655
11789
8301
8035
6769
4818
12622
7393
13286
5692
10429
1387
4870
10445
11164
6925
215
115
6723
10453
2841
7927
8742
3049
1574
4106
12797
7261
4751
431
3628
12405
508
9766
2239
6629
10666
2886
1068
6737
10616
3098
5754
3988
11087
1105
9452
6935
2467
3397
11737
10751
7149
11768
5332
12328
13349
2849
10780
11531
7220
11847
11595
7891
4777
11436
9854
3403
13323
3861
4865
1998
4192
1750
11078
9369
7410
8725
12047
4384
10957
9156
9366
13163
11480
13087
7619
5233
2960
3744
10149
5293
12943
7830
5122
1383
1592
9956
7600
6854
6285
6102
9808
13243
11729
2623
7517
1635
8034
6660
7022
12128
449
10729
11475
10900
9024
529
9738
10070
4695
12440
4881
8038
7526
3367
12500
1765
8233
11136
11183
12691
10427
7989
6612
7654
11286
4156
400
12069
2226
12949
6724
228
2227
6505
5530
13051
5943
11975
1615
12532
1149
9458
2596
5373
11623
1165
2465
1806
7016
2738
500
9226
6930
2061
10049
11755
6415
6538
2916
3226
9372
2969
6138
1724
9543
2454
12559
9957
8447
3304
8680
11690
3281
1051
1554
4868
3231
12658
1084
8751
6190
1488
8602
3198
3211
10941
7796
6516
12095
8312
2746
7576
1270
1003
10345
11792
6887
5866
1683
12998
10101
1329
7227
11923
9598
12720
12969
6813
6616
2075
4716
10432
13339
4032
3624
8844
6627
8520
601
4795
5267
7897
5
12740
6680
80
7305
7878
797
12204
12568
10015
802
9889
6061
12857
8485
5640
129
9944
6445
418
13203
3180
4914
7069
12452
6740
2760
11077
11076
9800
10954
10131
6606
12084
4853
721
6709
3067
1666
12313
11533
560
7976
5983
6857
10745
7379
10773
5414
12228
4326
13171
613
12392
7708
11424
7331
8698
5990
6460
12925
5222
8258
1427
2398
3405
5389
3313
8724
6541
11133
9337
4250
9380
5988
12233
9365
263
8901
136
335
3640
11985
12478
12163
10867
8331
7893
8349
12867
10050
1436
6000
2359
4480
3823
3767
6152
8878
1555
1089
5507
7505
11156
4578
13014
6886
9461
892
7653
1194
1645
2051
5803
661
236
5906
10633
11208
7462
9907
4248
12596
8229
12874
12469
9767
4168
6480
8192
11565
6601
5318
7766
4977
1478
12015
12402
10583
4031
3027
3687
6095
4774
5840
10145
996
13376
3159
7551
8355
4511
7271
12347
8730
12834
448
4802
3699
1499
12420
10045
1538
5291
4225
9762
12319
3918
2627
9546
7433
9930
7351
10530
8592
635
876
6586
11803
6753
6793
9496
4626
12076
11033
12324
7489
12334
7709
10083
11367
6161
6154
171
6876
5388
3392
6207
11757
10400
5928
11357
6615
8805
10553
8427
10698
13250
5229
4762
2856
8002
2794
1393
13130
1475
11543
10899
11564
3087
1775
3127
9435
7733
7827
2683
5124
559
6126
1858
2025
2462
5633
7241
7223
3677
5098
12687
474
5799
11457
8993
6771
3039
9161
3271
7242
9121
8098
8152
1794
6385
12266
5056
5735
4148
7422
12222
6158
13287
6476
12028
4612
7282
11358
8516
603
3712
1700
350
6760
10319
8197
4753
8504
7957
11596
4418
10459
5319
13233
9593
4929
5730
8416
7117
1709
6236
4544
3365
11489
1857
3357
10133
734
2342
783
10559
10568
3088
9319
2557
10934
5399
7259
4234
526
9912
692
7907
3132
5004
2539
5134
44
12203
1717
778
5106
5248
7743
5656
5779
8334
4563
7648
1504
166
1350
258
11000
7086
1795
9640
5401
9429
9320
3910
4601
8164
4487
5178
6055
4866
2140
3856
5077
12996
10930
3738
12979
5498
1910
12781
10037
928
11892
10897
5856
11438
12788
12255
421
3130
2533
10620
5094
3841
405
79
6468
3581
13094
7781
9491
13281
3412
2191
9774
4605
9565
5998
6396
609
10469
13140
252
3577
11487
9771
2383
2901
4702
7160
9346
10972
9936
12855
13335
11393
3969
4730
12573
9730
8587
9030
650
13221
3536
8802
11349
12514
264
4436
9979
6922
1643
8433
12120
4725
12970
611
7679
9829
12842
3424
5285
3056
1676
13015
7121
9138
10140
11280
3070
3082
4276
9065
11486
4018
1018
8090
3596
3886
12851
3366
1902
5314
12244
4609
869
4528
9124
8354
10541
4824
12162
4825
5252
12227
9373
8001
10415
156
8766
12946
11194
1967
6794
3493
1014
7356
3244
4701
6196
5742
12320
1477
8419
11387
8361
6135
7665
7636
6393
6830
8702
914
758
8338
10636
10407
2356
244
4256
12138
5480
2316
739
13116
1300
3040
5544
8194
8184
1815
13002
3944
4792
407
361
4897
7417
11793
11057
5746
1369
9120
11807
12657
4212
11162
4175
2603
2685
994
6298
6174
2817
10199
1693
12593
5622
5197
10637
10982
9878
591
10915
13143
12262
10448
11751
4451
11123
5790
3309
712
8848
7057
11380
11068
12542
11003
13344
5131
1827
37
948
13288
5879
1182
839
12050
8146
7202
10248
2848
4365
552
7332
9553
12179
11838
7279
2824
7319
6944
7163
11910
11271
509
1602
10618
7729
7643
188
2165
1187
11969
8907
7135
9089
9105
1216
13271
6262
5089
7164
11448
3350
549
4424
7530
9189
11563
7250
1876
8860
10966
2946
2444
10337
3793
2086
4944
12965
6990
10368
4266
2055
8060
5387
3555
10952
3415
2961
2274
11418
10894
5223
4350
2541
4518
10551
10531
6474
11294
11322
3702
9043
9439
1694
5216
9041
5300
8307
2701
12318
10983
10398
8682
10816
363
13380
8741
8503
4514
13292
5747
10028
11536
8815
12761
12501
6237
7333
12858
5977
10188
7290
6654
11680
12639
13338
10772
3500
10883
9812
8668
5153
6677
5581
10176
10799
2015
1175
2248
11405
10807
11171
4599
6752
83
6384
3320
11664
8835
5992
926
12936
11346
527
7839
10882
8881
4779
4636
6231
4236
9076
12376
11598
6457
7917
4068
6008
11550
11873
4719
6229
4492
8253
11979
3066
11469
9625
5173
6693
1741
7524
9139
8420
10704
3545
12212
3840
2238
6500
4260
457
6710
9989
2228
2107
266
11736
298
2408
4100
7056
9210
6818
9263
1598
9875
6441
12534
3359
8723
4425
6203
3501
12106
3487
8941
114
3853
3724
11012
1711
11410
1887
5470
5372
11560
5745
9597
695
2213
3835
3996
10433
12044
13355
5476
2100
12388
5465
6634
9758
13201
9163
8203
6885
11559
1850
13183
2698
8053
12715
10753
13217
6446
10477
6253
1268
6245
11719
7977
4687
13282
11602
1246
2948
8985
10752
2337
5550
2422
7180
3985
774
12401
4788
8016
5715
4655
995
1031
4821
6307
4917
3303
1948
1748
4104
12400
8063
1673
11826
11081
2143
9047
8510
3324
