11590
10833
7460
8248
9297
9377
5592
13155
6718
4476
8050
8884
417
821
6379
127
7401
8459
12615
486
4203
6109
11973
8938
7994
13016
9145
5412
5809
1370
33
4789
5391
2123
10218
4997
6087
5850
12895
10041
5289
4932
3582
7470
7060
12487
12655
6218
1328
10461
12010
7298
3675
10665
8683
4116
863
5044
10235
1056
10711
11052
664
6222
1649
11805
11786
7546
4495
4553
13107
11502
4624
12296
12232
8918
2447
7932
1530
4856
1352
3014
2581
1758
9008
2076
2833
2950
1628
3848
1728
1803
1330
10115
8757
1409
9933
2403
9993
3939
4697
5457
1235
12380
13377
1257
7458
6719
743
2282
5472
6300
6463
12947
8149
4127
11224
8153
8022
7906
5443
13340
10976
466
6790
4806
1604
7737
9891
1094
5263
10136
8193
997
11723
4391
12000
5829
10585
12077
9272
1255
7326
8261
3967
2732
4558
568
10520
4220
7208
7043
10796
13024
1101
124
12035
7004
11496
1174
1720
10453
7689
7351
11914
8241
1426
6181
9340
11164
13224
8557
11279
12402
6435
10543
9453
11436
5254
94
7250
7524
6352
4788
6944
2603
8253
5977
3359
10772
11550
1434
8194
12138
10368
5790
11405
11387
739
12501
10377
5031
2106
2439
2302
2612
9727
1215
8024
8775
11411
11718
4658
12768
8044
11323
10394
12852
4221
2573
6047
11709
11261
13192
3149
7402
6633
2888
7850
2893
12493
2128
9248
9943
1900
6530
12311
311
3521
9843
5180
11548
9652
8929
2331
8137
11569
2490
7720
11802
1384
10928
12243
12477
1460
2708
1034
12933
2481
3390
12441
903
1394
7535
12656
7980
9542
8868
9013
9940
3022
12503
9600
2835
2349
174
9021
12850
249
6004
1093
6169
9596
3435
9242
8616
4731
5960
2177
9422
3136
1403
8348
7918
5083
9416
2400
4084
1969
7972
9269
4239
4631
2617
1631
5439
11314
6962
1585
7246
1355
11246
2609
762
12241
8222
9311
10073
4817
2092
5665
6898
5078
2629
7113
11678
3463
6274
6380
13167
12168
5543
10744
4882
9559
8104
1265
4834
5933
10859
7201
5764
959
6835
4960
5874
7165
9632
812
4065
11905
9809
5863
3292
10508
4880
9717
8908
12592
12599
12951
1132
360
1588
6716
6461
4548
7791
9038
515
9556
12545
4869
10231
3200
8888
12141
7697
7806
11952
9126
8662
11683
8363
5018
7273
13010
13097
5297
5303
5792
7844
9594
1779
6176
5941
2203
10043
8121
9661
9353
8294
30
6799
773
1035
10169
13320
10064
4800
13332
7166
5860
3607
3203
1419
7698
2558
4623
4554
9617
4664
537
12113
8047
12200
13166
316
6988
1505
10423
8801
2500
2728
4397
4671
6767
3461
7999
7947
5507
8724
12996
461
12199
10763
9346
9368
3220
7463
9987
5284
8197
7145
10895
4404
12600
2046
9743
3367
1026
2409
12537
8258
4326
5123
12375
4945
12559
2441
10704
13355
10612
2408
8054
1369
10894
4068
5879
948
8053
7636
12376
2107
2444
11664
9043
5173
3303
4104
9875
2817
10118
6237
4175
8420
2248
3487
9625
3724
10742
8279
4277
10750
6281
5194
10615
3270
10038
7531
2416
4237
8115
11430
4829
5961
11389
6787
11720
6785
8650
8333
5022
3569
2027
9393
7228
8652
11398
13297
4255
3484
464
1749
317
9182
1408
8235
6251
2299
2267
12594
8828
2420
375
13248
11963
12114
12164
2735
9690
7732
12046
6919
11535
7710
819
8855
5760
3205
7513
8671
12893
3110
3678
8017
19
3653
7445
11941
5682
3908
13147
9032
9865
10950
4079
1934
8692
11428
5065
12854
8311
5602
1316
4562
12464
12224
12133
5533
5142
11477
10009
1057
3160
10594
6561
10282
8006
9199
12674
7837
11648
10242
6107
6077
11141
12088
9923
5250
3465
865
13333
7960
7707
4859
5377
2700
562
6509
6439
6155
8776
13034
1818
9053
8795
9301
10156
1918
4115
1463
9077
345
9876
1364
2747
387
3612
5875
3549
11861
11022
4846
6128
6999
571
3689
4347
5539
3734
11309
3755
8439
9958
10645
12554
13022
11607
8003
8456
10977
12752
1787
6096
13019
3914
6904
3890
4972
5416
7650
1799
10989
7738
1163
8198
4306
1237
2929
5629
2882
11929
13072
10649
11865
4666
12384
3885
8226
11912
12124
3398
4252
8280
888
6318
1770
11864
8525
6458
771
11152
3251
347
3448
10802
4137
12293
4812
12967
1099
978
8026
4465
11872
7140
4910
7979
6971
8404
811
12351
10682
5446
11655
6488
7488
8374
12782
7929
2130
131
11918
11471
8875
10791
10159
8213
10030
7752
8116
9724
5600
9760
737
1540
9104
3888
163
4033
1829
4210
11857
198
1269
3316
10638
4010
8166
8889
9308
10920
8678
10392
2530
5230
1536
6702
1928
7435
998
4340
1285
13202
10832
7451
7846
8864
13052
1743
6129
5206
1769
6998
10222
804
10478
1545
3660
4662
2495
6437
12567
6736
10112
116
12091
4559
9367
4832
10692
10776
11568
8379
6413
11887
11673
8666
7446
4969
1127
10471
1686
12053
7724
12931
7288
4386
11671
7302
2742
6269
1385
9211
1040
11984
3330
2097
3044
6292
10927
11746
10342
1896
789
7155
12430
10858
3037
9417
9934
7755
13187
4556
2391
2755
6959
9387
9947
5347
4094
11808
368
12696
11127
1657
4729
11046
8323
1331
4712
1205
6114
6690
8842
4149
9399
9204
12149
1991
11085
11442
2786
921
9885
2078
11399
7058
2335
13309
6483
8297
5843
5045
11464
6005
12985
1291
11741
3125
3870
2659
3181
3826
4543
4992
10617
6108
12472
9322
10316
3171
9257
836
7296
209
7276
1740
6511
11614
9443
655
8310
8013
6522
6980
10898
10272
506
4023
12022
12920
6890
10672
2124
13017
6208
7615
12902
5009
13352
334
11816
7834
3105
6907
12033
822
2247
10091
1154
8572
5669
7575
11625
9100
8012
9459
239
12816
4938
11047
2210
10834
8443
10102
3509
11520
4471
1333
9070
1067
7769
12303
2498
10346
3801
6644
12371
5596
3884
9405
765
823
12623
3348
12604
78
8327
2781
4724
3616
1695
2313
5832
8163
1197
1659
3669
6224
8445
8489
5016
5666
10951
10465
12938
9080
7923
498
9741
10194
1593
1190
4440
4767
10386
12264
10025
3586
5578
2555
85
12876
13062
3293
8480
1023
2707
4536
3453
9103
3083
7285
1793
8505
5929
6368
9060
3701
5479
3713
4842
11608
12111
6646
9398
5563
7354
5586
548
10153
9959
12973
12223
6250
2438
222
553
3564
10601
437
8898
12709
4026
7533
10860
5801
1348
9756
5265
1889
5042
6183
11203
8465
6394
3973
13060
10937
6607
8399
835
3182
11949
4640
4510
8223
8028
8254
3139
5918
6696
11151
1471
10166
1716
248
12974
889
2536
939
899
1422
3460
154
13049
5003
5890
4186
9087
10828
12412
10076
8738
6875
355
9391
8598
8711
7975
6873
10611
1218
12436
2607
2306
168
6120
399
9815
10027
219
13026
13314
837
7901
6651
4253
13125
3729
4571
12505
11228
12689
11546
5858
7216
6542
1080
501
7832
11839
9754
2724
1498
3421
13173
2933
3126
1503
3265
12300
643
1617
10948
2869
9828
12181
11854
12496
12750
11148
626
4570
9108
10979
3683
4233
6376
4791
3759
11645
4317
12812
1380
3078
5786
8821
12056
4046
8471
4013
13063
10888
10887
13029
9434
10885
3846
11030
8340
8158
432
7487
2348
3922
1892
7611
12558
3598
2662
12928
11111
5177
11639
12722
206
3001
7494
7376
12710
7501
275
5673
9898
11862
269
9671
2875
8292
9513
6526
7963
6424
12082
5126
3325
2862
5262
11888
10935
12253
9752
4090
9376
2621
8895
10595
12912
3956
7946
7776
13033
7231
9153
8108
9048
6410
1033
428
5511
1395
13268
907
1996
1950
2934
1541
6678
2615
4158
9073
1201
5989
7812
8267
5965
9525
8275
34
5034
2381
9691
1899
12602
2979
4475
6406
7128
7349
2521
1560
4194
11120
9550
2346
401
6896
5007
4411
8957
2463
3684
12546
6676
9673
1357
4942
9504
645
6124
6168
4885
4173
4289
5383
8481
4484
2246
7157
10767
4804
161
7211
6993
6255
825
2763
13378
4693
8686
9150
4063
3559
13001
12238
262
7017
6068
11889
4157
12723
12808
12688
1681
384
2368
8659
2300
4497
6614
3845
265
1322
3863
676
1411
3466
11708
8882
7731
8750
5647
6956
13045
4441
4934
6882
5571
4994
5381
1070
6390
7199
10730
13210
11352
5845
5445
4172
12940
10851
391
5188
5923
11397
9312
9590
3556
1173
7581
654
13360
11994
2459
11605
9976
2261
4857
5538
10065
11932
5008
12564
12638
2270
5202
2675
11817
101
10197
1185
9155
11959
121
2829
3718
5719
13301
9750
1551
1414
4214
3436
3802
6421
1706
7031
6440
12541
8613
6240
2674
7411
11040
4012
2753
8378
11534
9252
1606
4871
7527
11835
9184
2352
10748
4083
12338
8604
4973
7358
7320
12649
7107
1442
1965
1866
11990
9925
4540
1567
7318
1616
8508
10544
11075
6666
11070
4108
6319
528
689
6552
6290
11707
9314
6626
10125
4830
2959
7292
6983
727
9892
1489
4407
10573
3740
12551
4864
7493
103
1916
8100
9481
6084
4470
9205
584
5982
697
8913
3061
11642
4606
12129
11300
7313
142
4807
6738
12315
2125
1439
1133
12381
4151
8553
10700
7770
304
12911
6574
10227
8169
1734
9984
2752
3381
11149
13182
6119
6566
682
13185
8621
11116
289
9663
10457
2973
3235
4813
9521
7047
7078
1079
9656
10525
8767
622
2153
6540
7330
4373
7822
7473
10586
2102
8482
13169
4280
3494
4925
6419
830
9480
5494
1247
5386
11750
4505
3076
882
7299
11031
204
4167
7660
1361
4593
8316
4120
11419
1710
867
920
9873
2820
8290
9837
342
1633
4775
10054
12379
12869
7502
5675
6795
380
433
13121
2974
9844
10402
574
7952
499
2360
8847
7207
3144
9106
4894
1871
2222
7592
750
271
5150
12733
1341
6156
8672
10208
519
1457
4343
6961
11304
8760
11153
11883
2671
7018
8086
8403
3276
9547
7811
7604
11221
13211
5703
4887
824
2730
6814
7843
7544
5696
3140
12304
4324
8745
164
13326
2832
8731
4908
8084
10709
4193
13023
12359
2779
10292
10488
2
8818
9710
3376
7030
12888
776
2548
12956
10109
6414
5827
8535
12502
3523
6052
5655
2183
11904
2688
7226
5641
9711
1196
4931
10840
12426
11519
5947
4016
7691
12699
2003
3174
7758
8432
10103
6296
4659
11667
2537
4188
6486
13299
7617
4134
12950
7571
10879
8288
7529
11390
9003
11237
9972
803
5404
9986
3400
1267
597
12485
7813
7702
6504
634
1198
1773
11297
1123
4720
4769
583
10418
4968
13149
13046
6726
7701
8364
11388
425
11013
12795
3544
11694
11043
5720
5672
8159
3459
2387
4502
6100
5913
2577
3533
7586
12555
3120
6015
8688
10266
5881
8385
4590
6291
1041
139
1986
2900
7512
1372
5610
10877
6425
8367
2610
7148
10523
6252
9753
11168
4966
805
6619
4169
5323
13160
4555
11685
1082
949
10599
7782
8136
5970
11379
3155
11016
589
5788
4259
1077
1290
12526
5824
8728
3977
495
5353
11038
5753
7191
2063
149
8392
5537
11321
2392
12294
9883
1771
8036
7245
3009
881
1114
1117
9162
8576
12132
10667
588
4891
9662
4509
3525
8413
2372
12180
3017
4366
7114
10924
7870
9395
6827
5508
11953
13220
205
12270
82
533
11425
1523
10320
2330
4541
1365
4102
3179
11555
6112
10873
4711
10363
10096
5736
2826
9575
9470
3106
1476
11656
5463
2163
3901
5922
5503
8217
2174
7297
6049
9194
2568
9116
4754
7192
12562
11980
1314
8366
7283
7543
12582
507
4197
8141
8637
4911
6197
1625
6220
10792
31
6173
642
9316
5598
10609
11981
3287
7024
11938
12372
4525
9819
9630
4051
5164
11594
12535
10688
10872
4567
12843
10476
8126
5627
10706
13312
4421
12845
3832
1466
6805
4208
12419
5255
2405
2715
7778
11582
13082
3016
3935
3148
7344
9548
11254
8928
10830
9501
1225
775
1324
6331
1747
2966
1609
12868
458
663
5313
8162
12881
3275
1318
11434
8970
10549
8112
8782
7235
9845
5090
8133
11958
5957
10247
7450
11968
3526
7309
6164
10734
12130
10491
8790
128
11371
2458
5721
12716
9510
10725
1274
3792
9315
5531
4594
10797
1848
4485
595
4867
10318
11695
6048
140
3455
5750
13037
6123
12183
10673
2432
11575
895
5884
1047
5305
1772
8066
1819
12137
11619
6772
5400
1722
3423
12156
8940
12248
3291
10997
9643
12089
6689
5231
7950
4268
9824
13075
8999
12017
7186
12482
1670
10800
7052
4316
4359
72
5365
4573
667
7434
9522
11859
6305
1428
13144
2575
3107
8638
12250
5560
8606
4656
1882
596
7044
755
3708
8174
3349
7563
652
10606
5390
9850
9144
10874
2873
5726
8421
3831
7491
2353
10121
6596
5577
900
1655
1905
3172
5057
7467
3152
4164
7764
12986
766
6
13310
10529
4144
13278
1113
12612
4166
4329
7409
10046
12552
12929
1110
3883
4847
8046
2094
8635
9904
1909
9406
4964
7528
9128
12841
6976
4036
11951
10522
4756
5806
4735
11759
2412
6489
10384
11570
6172
6967
1543
12257
5620
6755
11009
6582
4356
7229
10326
12467
12640
11329
4703
7726
6706
3600
6339
10755
12211
12527
11139
1764
6911
3519
7771
984
9006
6775
9129
10507
5931
2528
2218
8574
10884
878
1835
8930
3378
7053
5650
5605
3426
2808
8268
12451
2574
12302
203
4617
2373
12978
860
5256
13245
7831
5138
8496
9585
6674
76
12314
3757
8758
8434
3331
8138
3165
7162
11903
8093
11416
273
9996
9031
13247
9952
8089
7516
5500
9897
13263
9451
3984
8172
191
4312
11251
12403
4734
9291
5967
2622
7478
2554
10264
6688
6213
8051
9137
7023
7587
6118
2889
4878
23
9505
7441
9637
6864
12690
118
3432
2262
2456
11005
10947
7284
9790
1559
10995
6585
9157
11982
3075
8733
10565
12644
11700
2601
1557
5926
5658
8575
10033
7984
582
10424
4855
4690
12385
282
8927
6205
9622
6600
6841
12777
12217
7217
7264
10382
518
4057
11310
5311
9592
3621
1121
2847
10777
11492
7794
8383
4224
10004
1448
3760
376
12373
3213
1618
4613
6360
1273
11780
7443
8537
2175
12520
1561
10651
12686
12771
18
5108
5228
5811
678
5114
11406
9734
162
11505
923
10509
4265
9893
11383
2770
12735
4717
7359
10566
13194
11572
6348
6704
563
11681
12765
1614
5711
3301
709
10481
5818
1834
6449
1973
12903
1840
1704
9096
6783
9217
4284
8497
5058
13101
8064
2632
11650
3943
9339
2706
2457
5937
7405
4315
10174
6707
12490
1090
5815
10151
3936
11906
3502
11597
9714
10311
887
8808
7686
1881
2860
5608
16
6451
10034
11732
9123
7931
6263
13200
12807
8352
6195
1796
7066
8854
10180
2694
6749
2613
7868
7102
5107
8823
5307
6374
3512
13284
5953
5019
10659
13043
13369
480
4924
4472
1798
1931
9039
7425
9283
6691
8710
7871
10504
1622
9295
9026
10695
8586
8820
2658
6987
11226
11456
6722
10249
10826
9971
9421
3452
1913
13180
4314
7394
4755
8350
2393
1558
11345
8326
1782
9696
6361
6806
8148
11615
12059
1025
9364
9374
9490
3790
9701
7198
4038
9190
2748
531
3341
13146
6910
4053
12455
4159
8852
3875
2298
5203
6344
2272
12188
12051
238
3909
12066
11220
2827
7340
6493
12672
1315
1371
884
2082
8270
7193
11884
842
4660
2149
1526
3655
10387
10117
10971
58
5227
1446
2767
930
1065
5667
7503
6340
414
7739
3779
2570
9428
4155
2326
9969
2834
3273
11273
2519
6856
11669
3046
13249
8814
398
6498
8700
4930
6568
8887
1368
6547
6870
2874
81
8967
12267
12605
11616
7808
2305
95
3798
7644
12336
11332
3735
8176
3537
12225
3568
2031
1019
12905
828
10487
318
4375
2297
10163
11337
1860
6075
2830
4367
9223
4596
3961
11890
7578
9910
3219
5310
10077
897
10138
5021
3560
11852
10738
11770
3648
6636
436
5061
4420
627
7179
1178
10106
370
10454
5247
8484
8300
7978
8618
4240
4019
8529
8764
8260
4035
13188
6618
641
2380
4405
6495
4676
2546
10021
12105
10843
5487
8663
1586
2704
2142
5105
1108
10069
2940
5701
63
9539
2956
8382
2214
5456
2161
6917
12108
9392
10186
6143
138
990
787
8978
1552
1868
2549
1043
389
1912
3902
3531
4839
13300
8716
196
1863
9921
12631
7857
1951
12249
1359
2192
11775
7137
1349
9801
2365
11181
9230
12997
7277
10764
12310
5356
12083
5532
11899
6926
13325
12349
2576
13204
8935
12096
8998
6137
12533
5589
8679
2514
9051
12806
4449
5768
12673
9107
1846
3259
4785
10347
8536
7456
3109
3562
12341
6554
3393
9102
10766
11601
4990
12751
3658
8955
11257
11143
3975
956
3837
13141
10160
2750
11210
4098
8793
9564
3202
648
1919
5333
4143
10871
4689
10591
11353
2491
8677
4123
927
1591
6040
11370
2903
2452
3691
944
8095
874
3347
8208
3903
10558
2951
3441
4136
683
2806
2127
11722
9802
12954
9706
7328
1792
5219
3920
9628
7734
7928
2461
7802
2865
12038
7334
12307
1784
7034
7762
8765
6658
8552
8353
4181
1456
4619
9216
6275
1081
12422
10739
11776
1613
9285
1623
7252
799
4393
5974
12701
2703
8426
2279
9915
4787
8105
1841
735
7378
11588
6484
12941
1675
9574
2995
1718
2137
6470
71
8376
7407
11426
7171
2280
12760
4037
11744
13329
11603
3161
6472
8103
8519
4176
5340
7913
152
7728
6020
12780
4549
3617
8156
9651
12446
9066
679
7419
12556
1776
7625
12259
9868
4718
8906
8548
8185
9533
11461
3411
8845
7325
9682
2727
4598
8588
5822
5099
11867
687
4757
8558
9309
3064
10788
7092
11514
9677
11266
5802
12747
12055
2014
12675
3921
698
3038
6804
3047
1651
1404
3958
12848
12480
98
820
10768
3266
9151
7622
11363
11557
12991
5239
9742
5475
11167
1610
6597
7479
10869
10192
8984
8749
11029
10554
10378
10016
4831
7112
8778
6182
5804
9941
751
12684
2928
2927
11901
170
6438
610
440
6447
12908
1569
9059
3940
7345
3795
5158
9188
5949
2418
4547
6789
7639
3361
2433
12024
7256
469
5948
5349
6519
7067
12721
9914
1128
660
5046
6401
4161
9025
1527
5632
9351
10269
8798
478
4943
829
3054
12475
10940
2850
4854
1118
6948
7477
11871
8674
5950
7518
11253
3438
6699
7740
13151
2608
8989
2775
4467
2477
8578
5051
11180
6204
10150
12692
12190
991
8411
6329
9848
12789
13295
4455
10085
4532
1807
2345
11177
7649
6392
3842
6022
10300
6266
8629
10625
4327
7706
10958
11350
6796
7884
3647
133
7780
11909
952
12409
5000
542
2935
13056
9136
9246
3006
7083
13327
10396
8322
11459
1144
954
12057
8337
8639
1366
7322
1980
7362
6798
5166
7539
4672
11506
9781
1226
12528
9902
2749
106
5820
9615
11308
6166
5634
7150
5997
11784
3186
10001
9527
8451
9737
11499
6773
12497
12917
2442
11058
9624
10191
1544
11114
11734
9826
5495
3604
12617
8583
12591
5864
1922
11876
6941
4165
5651
250
5337
2991
1029
2037
8590
9905
6617
4322
6536
9397
5408
9158
6029
2464
13018
5070
4114
8272
10765
9483
13371
9960
6836
4747
1518
3267
11853
5725
11104
11978
7509
6684
13272
7765
3340
7209
11385
7656
10728
2396
2390
557
9437
4877
2404
7371
11611
202
9588
4297
3928
11691
8866
662
12626
8262
2664
7949
3007
9276
7339
3782
11556
11677
4209
6303
2479
11470
2193
8718
10662
6310
8772
1263
5920
12407
4205
10719
13139
10991
1470
10371
7430
2215
9859
12216
6891
2310
8283
9063
6531
48
2678
10914
8302
10483
7061
2171
6453
12755
2744
7218
7423
2986
11581
2823
3643
10917
4049
6294
11402
12994
10835
1066
10148
3247
8931
11676
9389
7805
12115
5900
5272
3662
6019
2526
2158
11844
9866
7658
6564
3805
12172
1075
3229
13264
7225
13039
51
12654
6271
7213
11493
2449
7343
2489
3508
9086
9440
307
4799
2339
1983
5208
10569
3772
8371
8147
4758
2475
10040
11026
2818
5559
6355
7471
8109
677
10486
3209
8173
9692
12395
4354
5482
576
8630
7553
5176
6391
5728
10938
12732
11609
10287
9239
11587
4067
12450
854
3601
7925
11376
1564
2579
7281
950
10724
706
4500
10261
2739
12492
3296
1652
11276
4591
10212
6130
1493
3207
3086
9430
3911
1906
8209
8313
11465
4195
2060
3410
8344
8475
5344
5411
4517
13044
7574
6735
4987
1893
10784
8437
5120
3404
4952
3462
962
9469
8632
12635
744
12344
11727
6346
10875
7255
137
6134
12282
6969
9176
12279
2562
4152
148
5981
4681
12425
1430
11343
8850
5699
5794
4965
12276
11497
2754
12739
1276
7673
6256
9607
9335
12770
2772
5489
6184
2304
10987
8189
11287
6557
1183
2118
8694
4748
9604
2283
6357
13093
844
11897
13021
10048
6851
7876
13265
1238
10447
7243
5935
9634
11109
3574
8140
12989
12237
10189
1164
2336
12758
7427
7900
4435
8917
6640
1729
11782
12239
7490
10044
3146
11612
9668
2111
8836
10202
6986
13048
5907
11617
1791
3317
494
11473
12008
11155
7637
6924
710
10351
12904
7889
10501
10473
4560
6388
7646
9945
10818
7307
5363
12036
4848
6432
8785
8994
1044
4526
2598
2233
11659
4515
9193
4512
8902
4125
3806
10723
11731
1701
496
2189
9379
10576
2301
8077
7222
6792
5810
4927
1966
7800
8440
11798
3470
5744
5384
3775
6575
459
1992
1688
1662
4372
1277
10527
9241
1311
11997
906
8932
8959
4213
6573
344
5769
6058
12265
4760
5519
6465
8580
12354
253
11967
2684
7867
13013
26
13236
5460
5613
8910
10514
4566
11218
2896
3338
8825
12278
6960
13218
5594
4971
1262
9396
8565
5394
6879
5438
7614
8947
10074
2087
8045
1744
11811
7930
6462
9535
10680
5251
8178
187
11041
12597
12636
7835
3153
3315
4551
8128
5001
4850
1755
4633
12175
6587
7046
6312
9964
8454
1250
11875
4
5316
6858
1203
12465
4447
5542
8903
5011
7955
1822
11530
10203
7122
9419
6782
12269
2221
2984
7215
6444
3312
4305
9623
4177
3474
10903
6546
9842
6306
2043
3164
12171
6315
11328
11361
9818
9095
10978
1497
10373
2759
12308
10756
916
4443
2797
13256
2252
1908
6086
4809
9164
46
10079
6397
6246
8021
3758
7746
4434
5785
9333
8125
7511
4584
5461
13283
2531
5431
11632
7861
6583
4244
8486
936
13216
8342
8986
8509
12109
894
2493
3661
2930
6402
6309
8329
11435
10308
1486
10018
4432
2181
3290
3253
13083
8446
7448
1849
1590
9321
87
61
5659
6277
7537
2354
2259
653
12981
10703
11174
12515
6249
7021
11765
7538
12645
4089
9438
1363
999
4055
182
3250
12627
7633
10201
13214
3876
9551
5092
7124
5341
2223
9022
4232
4978
4009
8573
12355
7269
10628
5816
10446
8087
3473
2494
886
8560
9666
12362
1735
1879
729
3104
5894
10277
7270
2077
5936
3797
7089
12942
3224
9266
1415
12025
11752
11008
10598
13152
11960
2954
12146
8231
1878
4794
2376
4301
3472
243
9474
9148
229
7652
12489
9495
4374
395
11653
9770
1979
7039
4654
8890
9115
2837
4519
9147
12853
5429
9965
2249
3449
11537
41
3824
11301
12793
390
11490
8221
12610
9908
3786
3373
11064
8015
7568
3929
3128
1358
10246
5459
6840
3062
1809
9462
7572
11124
2508
2152
5499
9621
10990
7005
5639
7727
12815
4645
11977
11200
10335
10419
7436
4270
2105
3960
12285
3788
2255
9552
4520
3584
4414
12339
11267
7152
3937
7723
7519
2206
7079
9159
7154
1762
11870
11974
10705
8242
12309
11832
852
2655
7522
3695
8691
12398
10661
5707
6485
3334
2147
4207
12783
1507
7525
10184
6175
2492
7695
3711
1921
7278
5689
3440
7323
13257
13157
3150
3444
2597
6389
7854
5374
2126
104
13235
11740
2686
4358
5104
12092
1821
4981
3981
13351
3025
10902
2553
10275
4275
6518
2040
1852
3745
4048
2023
13120
4258
6104
2650
9296
6372
3773
5362
12408
5448
4454
581
2561
4103
11001
4338
9261
964
8473
11250
6426
477
8319
9806
3306
2146
5984
1553
5367
5253
11797
11558
9215
9823
9426
7108
5189
649
7444
11522
4874
1733
3346
9492
3639
10283
8014
2840
7421
2010
11848
10314
7598
1853
11060
11771
4008
785
12366
2070
4508
472
10761
5590
12445
7602
2287
9519
13191
918
6560
6913
8675
2057
1954
1287
12708
1957
3670
7547
10262
5040
5225
10757
8357
6050
5612
8005
4704
11045
9447
1960
10464
4958
10417
6673
11135
7944
9050
10255
10936
1091
4129
5576
5545
12290
968
1632
4797
10273
1401
4488
8177
6625
6101
9306
8219
6433
1761
6144
5694
13004
11178
5288
2172
1306
4883
12202
1660
3210
10716
2265
7156
12900
4077
1947
10239
8689
4460
6328
4124
12157
12245
7570
885
1843
11589
1856
10193
6502
3986
530
6436
227
12258
1406
3221
12646
13190
5213
10787
5199
5617
8239
10490
1953
4119
784
9358
6712
4170
8216
3706
10547
446
5505
13207
5925
396
4307
12378
6670
11384
12459
6185
2854
12651
7090
6515
1656
56
12112
9140
8264
1845
9968
6150
2793
7190
3425
10416
3433
4323
1139
3527
7945
7492
443
5115
4840
435
12840
5082
9036
8341
5224
6336
1708
6958
9352
3725
9616
9175
1731
1481
2559
10372
10340
5454
3722
2050
9785
4970
10494
11278
9410
4017
7683
4342
2133
100
11099
11509
11195
4403
11964
1353
13134
3913
4062
5424
9381
5185
4873
2072
2938
522
12439
647
4357
543
2918
8948
4766
8911
12919
8594
6358
2852
9394
4685
10379
8099
7204
5898
10793
2281
5165
12863
20
6908
6347
5625
2448
6282
4733
6608
4081
5911
3968
13042
3949
3456
321
7389
10838
13226
8612
10164
9343
10812
2115
4851
7414
8214
6937
7877
9966
6369
301
5859
5398
2024
9784
690
7312
8937
2967
4353
12240
8345
11580
686
1621
1719
8806
13275
6180
7133
4991
11606
2885
8921
8204
2599
365
3058
3002
13106
8633
5226
8408
616
7579
1151
4923
4202
9520
74
6051
6063
12566
319
3377
5342
879
4744
2185
763
2496
10518
8359
6334
9484
7026
8721
703
10129
10896
11763
483
10127
10961
7807
2315
11507
5782
7020
2513
12762
1312
11333
3891
8232
8939
11252
13363
5102
340
3216
4694
12618
12668
9719
2184
4527
13088
11822
5702
8389
3360
1512
13008
7101
1192
2009
12438
6781
6133
5706
12230
8969
4499
12295
10980
7143
2758
5662
13205
10211
8085
2915
10973
607
50
11574
9811
10697
8067
10216
3124
7239
7353
5741
5609
6024
12345
11166
7483
10185
6258
8697
5716
4790
9746
10968
6153
580
4803
1511
1627
7335
1533
11414
9455
12064
10116
10341
8817
5553
10421
1286
10006
3327
6931
1402
12387
12177
11934
9835
2602
9998
6268
4348
8807
4581
7404
5257
5449
10572
11689
11591
6349
11939
11661
2712
7623
92
6217
10962
9498
5471
4299
10803
13213
4863
7842
5417
10059
487
2035
1016
6366
272
11869
10863
10257
3480
5375
5483
4080
9733
8695
13291
3374
8377
10542
12021
8372
12078
4110
5902
10026
640
242
13231
13244
5713
11511
5515
3089
3097
893
3032
11368
12
8452
297
6073
8191
670
7863
10778
3676
7507
6569
5854
1820
10575
4852
7943
9707
2880
93
5366
6025
4251
8857
9160
6653
9924
9688
592
7431
3409
5322
12005
9669
12135
1000
12898
5215
5916
9647
10271
12924
7784
4241
777
12862
1060
10850
2069
4072
3595
780
197
12155
12650
5413
5027
12030
1929
4223
7146
7019
4140
4201
566
12153
2067
11583
8544
6833
5369
7645
1898
7983
7682
1516
11510
12521
5812
12434
10359
873
489
11946
6053
12800
3168
12068
2378
8246
9033
10790
10953
3413
3051
11924
10060
3428
7338
6381
4261
955
8961
7293
3539
8748
7097
10317
9152
3008
5301
6728
12962
11907
3195
1519
12428
1030
122
2905
5133
4698
11034
4419
1222
4715
6477
12234
8813
8896
5952
1836
5566
13189
3815
11258
9833
1674
8869
5274
2545
13102
12374
9135
4919
2512
2437
12652
1083
286
11989
3618
4610
4007
9213
4362
3844
9279
11702
2417
9636
2756
5361
8562
966
1206
7911
7466
10375
8234
4635
8567
4575
2757
1462
3154
9407
374
8240
12231
9584
2006
12570
3458
11096
7206
7294
12473
9514
11024
3811
2693
2379
2419
5616
5156
3418
10809
5954
3416
4075
7221
12416
9515
7882
9284
12074
753
10288
447
6031
6599
4319
1641
12736
11998
4014
10152
8656
11706
12110
10209
2020
12666
6177
6405
9544
10992
279
2981
7049
6141
10113
1360
3965
8236
4835
207
1433
7612
8306
6751
8368
9097
10923
327
292
12169
10715
10837
7548
10259
1494
4371
11711
9253
4976
4957
2943
5073
13337
1168
1284
2188
12020
12004
8438
5684
10770
7177
10330
362
1650
9949
11895
11201
12474
261
10582
1903
8732
12836
2729
1707
1491
10640
6467
8318
6167
7440
1245
12368
3286
367
5209
322
1672
426
7481
6099
6525
8321
3897
10922
2881
10771
4568
3068
13258
5904
2080
8780
10805
145
10144
10440
6299
2782
11283
12980
3830
6995
4458
12518
1926
1713
12236
6918
9994
7091
9101
471
6590
6638
2913
5870
5842
1307
2944
8944
13104
2208
11129
6001
10798
7486
7554
5630
6906
1119
851
2064
12999
267
5514
8390
5167
12298
4222
8812
3642
705
8794
105
8373
6179
5892
8019
9023
2989
4300
7803
816
13133
3514
7560
10849
8407
12727
5415
4070
5987
3123
1202
3999
55
1703
10528
688
7774
7521
11663
3990
1258
11160
12348
9007
11696
12659
5893
10556
942
5306
3434
2117
539
5296
3808
10014
12118
3679
12275
5687
9055
6276
12517
9094
717
5080
2293
3727
7564
7996
4778
3102
504
10795
8768
4138
49
4625
7200
438
5155
12822
4663
5385
8523
442
5724
7685
2319
4953
1212
10986
1092
11549
4713
2110
13103
13262
6478
6317
12817
4810
4705
9078
6265
10623
5915
5940
3385
11199
11843
9012
6700
10167
2098
12561
1308
1157
7974
7703
4402
1562
8431
11532
5685
9218
8501
1147
8469
3506
6852
3851
9877
6409
7100
12193
9703
10710
3274
9487
8073
2788
4670
11240
5927
10967
12060
11877
8398
5593
11340
8601
3369
7080
1757
6452
476
9680
3419
8722
7074
8122
2857
5273
1115
8247
9974
10929
5584
11699
369
13114
2257
9142
5096
10965
111
60
9178
10510
4462
10291
9722
736
2858
4706
7381
6320
5880
11292
1230
12901
3571
12041
13148
11790
9489
5793
8753
680
8810
5995
3931
7070
3079
1682
12086
657
2209
4604
967
1054
12504
7569
9350
10003
2631
5624
10425
12679
7942
9926
12151
7317
7176
5348
1723
10233
4030
6800
9004
7894
6363
278
11429
6920
4074
3318
8285
394
11268
5784
4321
8973
572
2160
8171
12726
5861
9478
1053
550
8381
2460
872
3995
2774
6367
1062
1653
12549
5657
8990
3321
1847
9488
1204
7254
577
9794
7377
5368
11468
39
11525
10579
3898
7848
6889
1745
12002
1581
2652
7360
9166
11657
3193
6242
859
5885
13246
5661
11110
10094
9780
3700
3534
2230
3151
3237
13285
13080
12119
5360
12281
11545
3572
4583
1039
7071
6727
4496
4935
3809
10142
12648
9726
11242
11324
3703
547
8008
9409
4811
8729
7093
2535
3362
7787
1231
2665
1381
2894
2711
1153
9729
5379
12889
1072
3173
294
10760
8600
9894
7919
13123
9900
10350
3953
10434
8466
3570
12353
1224
2962
13109
1678
10735
4922
6595
10713
11562
4066
3681
6648
8976
11302
8096
7076
155
614
12414
6713
2723
5162
2853
9935
10475
5079
7860
8540
13079
3952
9699
5430
4349
4667
3970
2389
12126
2424
2295
8916
10162
13302
11851
1684
7210
9864
13318
5909
7159
1423
3905
6779
5397
9975
9375
9323
8608
12125
858
11454
10224
3112
1624
11083
9676
5091
980
11714
8624
8187
11044
6074
10564
10736
4430
9879
9610
6672
11255
10309
12305
8534
7967
7629
6812
6206
11634
4903
10829
6423
4691
1981
9980
1021
1417
7998
5052
2501
9599
11898
7534
9224
1514
1104
12386
10806
3188
2764
9881
3003
9029
9852
10939
281
5432
2702
9614
10856
4537
4784
2471
12864
10785
11277
13132
10907
12958
9195
11106
8958
10648
1137
6950
3399
1760
13229
221
10604
535
9413
4002
1
12042
1702
6326
11908
4643
1049
1962
12494
9499
8190
11584
10051
7453
1861
8787
4574
6687
325
2569
9303
12553
10861
9672
4949
4875
12394
2034
1759
8826
12803
3590
412
11649
987
6267
4310
5772
7144
9277
7224
523
6066
4182
11668
5510
11885
8042
1217
3651
3771
491
11917
6335
1570
6824
6254
12641
6065
8356
4936
7661
10890
2004
1443
4948
8161
10358
2511
119
13215
8735
6341
2845
4781
4820
6811
6523
9961
1663
8799
11342
7549
6427
11234
6900
4538
1642
8417
10626
10455
786
3673
9001
5704
9362
5232
5484
381
3191
11991
9071
12461
10629
11856
9982
5521
1805
912
9334
1413
12040
9648
6225
7234
8113
6592
10502
10024
10325
12830
10690
7286
7829
3690
8704
12914
11214
10456
2769
2870
9270
7915
287
7970
9282
12410
8107
2953
4542
11100
815
9146
9920
7890
12785
12856
12531
4913
3239
5698
7819
2964
6978
9977
5292
11270
1698
11970
7887
6110
4191
1601
2059
1195
11263
10909
2044
9838
11824
4622
310
6443
5245
159
6955
4707
1015
10881
8943
3482
10431
9198
5436
913
2914
905
10630
5485
8862
4628
11476
12683
1502
2053
1474
8914
1095
1578
9201
4552
1161
5807
5509
1565
11243
4837
4937
8754
7077
2504
6496
10298
12268
11488
9580
5876
3238
2091
3810
5569
10334
4498
4673
12001
604
5732
6825
9168
909
3158
6082
3121
1378
4572
10409
9243
8550
3516
8512
11610
2242
4657
6953
12724
3685
2714
10232
9433
7916
7369
8196
10324
7141
8761
3923
4415
8070
4351
200
13279
3406
482
7886
12215
12611
2843
11845
12029
9748
4390
1568
7751
11726
790
637
4139
6754
5831
3454
12006
4178
3857
12766
3142
4546
9415
11103
7968
4564
6481
11948
8117
9293
3000
3382
13057
441
792
9531
1534
8625
6071
8770
9698
12667
8018
5447
752
7000
11920
6914
5119
1844
6033
7055
10196
6963
7694
10679
112
9591
10463
4506
2791
10852
12877
3881
11561
4189
701
11325
2285
3838
8068
10853
10344
8977
9645
5914
10631
10354
11791
2639
3862
9512
12165
8720
8701
7939
11571
8055
7
12327
12152
12731
4616
9174
4463
3233
5109
1399
10676
11679
2211
10696
2909
8726
10327
9872
10741
11145
5037
10960
4311
3505
7136
141
9638
10210
7455
8577
5642
4271
8057
10052
3488
1313
11478
4399
2839
2983
3328
7266
10892
1894
9517
2207
2689
545
6045
12508
11415
2690
12382
10289
4227
2113
7584
12745
2589
4288
4128
8396
728
6136
2166
10430
3052
9626
5919
502
1152
2472
4298
1302
13055
11320
6826
12358
9629
694
4632
11265
2159
2088
1885
11878
4050
5969
8829
8546
8849
5979
7447
7700
12274
218
6199
2697
12361
189
5258
10260
1193
7879
3721
7130
348
5565
10801
10820
4999
10097
8448
5934
8180
5628
1158
10168
3748
13035
9890
12614
9034
5821
144
5619
7028
7258
12523
1388
9132
10436
5110
6732
8150
665
6219
6399
7118
5281
11063
10904
4206
2487
6765
12779
10238
3243
9349
3116
13135
13373
276
669
2414
10228
3522
3954
8762
13137
707
5649
11084
13359
2099
9768
320
6550
212
5264
4335
6682
12102
8114
5010
2294
11011
10408
10089
7914
3264
779
10171
3194
12563
6977
9705
599
11080
6407
13242
10263
4325
9355
1712
314
3495
2831
3737
11654
11272
11443
5777
3535
8157
7920
1500
1886
5520
12007
9067
8831
13170
5968
10825
2288
8905
12391
13232
1219
3176
7826
10198
256
13193
6656
12772
3060
10338
7985
13111
11916
11704
424
6228
8269
5259
8982
12539
1228
11933
11836
7767
3329
2434
419
3234
8769
4076
7251
3819
2322
5093
1009
4630
782
5466
9649
4291
8151
11815
12312
7809
11067
12297
6880
13096
10296
4486
2470
4131
3917
1191
13156
11779
12728
5149
2428
3583
7364
11198
10090
3575
6807
7311
6293
6758
12891
2488
11161
7841
10707
3843
12832
546
1342
11629
3439
3302
6400
12070
7006
8230
10385
13255
7161
117
4059
5646
2499
2427
13164
4022
726
4406
13267
2038
4740
3240
12993
12121
1594
8179
8130
9154
4872
1338
2385
2941
10313
4682
11420
4006
3614
4513
4530
9840
10482
12147
5897
13379
6490
8843
6122
3765
2582
2594
3763
1838
7896
10857
11467
8649
2942
6193
5823
3933
2766
8207
5757
467
3036
747
12131
13129
2026
10404
2551
8139
9999
8462
303
1753
11227
4383
8781
1421
296
11006
9929
1549
3852
7383
7750
7640
2129
6973
4905
284
7577
1752
9344
453
13370
8514
8127
5059
2892
2263
2563
4901
5036
8265
6982
3354
2081
4413
8746
3667
9290
5097
3915
12642
8936
7508
7823
6330
11282
5660
6650
13162
1024
3717
2859
9258
10285
5205
10072
11796
1940
5069
8822
7772
4027
5151
8971
3080
2588
5455
9294
9739
1116
13343
10746
7237
8238
5283
708
8593
7084
6734
8619
8106
3946
8284
1239
722
2676
8871
6829
8043
2284
3674
1864
2157
7391
2993
2619
6145
4346
4979
3541
8402
12637
12875
12462
9577
9456
2430
6579
10998
4678
8570
4684
11249
4722
606
3597
3138
10560
12427
8547
388
10023
12098
11893
6194
940
937
5192
10561
1976
4823
2923
5354
4109
6011
6860
12988
8636
6351
6216
4304
5329
1487
7676
9769
4879
13059
9694
10022
12145
7670
13090
12906
12335
9072
7580
1241
10270
2256
12831
2846
13358
5535
6637
9631
10642
5067
12219
3261
4535
2289
570
6866
9561
11396
1140
11375
11947
12676
2904
9035
32
3018
11344
3114
5752
3540
938
7840
11743
2321
13348
5557
8804
1007
6499
12061
9725
8827
7426
7472
1085
12317
9125
9245
10243
10943
9712
767
9589
13073
3129
3379
6929
898
6270
2863
13315
11097
6501
6534
11347
9457
13230
9642
5529
4456
8495
6311
11512
11422
9332
5207
11976
5975
385
3663
3959
12271
5396
6733
455
1995
12085
7741
2937
10063
12011
9206
924
8797
5352
42
7337
4360
6881
3784
10699
5652
7352
11225
4884
11004
6714
13168
3966
7300
2898
3697
11231
6041
10355
10621
6200
9918
5921
6780
6097
12365
11095
3746
2151
12325
10017
1520
12226
11105
5705
8579
22
10854
13234
3368
6226
9992
11364
3280
9683
9931
3371
4918
5636
1904
3364
8809
2199
4494
8647
6067
5717
11157
10512
11018
5198
6921
7754
2150
9516
8422
4272
12741
13115
8170
11529
73
10963
6895
12346
5731
2269
10062
1103
8756
6308
6623
11187
7454
2762
6316
7588
5813
8134
6816
2734
5664
2804
4728
10252
3489
7938
7690
4909
6562
7667
11925
1176
2276
13099
10281
5734
12628
8591
8507
9937
9493
213
6777
8071
11660
11637
6121
12945
10369
4267
10624
12360
13273
2116
4318
4457
10786
1410
12538
4423
3563
3043
4442
6081
1254
10467
8952
7081
9541
132
6949
5049
10708
1249
8664
2538
9371
8705
6283
12629
13177
4029
11804
12140
933
10589
10650
8670
12292
10942
2286
5195
4429
6843
339
10237
12522
1295
7065
12678
5770
4742
10819
7262
7659
1939
7342
10352
7158
12099
8684
7607
11159
1572
3872
10823
2879
5395
6905
5492
6147
6383
10256
11211
5370
1774
1524
9058
5763
3094
7303
9862
2564
10452
11515
1398
7174
10574
8699
3004
12577
4381
11971
1320
4776
10878
10732
2780
338
11747
4714
2388
4257
3446
10165
5276
7566
8303
5113
9054
12729
8517
1288
4893
8865
493
4364
9173
3483
973
1785
13223
3437
629
5808
10393
1736
9390
7542
3957
11894
9281
7552
1435
6559
9810
1589
8556
8256
13032
11039
233
11983
7594
7873
8286
11119
10643
2235
4468
13367
10567
6621
2200
11175
7818
10135
7110
12872
2971
5234
2765
10328
5691
6763
306
1069
2890
10608
10868
8339
9928
12476
13165
6043
7189
10759
5888
3053
11944
10931
3947
13274
5378
11
13150
849
10668
4302
10297
8330
7965
10343
12763
4308
11915
5749
1011
9099
4773
3904
2468
11098
2815
10158
1506
5191
7567
1213
6006
10603
10495
10721
10726
147
12975
2074
6429
8997
11315
1469
12588
11785
2922
13361
868
9528
295
5847
5614
9922
1788
283
11764
456
7008
11739
6946
5591
3227
6686
8110
11002
8773
7940
10597
6957
9685
2625
36
5677
6105
4892
8075
7956
5020
12442
3258
11837
1332
11369
1667
1236
6979
11409
8343
12860
1234
6770
7395
985
10789
6613
12608
12818
3026
1961
10195
1432
8029
675
7997
10130
8585
10714
9805
11692
5249
4582
741
9383
9619
1309
10005
10172
8926
8351
6521
12471
8870
7856
255
7777
2924
4523
3263
1575
5204
9967
377
12363
3855
6632
684
11841
2317
1335
4607
5452
13239
7027
8988
12049
10146
9880
8599
628
6170
12811
1109
1278
1714
7820
241
4939
8581
5017
567
3620
7899
11262
6241
8199
4638
1732
10933
7504
2254
4466
12443
8669
10182
373
2695
11061
9388
2049
2058
11846
3591
4426
12499
3372
1646
4650
5467
3769
8132
9985
8853
6778
3529
4661
3246
5002
4895
9871
10397
10653
742
541
5956
11140
3561
462
901
10078
3156
13077
1697
1865
9700
1637
1671
11182
7883
13078
6744
11359
11842
2048
12662
9497
10779
838
12670
4078
5688
5964
13064
11150
11725
4309
2194
10299
3422
2790
8358
1240
7361
3694
8953
12460
8228
3256
6899
5294
9450
1248
9251
1537
748
10484
3593
749
3650
9328
10985
5710
6974
745
2220
1282
3972
965
986
10093
7786
3278
2141
2666
10669
5758
6884
9702
11216
4588
10042
11503
4431
10811
9603
11341
12506
4700
666
8912
4439
6642
2065
1596
7692
6287
10315
4422
2266
10029
6422
4450
10200
4052
6802
8000
7385
5169
9324
4141
12773
6745
3649
11446
8564
769
10438
1855
1952
7824
4262
3873
1074
13196
9506
1159
5175
598
8660
5512
6975
7715
9064
3332
9641
1932
9354
216
9932
9895
4793
3817
1528
12819
3443
4043
86
5873
8058
9011
4330
11338
7001
6964
2484
12364
6085
5771
6591
11881
13336
11799
4160
386
10364
11229
1851
10472
5737
850
9587
2680
8634
7748
10155
6278
11460
9179
11244
9318
10360
9304
3962
11721
12509
7468
1603
9573
3113
3184
5441
10993
2324
11777
5668
4836
10981
5930
6848
8255
6551
12580
7476
12849
2838
12299
5235
4615
6902
10717
8851
9796
5076
9954
6338
10886
9385
12284
1539
3554
497
11082
11922
9404
160
11961
2751
6083
7785
7167
434
9566
8972
8474
1027
7233
6009
8644
2399
7475
10769
672
11050
3122
8561
9557
4780
5789
1742
7926
10412
8954
3072
3989
7954
4627
1763
7194
7370
12871
5848
1155
11088
3268
1242
512
2079
11643
3611
8803
9709
6862
5579
4122
10460
7804
10008
3997
9348
1416
7187
12331
11305
6797
861
7151
12603
8011
43
1599
10646
12160
13128
2202
6711
3093
11192
3704
12814
4091
11449
7032
4363
5825
7506
9906
1517
9229
5723
1804
2616
1522
7170
11521
12449
146
3236
8603
5833
353
947
7449
1679
13228
11366
2592
2179
13269
64
7275
2803
6404
4961
7139
10124
866
9196
7753
971
11071
9836
11498
13354
12330
2205
10426
3889
8506
1842
11647
6297
4801
6497
3645
4980
3964
7540
4503
8900
10534
10701
5409
5295
8375
7599
4577
1465
13296
915
5121
11066
12332
10996
7416
12090
4489
2768
11247
10304
13036
6140
371
2361
7556
10082
6951
4950
8833
2120
4614
2241
6362
6322
4986
12952
11624
2931
3882
2872
4940
7664
1382
5299
11035
4889
2503
2164
9816
12100
12488
3189
7966
9983
11206
8499
3799
6808
6034
3796
2620
6643
5025
12054
12136
2926
2910
1483
12769
9765
1496
3279
6243
8476
9441
608
12252
11552
10071
5030
9507
7438
9851
6016
1244
7874
4071
10999
8291
9268
12194
3710
7768
10677
9228
3726
4763
795
11186
1227
8792
5722
2988
3272
1162
13012
109
4313
10722
13161
12413
11874
6663
181
6675
2663
6076
6365
7735
11137
12598
3573
6430
3147
4060
12977
8386
6940
8648
3335
6412
7495
2323
12584
6507
10627
1037
5959
11945
13330
10955
2366
4345
5905
9423
7627
6092
12213
4473
7059
9609
10220
3615
6261
8975
8706
11327
12884
11235
7634
10974
12273
2571
165
2314
5780
13365
9562
6837
2103
2011
5681
525
10517
5174
4727
12411
10590
8951
1508
3471
12927
10639
2096
463
11417
2351
8502
11154
10926
7029
6295
7606
3686
12516
3262
658
9237
12661
8839
1209
6288
10513
1654
10226
7461
6859
2925
6932
9675
6928
7111
6877
6280
4337
1346
1608
9247
11331
13280
5951
1002
7745
11207
10813
25
7536
2198
6356
12756
5186
5075
8252
5607
9015
1073
3916
12753
6933
4928
6761
6244
7902
1668
1167
12463
1042
2170
6284
1746
7922
8834
10546
2884
5181
11628
408
5055
422
6157
12607
3783
6514
8453
5513
11197
12176
13357
4150
3991
3659
7730
639
9813
9830
7789
826
8052
10336
7142
12144
11713
11762
731
113
8714
4531
2717
3042
3558
6149
3289
6106
2911
856
5767
6023
877
6828
2156
5547
7749
1993
6527
12804
7129
4105
3547
3613
902
2783
2584
11518
12693
2178
7847
413
7590
8551
12548
5872
5978
6510
4320
9098
2325
5548
7671
5081
3241
3059
6113
4034
7869
4287
12677
10635
9092
1339
9863
8493
12206
3012
7263
11735
3092
9464
10775
5502
4020
8979
5211
10357
9560
8362
10183
2002
5523
7793
12792
8605
5603
8596
6070
9186
7062
13172
1386
2556
12653
10524
1169
1911
8566
12367
2634
13294
4679
7045
9686
4388
7195
6057
11652
3682
12009
12786
68
11377
10280
3511
4746
957
1808
7291
10743
10664
4000
7132
4975
13356
5541
6819
11781
9950
10161
3566
3478
5882
12939
346
12826
8949
5278
7550
13030
10095
10555
12127
8904
1854
2725
5405
11834
6647
7888
3
12191
10956
7693
9558
7510
2008
7350
1874
857
11833
5869
12595
8743
6487
7971
13347
5317
5740
4230
12123
4688
11926
5966
3742
13346
359
2692
5844
2778
10821
5041
4947
7398
848
2001
11995
2640
813
135
10526
10428
3504
1778
8533
2816
5043
11618
9254
7452
618
1177
11412
3387
4838
10489
4768
5604
11921
7855
7666
7408
12879
1550
9861
5271
1883
12457
781
4653
10230
8061
6578
8145
9791
5679
754
807
4118
7232
11354
5549
800
5564
11809
10395
10179
7585
4743
6260
8515
4378
11578
1407
961
1542
1823
5901
485
5522
2473
9799
11996
4093
5014
8883
10916
7457
5298
9797
5516
2182
13127
11758
9731
9386
12511
8980
5023
6989
631
12142
11260
5218
3869
2672
7392
1640
29
8891
5946
13038
2030
10839
7993
4183
12892
12087
633
8056
1336
9331
10678
1170
9119
904
11054
10846
4642
3551
11027
5418
2776
6945
2670
4886
4759
1687
2578
11773
11444
4579
6079
9222
8391
9670
3887
12201
8861
9740
10562
7257
7990
4087
11935
3839
1525
1141
12707
5836
2344
11128
10605
10147
2992
2243
11547
3668
3048
5996
10905
6091
4196
1260
402
5161
10619
10670
5776
5488
4229
12624
6492
6162
2773
9177
6994
7792
3212
3730
8740
12513
3497
12702
946
6577
4286
1418
6943
2196
11542
2552
10365
9901
10
10056
2908
13136
3750
6036
8083
12481
11021
6111
11452
237
8555
8981
2891
4737
10206
9471
5849
5817
9605
9361
2682
617
6327
10578
3300
8494
3339
6698
7903
4396
4745
7669
5469
3204
3761
10332
8962
9720
11290
1020
9330
6264
8076
8273
4382
9608
8563
659
9221
7613
7779
2566
75
7756
2550
7742
3336
12963
11858
4279
1677
2134
8424
7859
8401
10596
13084
5781
6018
794
9212
5358
12093
2998
9274
8142
5350
534
6056
11891
5343
6469
12557
5867
12829
738
6324
10685
10865
5645
5422
4896
3100
3069
13181
9219
1111
7828
3542
2805
11289
4963
9467
5783
1737
11527
6628
9755
5540
6766
4860
3627
7662
10376
4039
8165
12820
6703
5588
6165
551
5327
7357
6354
2250
5462
9563
4822
10740
1869
4732
123
4047
11988
9858
5653
11658
10120
5450
8863
3021
13178
7721
11215
10039
3063
3117
11094
12746
9736
11336
4135
3486
4117
8305
3866
1243
11245
4331
3242
8786
10137
6801
9149
12519
2877
8627
13368
11640
8651
5032
1252
9511
2866
11733
3513
199
3119
10020
8892
10100
11942
11774
4162
2883
9581
15
4569
12764
4416
2583
3245
10413
8384
12896
6923
1208
1063
10656
6012
10213
919
13199
7582
4101
10329
214
6947
7773
9896
4545
4281
788
1375
12071
12468
3646
3825
8428
5086
7589
8783
13303
3632
1130
5765
5912
3496
1088
4332
7173
8584
12447
8919
2375
2957
12734
6466
3185
1754
7119
7647
1895
4438
9360
5797
404
9715
6622
490
2445
9347
3118
1872
2522
10310
7775
1256
7716
7624
12048
2039
7593
11093
8168
10007
12730
1351
3859
1120
10647
5536
10911
11666
7866
157
4493
185
2836
846
12984
1210
7810
90
5837
6894
2436
6434
4649
3550
7626
285
2268
403
38
2587
3199
4163
12251
891
13
6171
3081
7375
13345
9817
7104
7474
7500
12261
12828
3143
818
10563
12839
3974
9716
6286
5939
3785
1292
9888
5708
1917
1279
475
6630
7836
3345
6345
7815
11693
10733
11185
6037
11391
11036
17
1968
12377
11053
1005
12790
2792
8846
975
8188
3941
13366
7131
1473
3538
3623
10783
6103
11298
225
3045
573
586
9449
1563
3260
12272
3781
11742
3827
10492
7497
11825
3353
8527
511
12150
1129
3868
7696
10462
10600
2328
4993
3926
615
11675
5345
2842
9772
2012
5887
12072
2309
834
11517
7267
3222
2691
12957
2605
2502
10053
3192
12995
2825
6692
2347
569
12421
3630
2876
5787
11886
5518
4179
9401
1767
8667
6669
4621
8934
3606
6353
9650
12663
5889
10557
9020
1305
4576
12218
13131
6301
6916
2677
12671
981
10468
13050
8641
1097
9697
5371
6416
1038
5648
195
6731
2045
10031
9485
3288
7618
2195
5112
11299
11484
932
5132
5302
5962
9978
593
4377
9408
12634
5410
9200
3978
1454
492
6729
11204
326
3671
6035
12544
5993
10388
12287
10080
7988
10470
2307
1571
6377
2083
12122
724
2687
13070
2234
7203
288
8436
6248
2990
12432
3813
8582
12778
9068
1726
231
11169
5561
3477
5761
6078
6017
7880
9834
12660
5830
259
3490
6871
5148
3741
1424
1452
4668
7469
4618
2517
3756
3257
2917
6764
9286
3638
8249
2505
1397
720
5331
7366
1096
5663
9749
3847
2363
10731
13374
3892
5423
351
10265
6823
8119
10236
2851
1974
9244
6007
1107
6762
3310
13003
12870
5800
13124
503
12291
6370
67
7109
12209
13222
10552
6671
1985
3485
7063
6942
5674
4686
3818
11950
12356
1354
1087
9942
7183
544
13212
2506
4646
6214
5574
11351
1924
11316
2867
11962
5871
6302
4904
6844
6455
11355
8062
993
8789
896
10219
9606
9468
8393
8832
8886
11686
11421
372
6398
4226
7384
5942
10002
8296
2333
4428
6784
5618
8858
6641
2600
1515
2705
8837
8441
11222
3208
7287
4699
2994
4469
9082
5116
3479
246
1455
7098
8160
6146
3644
2264
10450
6448
1721
1061
7713
11819
10593
5339
13251
7912
9792
6581
8202
4095
4647
7214
6624
5805
8885
2611
1166
9613
5615
5570
2618
4849
9093
10305
11296
3907
8673
12964
7035
392
6832
5266
685
8423
5179
11900
10891
3770
4113
12847
7301
12932
3900
11134
4121
3269
6952
4796
9289
7387
12685
7964
8696
3024
1004
9917
7363
13076
3135
5580
8435
532
2155
3696
11373
5626
1125
11849
9431
9131
3167
4721
4003
2251
9867
7197
2407
2996
4639
1963
6968
2785
8995
2968
10506
10420
8220
5762
3629
5908
2604
150
10925
5419
7898
6431
9839
1777
6850
13067
3217
2809
378
9953
2271
10754
2451
9787
3635
10519
3588
12075
7429
10836
2906
9482
11504
5214
5991
9240
7853
5473
9991
3450
11374
2547
5791
5308
5382
3520
3445
10088
12801
8713
7068
4641
305
2443
11593
5152
1521
2423
5497
5568
10390
8287
5857
3850
7936
7757
3528
7620
9454
7895
4861
11956
6768
12897
10503
7054
5621
8909
12704
12154
12583
5157
1017
4600
270
12280
10205
3820
4294
7814
3854
12184
10496
6730
6571
10480
5100
7991
969
1438
12186
1459
2341
11365
7801
6373
7415
9916
9582
2871
5035
10493
358
4392
619
1739
2369
9113
1344
1573
7672
5241
13000
2963
1936
3090
5727
9260
556
11209
331
4481
12242
2384
3344
10061
13158
8477
12283
5972
6532
7403
1480
10154
10381
178
1032
11599
7514
3980
10013
5971
1304
1933
13321
8607
13341
6708
6567
5260
7336
5853
9773
7881
8406
13252
1956
3715
4146
4916
13112
10870
8155
13238
2071
9382
12791
4580
12700
5917
6259
6853
2033
9288
3386
1766
7987
3982
8245
7396
5819
10845
4417
3407
4368
12484
8595
6849
3057
11698
2743
10794
10781
5756
12530
10808
8617
11705
7681
7651
1156
9234
10057
411
1373
4370
6188
2653
8072
9860
10681
11812
3605
11275
6788
1086
9109
3807
4180
5527
7127
1636
3728
6665
3652
4516
2169
6893
4086
3163
1440
2516
9046
5551
9384
9938
1275
8175
1997
9869
11023
7314
1880
8295
3580
2810
13328
13007
5183
2054
7014
10511
8915
5862
1251
1298
4132
6664
12383
1323
6655
4247
12682
11115
10880
4245
13304
2899
8425
6705
12352
9586
1036
8455
2240
10366
2716
1938
11827
8532
9446
681
10190
10689
9002
6459
8271
2085
12189
3249
6013
9571
1188
10181
12972
5095
7386
12444
5841
1958
11749
24
8719
5743
977
8415
7096
9208
4112
5631
10119
12117
2978
4097
5986
190
3637
6247
4726
691
1689
6915
9853
6132
12027
11508
11688
772
11633
13254
9130
9259
4154
715
3932
4637
125
12185
11500
9856
10441
2864
9524
13266
7025
4199
4644
827
8027
7094
10175
6620
8964
7380
6069
172
7981
3015
9825
3576
1661
5103
513
2586
7175
970
12890
716
3343
8120
11017
12827
1135
3517
2108
10893
8304
3408
6234
9602
1989
10067
12565
5980
6059
5125
8111
2415
6508
7591
9298
12182
908
12174
4915
6720
3633
11850
1405
2939
6198
11783
62
5440
96
12031
8840
4586
12630
4283
11630
12342
40
8709
4491
3183
1050
602
11703
12616
6861
2485
1531
9027
1289
5985
6371
2999
10718
565
12058
235
3594
2567
656
5738
11483
11122
176
8412
9018
8040
3768
3592
0
7013
12838
12576
11142
2355
2813
3579
7399
9338
6239
4858
12014
5309
2656
4082
11787
3924
11147
12878
2518
12934
6649
9141
1444
2737
8225
10683
3787
3284
4336
3992
12992
2446
11092
9841
4242
5064
11010
6934
110
760
8708
5359
11450
12754
890
10702
12703
10036
2476
11284
7610
3230
10274
12170
323
5556
5963
11604
1647
11586
2329
1028
8243
6473
5393
13353
9955
11965
1310
1233
2975
4902
12796
11540
5748
564
6506
11646
4107
1691
13118
5697
6742
12256
12286
9618
4982
7316
5047
9088
713
674
8779
3023
10994
6524
6878
1923
1786
2168
6652
328
4595
3804
11431
9761
3976
13324
3938
6038
4130
11015
8541
6230
1253
5012
7439
4611
3190
2386
2801
3762
7986
1725
11172
12725
10068
4983
7115
6661
8965
13025
10944
6359
4985
7418
8212
768
11121
2019
7601
8004
3657
7973
6997
194
1379
11184
6598
1897
5635
1001
9723
1058
11138
3720
13020
4235
1828
11188
11049
10545
9359
11293
1999
2645
7555
12173
7037
7315
9463
9572
8873
5128
4665
6725
10762
11288
1181
5261
11840
12718
11441
9911
11748
11372
7036
11794
8945
12429
7212
5006
4739
3134
8430
13209
6743
5637
11576
6695
1223
3170
10321
5534
8543
1325
10258
9432
183
806
4708
5883
12714
6776
5085
2958
2811
12458
5407
11880
625
1634
7230
917
5039
4954
5700
5201
3631
2507
9436
6117
12774
11042
2131
12073
7858
12470
5896
1055
10177
3834
4680
13091
2819
11303
12357
3375
575
4361
4898
2980
6645
11879
3214
3585
3255
5938
8653
10215
11753
13208
9045
6535
10081
2731
364
517
10535
4042
2669
8626
6323
12787
4056
6939
9627
5835
7368
8876
5643
6456
4634
4025
5865
1800
1914
2367
5932
2524
8033
10848
175
13176
52
10449
4045
4522
3812
6863
13159
6332
6544
1356
2985
2651
9751
636
8609
1696
10658
8703
382
7663
1264
12404
8299
5774
12894
10687
13331
1810
10515
6160
2377
7432
1982
251
210
8078
8796
5798
11112
6667
3641
9049
3934
1431
13290
274
11062
8643
3906
2312
9357
2982
1685
12665
12399
1978
2497
5587
6512
13186
10804
8956
2332
4782
4602
11481
2119
7761
12960
12712
11212
7905
5145
2000
3351
2560
9578
12585
3672
2292
943
2382
11636
8974
1199
13259
10141
6847
1389
6820
12043
11281
8488
12859
1098
1780
2540
12923
12717
7172
9342
9202
2327
308
6594
11205
6192
4828
6972
5243
630
9325
7565
6039
9250
4204
6232
12738
1783
7865
12759
883
291
12937
5846
1595
3634
8811
13311
10087
7181
5403
2176
4243
8123
9090
3930
8872
9345
13040
12953
8777
8774
2636
9424
356
11501
5024
4974
1813
10110
12166
2523
1579
2364
177
10602
8642
2062
1875
10406
2018
5814
10250
13237
1970
11687
696
9299
8129
11130
3794
9165
9225
814
7933
8414
9857
226
3091
1582
5683
10348
1891
11788
9795
2970
12833
7012
3732
9735
11055
13241
1221
9118
11810
8135
10374
831
4044
277
7674
5852
9659
8388
3137
11672
6417
8880
5868
11073
3987
8101
3833
5826
429
10276
10901
10403
1392
7655
979
343
1529
12922
12959
12220
12158
5147
4058
5190
7247
2976
6936
12192
4843
3295
9414
4477
3034
910
1789
4453
12695
3402
579
8409
11585
6602
12948
11662
2789
843
6159
1420
6094
6609
352
10644
12821
1873
9783
11626
12260
1949
9460
11394
7289
1790
11814
7845
12846
10234
9280
1146
8031
13071
13306
8257
6639
8966
7248
10126
8410
8631
880
11806
8542
11269
3311
10383
8124
6892
3532
8500
9747
9973
9847
8320
11766
5575
179
4504
9962
2318
11176
7095
6739
12306
3085
6984
10485
5315
10610
7583
3228
6901
120
3963
1458
8009
2290
11437
5839
12062
2084
2628
4015
2016
12581
10684
4273
5277
12982
12698
27
1751
8365
8470
4482
6520
11539
12210
8244
1797
7249
5955
3599
11957
6411
11020
9803
9185
5773
8282
732
12899
10592
9326
5501
9466
5279
11108
764
130
8877
12990
452
7699
5606
9411
8816
6604
7677
11930
12606
5050
7442
9576
8620
4521
7308
1138
6996
12784
6872
7562
193
5072
11362
3515
6746
12809
6442
6556
5324
143
9169
4427
9764
10634
10827
3323
5033
7341
1447
4761
6090
12767
8960
1472
4995
4478
6304
10945
11339
5200
11831
6694
4231
10290
2679
13110
7638
3011
7736
12805
8266
5585
7657
2654
1437
8763
555
2713
8623
12749
10908
10132
1509
13065
2972
8874
10306
4395
7616
8032
7268
3780
10550
3680
5435
4996
6555
7520
9227
1390
11392
13198
10652
10066
4984
10437
2821
7329
9300
931
5427
4899
3948
4274
3305
10240
12423
9172
5599
2673
7038
10691
2624
3065
1715
4723
9948
3749
9197
8727
10712
10988
12813
7003
5338
12510
3609
10451
7496
7725
9238
2374
7763
646
13085
2921
11911
7120
10538
2812
1396
10641
4764
3169
5280
12590
1510
11025
12706
12370
7759
7125
1451
10301
9445
10187
7641
13298
10108
1297
11919
3427
4501
521
9713
1301
7714
3492
2231
6428
12955
2887
11311
5778
11241
9990
13100
6838
3791
7106
12495
5944
2340
2469
12389
612
12647
5733
2799
9503
11163
11274
1680
1705
4608
10134
8468
7687
11992
11829
4269
4217
11048
7515
11413
11553
12397
12393
10361
5172
8755
329
12512
5140
3896
9744
1964
9181
12396
8102
7464
11715
3457
11638
10632
70
12968
3955
1283
247
746
12799
5137
4459
13009
4749
5321
13027
108
11433
7040
1870
12390
10331
8867
1768
12632
3877
9721
12333
10918
1658
9646
3206
11179
7123
11307
4507
9831
6227
11407
3391
11381
8464
8080
7630
8511
1925
9327
2154
3201
8200
11772
6062
5477
4752
6375
864
1937
234
2013
12221
2112
10105
465
11091
3821
5478
13289
2952
13206
12540
5275
5678
9537
4409
8023
2638
9010
6817
941
4433
5899
13061
11191
9569
12065
7459
10058
11538
315
4369
8739
3751
7825
988
8206
10774
2480
922
6721
10671
8183
10533
5026
2520
357
9903
1131
126
5766
1261
5729
4285
1817
841
5048
11028
12976
3803
6954
8360
3055
217
10657
7321
6343
1485
761
4293
10537
11466
4677
7953
10286
12776
10727
2308
3998
3071
12794
3692
1211
2593
3370
84
4816
3822
11566
9951
8211
10410
8387
3731
2277
11213
8144
4174
8645
12569
2245
220
9545
11513
6537
5326
7400
4533
3050
12246
10584
1901
6450
8182
3283
9037
11360
12560
12743
8925
10367
13122
45
5184
4770
9249
638
9919
9062
6588
11051
6543
809
8293
5434
13260
3145
12143
4389
9798
4376
10229
8418
3384
6403
10092
9807
4479
3111
12694
13293
5154
1006
7064
8118
11644
8920
1441
1955
9678
11554
12247
9329
9776
770
9465
2190
1064
8569
1468
8933
7244
3141
9192
10356
3828
4216
8074
8571
8429
302
2232
11635
13066
11670
3020
12915
9486
300
3297
11193
10889
7688
10970
6420
11126
12844
5357
12214
1299
10474
2474
13081
3307
13174
10279
2648
2350
12197
4096
11348
13184
89
11754
4344
3319
8487
8478
12529
9633
4088
1184
47
7712
10614
12601
9040
3363
7621
3979
4341
3096
3108
11400
9265
840
12235
7482
7485
2912
8559
2338
12711
151
10251
7705
11541
7595
5834
3709
5312
2718
810
12081
7885
9804
5601
10855
10217
2802
7088
1259
1738
35
2878
10842
12575
1450
4171
12609
5066
7103
10439
4219
9191
757
853
9420
12263
3698
3294
11432
11474
1648
11427
10405
5304
8693
184
6842
11573
9427
9540
1584
7260
7632
9336
2148
12680
4073
8325
6098
8094
13095
13041
7875
3133
3893
410
2784
10139
5335
12107
4900
7412
268
9275
1189
1142
2320
7168
5554
7961
12909
1319
9778
11056
6116
1959
7675
8690
11356
3610
5555
3467
10010
13219
11936
7817
2186
7484
11620
8628
9532
9568
4524
6822
11674
8195
8251
8370
484
4238
13375
1186
11291
1046
11868
12479
13069
3177
12323
3005
3665
8676
4765
7033
366
9849
4292
5187
5240
11408
3743
13092
11065
4805
1513
5595
7355
5054
11074
8946
9704
3442
2641
4339
451
4099
8395
10143
6992
3688
2565
5481
510
7428
2431
7816
8788
5795
2543
3248
2028
3723
8097
12681
7015
791
9995
8457
540
10824
313
1367
554
1180
1232
4862
8143
11334
21
12625
12103
7747
12572
12329
1535
12664
4845
12016
13227
11866
6548
9518
3468
2932
7480
11516
5552
1412
4692
5005
1010
6867
1296
3333
8088
2225
6003
9664
254
2595
10055
3816
13317
9674
4587
12289
12913
10758
4890
4603
7833
3736
1811
10906
11913
2667
6482
10570
11401
5709
8490
6002
6139
4959
1214
5364
6151
6965
11107
13372
65
10822
6313
7995
5573
1816
2668
10411
2741
312
6517
832
1944
10284
1839
5994
711
7798
5144
9779
2534
8522
2798
7862
5336
10178
5526
9236
3625
4750
2021
3380
2807
11118
10964
4437
9271
11761
989
2795
8549
12579
2244
10613
13277
1930
293
5088
4529
6387
10075
2633
6903
620
1837
11482
6883
1112
808
13138
4334
10370
8968
6187
11453
11312
6635
1690
1425
8800
3503
12023
2402
12045
8397
2145
1343
5739
102
3619
8041
2370
2965
7042
11954
8992
309
5392
5118
7760
13068
2167
9292
3983
13142
5193
3865
2275
8658
9444
12316
6846
2109
6657
8081
10339
8259
12052
2296
13179
5973
4400
10157
12340
3481
6386
2646
12837
11769
11239
224
11458
9689
3733
10353
5676
4126
7704
13074
1317
2822
11818
8317
3277
6815
3636
2455
12987
10577
6201
5074
9075
8685
5139
3447
2647
1630
740
201
4921
6210
13058
10333
12742
11019
8661
9402
2720
1059
7532
1334
2138
7147
12983
3326
1915
9005
12498
3395
5877
5246
7009
11403
12574
8215
8277
354
1987
5718
1824
9534
2591
9870
393
702
1597
2371
3530
3950
11724
9555
13154
6659
2017
7717
2529
3028
11259
349
13195
2440
7087
5474
10675
1150
12873
982
10959
9509
6125
2868
1639
6611
9523
7184
1172
383
12705
1644
9763
7951
6093
4153
7609
3103
3356
6529
6563
7169
5796
8923
9473
6272
9171
1587
7561
1945
730
11264
7680
6191
3776
12097
5236
8449
5268
5924
7799
6603
54
8657
11089
5269
7711
2721
9899
9403
12885
1467
5130
7265
7240
6697
7272
1620
8712
6115
1611
10114
10401
11716
8079
12524
12337
406
929
5680
12887
5695
9317
5582
10810
11986
488
524
245
5141
2253
5170
9820
3919
2897
5755
8298
2029
2510
6127
2406
420
5425
6382
10207
1801
6178
2052
4401
9970
10170
4841
4410
6211
3254
10391
2358
8010
2626
4145
9693
3337
11248
10035
5958
12198
11223
11494
9085
10540
1171
9536
3342
7523
6014
8224
5160
6314
8315
5320
10012
723
4200
6715
10312
11621
12613
2224
3029
1106
8444
2095
6576
4955
1984
9418
10969
6454
11395
951
9278
11319
11592
11927
3175
1990
700
5351
3013
3552
673
1136
2661
5421
3197
7105
8048
945
1271
2201
8830
9273
516
10479
5346
8530
11382
10694
5038
8859
7892
13145
5458
7678
12620
8461
9256
6142
11236
5654
460
4565
10253
2509
6565
7541
9579
12536
12453
11217
4933
5999
3498
11937
3178
6803
8210
7499
1220
11472
4786
6186
12167
4710
10422
423
5468
1665
10686
5143
6089
3084
10294
1946
11665
3752
4040
8983
10098
2005
5402
2580
2056
7864
4474
10693
1461
3800
8380
5464
2637
10910
13270
12067
1207
1920
6333
5567
8538
11801
10442
3010
10663
2047
958
3994
11999
2907
3553
12187
3622
845
1802
855
4926
4675
6681
7365
5886
6418
561
9653
11931
13153
7327
4296
6088
5426
2466
6046
2955
4539
5028
10864
13307
11462
9056
10104
3298
12907
10295
1867
9882
2041
6821
9529
11404
4956
10497
2532
1495
3567
1730
3867
3019
3719
1832
10399
2949
7406
2421
3587
2828
12669
4444
4061
4669
69
10587
7348
651
9203
1145
798
9370
12507
5558
8665
3469
1229
7305
1699
520
9800
9356
7891
8427
4276
4005
6874
5524
6610
258
6553
4589
228
2383
3101
3099
7011
500
12037
2061
8922
9024
2042
9117
8504
12019
5068
6027
2303
1666
7597
7719
1555
7126
7424
11378
13094
9889
6922
13243
4929
505
10530
4085
3039
10466
2483
3070
529
28
5071
3565
9378
445
9156
8791
4652
2696
479
10580
9
8611
10817
5373
6257
2410
57
9759
5838
2362
635
4738
2104
13342
4865
10616
8167
13322
5670
1862
11524
9231
1927
5376
7117
1436
12802
1078
13250
3033
10221
236
2135
953
11439
4906
5693
3451
1576
1532
4528
336
12203
2136
2657
4398
3420
4946
12697
5389
6528
3403
725
5122
8518
10720
9595
4148
7962
10099
9496
10975
12452
7041
590
9161
9452
12047
2642
5490
6516
5015
1143
1266
7821
12084
12547
1692
12326
8802
240
454
6857
4907
468
12918
733
9264
11102
10934
8759
7185
2722
2342
8587
10244
1971
12101
11627
66
3716
9307
10245
6289
1775
6396
4912
11170
12063
4772
5087
9644
3767
4385
10847
449
8744
11523
5428
3476
1907
12139
1012
10745
3394
10571
5891
6750
778
7134
9233
8092
9267
10414
5998
6927
6869
693
2025
6549
10622
44
756
3088
1619
2542
6839
4977
13053
759
232
10957
7462
13117
7050
2007
6627
6000
3880
9479
11330
11480
3705
3927
12921
13376
8597
7937
5210
1051
208
11579
1194
2919
1383
79
6737
12781
5895
12740
2140
10747
3577
1102
3581
10499
9601
2515
13319
2073
1022
13334
11059
3861
12788
12104
2278
8336
9365
5414
6759
1600
11641
8715
802
5828
6350
9009
9494
4844
2226
4452
8614
7908
11551
11823
10122
4352
8942
963
9369
4436
10866
11072
333
7907
12573
7648
9069
5285
1350
1629
11760
13225
10011
2121
601
1376
8687
3557
12466
11386
10145
8349
8301
7708
4394
11778
7517
11318
8646
1045
7410
13305
3912
560
3988
3223
6154
2180
3231
3232
4263
10588
13308
2635
11131
10019
260
6545
4295
6539
2699
8035
6064
11132
10521
6026
1566
4815
10268
7422
935
11032
3396
1488
9593
8819
5671
11972
332
8039
13171
4967
5314
6930
4190
5062
11882
11189
4716
4168
11701
1391
7795
6131
10469
7420
13126
4629
11196
12935
12448
5332
11730
650
1280
10128
11113
263
9775
9122
5546
9738
526
5293
11286
2856
2397
7072
5117
3499
1583
2886
9829
11146
6095
12228
5290
1858
10458
299
2683
9570
10400
12095
11717
4018
1554
4578
11256
11440
2093
7783
10949
9654
2719
167
6279
12244
9083
10444
9808
5943
3027
8433
11445
9114
12687
2187
5640
10912
4941
6475
5124
2861
1479
4490
3157
5282
8227
11423
11090
7433
4534
6834
2920
10984
6395
2197
8963
9957
12586
5754
2216
11755
1781
8355
13221
2359
7893
704
8324
11014
11985
1499
12094
290
2357
3789
12431
3543
6912
5229
1482
6221
6513
7722
1134
7388
2630
6189
9124
4379
415
8218
11975
536
2936
4487
11457
8233
5444
1179
6865
6580
11219
623
10223
1478
5171
11357
12350
11349
7631
2051
3774
9320
13350
3864
5217
13119
6855
12500
6080
11800
6629
11076
12032
91
9956
10539
3969
5013
5988
2627
1635
13335
7373
6102
2236
324
7274
2761
1347
4888
6741
7830
8991
7010
1825
8091
11623
11438
9079
6503
7733
2398
4783
421
6717
9814
1501
2533
9508
4032
9061
2395
10655
9016
8025
13261
5976
7138
11173
3714
6321
6748
2710
8531
559
12926
9874
5855
1669
8987
3412
13287
8309
5146
3624
3910
5318
4561
2462
12619
12719
12026
4215
7196
4736
1794
7069
1393
8622
10633
3218
10293
3524
4156
11158
11855
10049
2426
10844
11000
3357
8485
3945
2334
3077
3778
12691
8554
3856
797
11125
12437
6209
8263
2343
5127
5380
3993
9084
7897
4246
11202
11631
11710
2465
9180
9526
8038
9708
8131
7280
11795
5159
1756
9341
611
11544
6774
12825
11133
8
1160
11567
12949
1943
7976
4989
1068
12266
4709
4920
5004
1831
6055
9979
9981
7160
3744
4445
4833
6476
11682
4802
594
12456
400
12069
10913
7346
10302
3829
1972
5094
3405
5528
3424
12969
4185
9565
3130
3626
13313
9762
9042
2114
2644
6753
4988
578
9057
6273
699
5433
7178
9909
7099
6072
153
4384
2738
3578
4021
9472
10919
9435
11928
7227
9728
2969
1345
13140
7223
12454
9305
8331
11079
9366
8654
6966
10498
1683
3951
8059
9771
12012
5990
2539
5291
5163
5486
4133
12589
2557
7007
7668
2660
5856
9183
7051
7219
2260
1071
1890
2217
8001
613
5530
12369
11238
9313
470
9767
11600
6845
6810
2229
4187
2960
2022
5686
4730
10149
10583
2841
5267
3886
10862
2760
6683
603
3031
12944
12328
8736
9121
10307
972
4328
8065
3874
13233
9718
6464
11208
3098
1492
11233
7910
1362
8447
8707
7654
9657
12159
2745
6042
10319
1664
337
4218
661
5498
8332
8655
6662
5248
12857
8082
5583
7642
6831
6660
409
10278
7781
12486
8993
11489
2394
7827
3030
1089
3358
4234
9019
3777
12195
10946
6190
8698
9684
8526
3127
9310
7048
1200
9538
10432
13175
734
5325
11335
11156
6223
1592
6236
5945
2212
9187
9936
12313
6148
1122
5775
5319
9658
9111
7909
11923
4004
11479
10133
6505
2643
11087
11690
341
7635
13087
10921
9620
3548
5233
10111
2649
7082
6385
10349
4355
3389
6235
7489
9530
257
11117
6468
3677
6572
3180
6680
8289
6771
9667
5799
77
11190
8893
9500
3860
7743
1626
10037
8824
6809
11086
8201
12478
9138
13163
3187
7304
876
474
12855
11613
1008
11165
7073
801
3271
4333
6709
6793
1148
10954
7397
4446
12440
9567
59
11358
5851
6876
10516
11729
9786
11495
6445
4819
2411
10620
3925
11526
12979
12227
5983
7220
1717
4278
10345
2585
8276
3198
7603
2606
8602
5111
4853
10083
9373
3401
11230
4412
12418
9017
3608
4870
4480
1577
6415
3596
9611
7851
3226
4612
439
6233
10101
379
11037
4585
4601
7331
5451
3322
12028
6408
3067
3849
10084
10831
2572
10123
1076
585
1546
2075
7121
10047
3035
9372
2173
2068
97
4696
3430
7948
5623
2144
12196
8346
12163
10900
1709
8442
1453
2101
4544
8996
5572
9091
5238
8098
3666
7927
12835
8752
7684
8784
671
5056
10204
7600
7796
7188
7992
10841
7545
4814
5221
8281
8308
3536
7921
8894
5134
9319
12148
6479
7261
99
5712
3215
9302
9854
12288
538
3879
4250
3510
4702
12737
10323
223
13323
11737
9209
12277
4774
12254
3392
11393
186
5098
3365
1052
12162
12405
8524
450
397
11828
3074
5101
12658
6054
5129
7390
3162
4563
2204
4228
8725
992
12925
2425
7465
11896
5237
9207
3871
11767
10107
871
3299
473
12842
4751
5751
3355
9757
11792
12775
8899
8467
158
6887
9287
1812
1612
10173
5928
9475
12204
6152
4866
3464
1750
9214
11738
5506
11577
8681
4147
892
2453
9907
8037
12798
8229
13281
4651
12415
6138
12343
11651
5084
12015
11455
2614
605
7744
115
11424
7116
10445
11712
11847
1877
3132
6813
6723
9461
8237
4225
3664
7957
5562
13197
11285
8369
5493
8680
8007
12347
10045
12334
13362
1988
5437
2032
12255
6888
481
1340
330
8568
9429
7608
12966
7153
12322
9598
80
11280
12003
9946
12433
12643
9730
10303
12866
12406
3823
1484
12886
8841
5910
7558
9822
4557
5420
3518
11531
6491
7242
11756
13006
12970
1400
9788
2997
8751
7437
9442
5504
974
1615
6158
6615
7086
12916
10782
8717
4674
13051
8479
5252
11543
2681
10214
13105
8838
6032
4254
9887
7989
9028
7236
12874
335
6494
9232
9014
7498
7505
847
558
3836
5442
1538
1165
418
5903
4683
6724
2916
4550
5401
3738
6325
4418
4597
10660
10532
12469
11860
7959
5063
9133
8181
3414
10254
9612
1490
10389
11940
5178
5803
5212
2800
5906
4092
5692
9774
12622
7238
13108
12120
7653
8463
3095
12596
6541
10698
9255
2746
5334
5196
4825
3475
7347
5735
4824
2525
10867
129
2036
3814
6589
4380
4826
11757
7941
10899
4461
2977
1574
3507
7282
14
264
1548
3739
5106
10674
8528
1556
718
12324
6558
2849
10541
8771
12810
6570
12861
9074
8539
10032
9425
11077
2239
12435
9110
10443
12207
7182
7878
11533
9127
3388
3841
2623
508
8491
4762
3546
8416
1377
12757
10427
4198
13203
6480
1449
4387
8250
3082
4024
6212
11007
5491
10751
1504
3225
11326
12720
430
448
12229
5330
6769
7374
12998
4868
1429
11564
4592
9491
9639
12161
10015
11813
2814
6586
9832
6868
9913
7306
12319
5730
10140
9988
134
10972
5168
6010
8314
4264
211
1994
1327
1638
12034
3366
12080
1547
6757
9745
8901
10548
6584
624
2478
8164
8458
2273
3491
7379
9549
1910
8730
11966
5053
9963
1427
9886
280
252
3196
6756
10459
4771
6760
3308
3159
9000
215
1998
5496
4648
2777
6740
1727
5644
7790
1833
4028
13054
5779
7085
7526
1902
12587
911
4914
6791
3640
9143
8394
10814
4605
2596
8274
12013
7241
13276
8020
587
1048
4795
8498
2237
5328
2413
8312
11820
10568
2486
12961
11528
10536
10581
2590
10267
9502
8472
4876
5220
1724
13089
2895
10729
8154
6605
12823
1294
3383
11486
10505
996
1884
6030
3313
7205
2527
9262
7788
9665
6701
3073
11491
8545
1977
7002
5029
2787
7310
4827
8589
12834
8897
10941
5355
53
10500
8878
1888
5135
12178
11697
4111
3894
833
3942
3431
6364
11768
1272
8924
136
3707
4031
7559
8483
3589
5633
166
4695
7413
3056
3166
11830
12797
11451
6593
2311
8278
8734
5597
1643
12483
11295
9827
3747
12417
714
1975
4290
5611
12321
4408
5244
1003
928
7958
10380
1105
6337
9997
8334
5866
3304
2740
9235
9112
1700
6612
13028
1795
12867
11487
8856
10000
5690
2401
9884
12713
7016
13339
4249
869
12491
6991
3417
5638
2901
6342
9782
1859
8592
3656
8520
4106
10322
107
10737
8492
6533
3693
4777
5286
13253
2191
12208
7367
5077
12301
4951
6909
8152
1018
2733
8879
3699
11892
1326
9476
925
11136
6601
1124
9546
12910
3687
405
7573
1814
719
11684
3252
192
7766
2139
12128
7022
7679
2902
514
11033
1806
10780
8335
12943
12880
11622
9855
4998
3285
7982
983
10435
4303
692
9679
3131
11367
6925
6685
3918
10930
10131
13015
7271
9583
12420
12865
1149
4609
8400
5287
3602
11485
2066
4511
12079
2429
6679
11306
2132
8844
6938
5388
13130
817
6238
9052
9640
7904
3429
7872
6538
10362
668
3899
4741
8034
11183
4620
8192
4064
8405
11317
12930
10654
7576
6985
9846
7709
11863
9543
8186
3628
9400
5222
7324
783
2227
7838
6021
5714
8354
1942
11943
1126
4142
4881
1303
7372
12514
6886
5453
976
934
12568
9065
4818
9695
4282
9363
2947
173
8328
8090
11789
12851
11803
1830
11821
4069
1464
12525
1321
2089
8516
4753
8513
9939
12134
11565
7628
12233
13098
3314
12392
7934
6786
12532
6668
1445
1475
350
10559
12424
9167
6935
5060
12543
1580
10876
2736
5406
6471
12744
6378
5525
6854
12621
13086
13364
2544
13014
793
12824
8742
11069
12550
7718
9789
4464
12882
1941
6970
1293
13011
5656
5182
2162
10241
13113
7259
10773
7393
621
6460
7797
4011
1270
8002
9337
11595
9220
7924
12633
9793
1645
6061
721
12205
3712
6060
10553
9458
7969
8030
5
7382
6747
1100
171
11475
7551
8747
1084
8521
6631
10666
11902
11078
8805
3397
8640
3211
3895
5840
4041
4448
13240
5399
10897
6202
2771
7852
9030
3087
11955
3115
10607
3766
7605
8205
11596
9660
2435
4211
862
6616
11745
8615
9380
11993
6126
2726
10429
416
10932
9944
9766
2219
3041
1013
4054
609
1387
4248
5270
4808
7149
7557
9930
12116
1374
2467
6606
13286
4798
7075
796
12222
7619
8347
1605
12076
600
180
3754
1329
9226
7849
11101
10050
3049
2122
12018
1765
2794
10815
9912
9081
1281
11728
8460
1826
9821
12578
11463
13005
431
13349
8950
8610
10070
644
1676
2855
3282
9732
3603
12971
2482
12571
4192
2258
7596
10086
6285
4001
8069
88
230
7253
5242
9554
9927
3753
6215
11232
2987
2709
2291
6028
8450
1857
870
6207
9412
632
9655
6161
4626
11987
2090
10225
4725
2945
4962
6044
3281
6981
2454
5136
9448
13031
11969
2422
1850
552
995
509
7180
2337
5465
3764
7057
6654
2698
9134
6203
3350
1694
11194
11068
4944
11271
12946
12534
10188
8741
7202
3996
1337
11838
3320
9105
11294
10637
6897
12039
8723
11873
6677
5387
10982
12748
3545
7319
10883
1741
8682
12401
10752
2946
12400
7839
8860
4514
4792
6990
6752
1300
8702
5470
1948
363
9878
11322
12761
3840
11448
2848
13338
11563
8307
2961
10176
169
3324
3066
13380
4424
5878
6253
5223
10618
7295
10551
4897
7164
8668
3654
7056
10816
549
8848
9189
2824
5550
13316
12965
12593
6245
10882
4687
6135
1827
114
10407
12044
9989
5517
11807
3702
244
5746
10799
2015
3835
12212
11910
4350
7530
12050
7417
3493
2541
11826
9553
188
12936
2450
3309
11171
7356
3878
4701
4266
6262
10952
4518
7643
994
13282
5581
8049
407
5745
4212
12858
1935
9089
5153
8060
12318
7977
8146
1876
6885
1967
6384
13217
11793
5759
3040
13271
4256
3793
10433
8737
4719
7163
1246
1175
9163
5131
1268
11560
3853
11346
4365
298
1187
1693
2685
5089
1887
4483
10199
10966
6298
9812
13344
10749
8419
3501
10415
9139
7917
7290
37
12883
11012
8881
11559
8766
11380
12106
1815
4636
12262
11313
83
9681
4779
5742
4655
12179
2844
11751
11144
5480
11057
9044
457
444
960
6693
9210
914
5992
5747
11536
156
7135
6500
10477
1673
4236
1748
1711
8510
10398
527
8203
3971
4821
11602
4599
2055
8941
7333
6457
2796
361
6393
2316
13047
1216
1182
8815
5622
3985
5372
266
10448
3555
11418
9439
8503
6446
12320
8361
6830
6307
9170
695
3858
1602
3944
8016
8985
2086
11410
11736
7332
3352
11162
7729
758
6229
7935
9047
3415
3500
9597
6474
10531
5544
13201
2165
9041
6163
10028
2274
13002
11447
926
10915
13183
7665
3244
427
12388
11598
11719
12715
6174
4184
2701
6634
8835
10636
2143
8338
8063
2948
10983
5715
5300
13143
2356
4451
9635
4492
2238
11123
9777
8184
1014
4260
774
2213
12639
8907
1031
2228
10337
9477
9758
13288
839
6818
9687
5216
9263
4425
9076
6794
1607
11680
712
13292
11003
1598
5197
11979
6710
10248
12542
7279
6441
4100
13116
2100
11081
6196
5476
6008
4917
11469
10807
12657
875
10753
591
6231
9120
1477
