6318
3110
11430
486
819
1099
5961
10038
6047
3549
5446
8280
6509
6633
11411
12854
7960
11720
1163
12114
776
2459
878
4057
7691
6674
1747
1931
6961
7198
1591
895
2405
4158
7226
824
5667
4712
5008
6414
4560
8283
9859
11426
7740
12259
12994
10191
3958
6470
4327
5794
3229
7209
5822
11058
10202
1276
8629
8845
8087
7511
886
6306
26
11328
11653
9396
6246
4258
3960
1979
9148
9159
12269
3290
12278
10073
2930
12309
7602
5984
2287
12258
4840
1406
11771
4008
4119
1306
1401
12245
11045
1632
7113
7547
3939
7683
435
2918
6653
5631
11824
4332
11366
10812
10209
6914
9755
5561
331
359
12356
8840
3976
7174
10648
11976
10999
3112
11303
4985
429
1199
7905
8945
8121
11188
10658
997
1685
6594
12429
11281
4806
8974
9723
13237
1035
1181
9486
3625
8690
5773
2721
2431
10217
11028
10970
1468
1283
13154
5324
10055
2802
6116
89
5170
11362
561
4248
6154
996
6028
6831
9657
8751
11076
12104
585
7648
2606
10543
4142
8492
6865
2544
13253
2886
10900
5223
11194
995
11171
2848
10433
7643
3878
6307
960
10176
3040
10188
2165
4599
10337
3764
11838
7917
8668
3914
1818
4079
7460
6128
10156
19
3890
12967
2416
464
4237
11022
3398
5065
6919
6785
347
4812
10682
7650
3465
4846
8003
7531
5142
13155
4115
5377
7929
11127
10947
3701
16
9316
6252
11434
10591
1782
6691
12359
8275
10386
3863
9504
5620
2365
13185
13314
355
11040
4224
8618
2834
4188
8366
6240
2900
2934
11802
2233
2951
3920
10991
9628
4500
1128
6986
2986
3411
9422
4322
10940
2678
7535
9706
12344
9059
12850
6392
12675
9176
2280
12954
11493
903
3146
1164
13329
2927
5429
13157
1486
6546
5816
1507
4084
9022
3474
8910
8986
12597
7269
4624
2508
2984
4414
12355
4447
344
11502
2553
3224
664
9621
5316
2354
4645
9333
11218
6185
9358
4460
6050
1761
446
3639
2072
3725
1656
8675
6274
3670
10787
5454
3433
1265
7165
3463
8104
9175
9426
11060
1960
11797
1628
9381
4797
6560
9559
4961
665
12127
7661
4630
12363
3329
1677
11679
10484
5848
5914
4429
2538
11758
213
12201
8453
4308
6267
4003
12186
3439
9924
6951
608
681
5604
2160
11586
5243
5443
630
13091
4954
4453
9165
9299
10081
1379
1999
1098
7845
6695
12695
5039
1579
8956
10110
4522
11766
636
7858
8212
2976
3641
12953
5829
3402
6602
9275
5944
3919
1510
10058
11051
12113
5392
8464
7329
5601
12742
10105
2201
764
8206
293
3791
5554
7583
5402
6125
10411
12776
2167
5999
7657
1751
10610
4015
3766
7282
9233
9435
1436
1479
4487
6750
9913
6138
9886
5490
5135
4716
9936
10919
4771
4753
13105
8301
5572
5671
526
8922
759
8838
5
7259
4534
9907
1175
8016
10816
13355
6237
1815
444
7333
7180
509
12212
6253
3724
994
3066
5992
5476
9047
6474
5470
13292
8907
5372
244
10749
527
12883
3324
12262
2213
5250
3251
11590
2106
5031
11872
11912
11152
6787
11323
3678
12164
8050
5533
12554
6561
345
8024
3448
13022
8404
12133
3149
5760
7837
9958
2929
8459
4829
11709
9182
8795
8333
12293
7401
12351
6281
10242
8828
3484
2439
317
5416
1934
6096
7513
131
10802
12674
8855
8235
10950
7488
1463
9690
1770
127
6999
7732
11655
10615
8456
12046
2267
8775
8671
11428
811
5875
9077
2027
13333
7445
7738
2700
10649
11309
3612
11718
13034
11861
9727
11864
1364
3270
13192
4137
8652
8884
8115
4465
13297
2302
11261
2573
978
9199
4306
7402
6488
11398
12088
7850
10833
3908
8026
11929
5682
571
1316
6971
8017
9865
7140
4910
3734
6904
12782
1215
7710
1408
7228
11865
8311
2130
6458
12768
3569
8044
4666
3689
8374
6107
4476
5592
2888
10594
9377
865
9032
9876
6251
5539
9297
1057
10989
2299
9923
2882
13072
8198
10750
11607
6155
11535
4255
8006
562
4658
7707
4562
4972
12752
11941
8248
4859
8279
10742
8650
1787
13147
11389
12893
9301
9393
7979
10282
821
12594
5022
10377
387
4221
8776
5194
6439
5629
10977
1799
10394
3653
12852
3160
6718
10009
10645
8692
1918
417
2735
9053
5602
4277
8226
1749
2612
4347
11648
2893
12384
12224
11477
771
1237
3885
3205
8439
12124
375
4252
2420
13248
12615
2747
11141
13019
888
11963
12464
3755
6077
6379
8525
11046
2298
13312
13325
6197
7533
140
1659
5586
4314
4891
13149
12451
1033
12314
6540
12716
1127
842
4573
6596
1291
4167
138
11854
8758
13245
12911
10471
2521
6607
1043
5953
2708
939
7102
8935
11981
8489
8163
4555
6119
10504
4785
2694
1318
678
4994
368
8537
5666
12267
837
1551
12912
7978
3466
12181
3432
10465
9026
4164
9750
209
8162
787
3984
76
6100
10617
3455
8288
8116
10830
10920
2575
2724
6164
10748
518
3735
11297
8940
12130
11111
9295
12338
13060
13045
12033
825
10776
4525
9003
1912
5571
9714
9470
4807
4887
12631
6547
5400
6600
597
1324
4120
9434
5061
8086
5832
10487
7425
12496
1267
12300
13017
3598
10121
9451
12248
9893
8598
1896
5824
432
1609
13249
11615
5090
4208
3148
12812
2392
11614
6263
6980
2331
12022
12477
11903
5009
3106
8385
9652
10858
3275
10651
2300
6137
12419
8158
5058
4386
6339
3660
4375
7405
1973
11601
3600
8864
6896
12180
4536
5650
6173
12881
6706
1385
1019
8586
8793
4640
2373
8012
8750
8223
920
10112
9873
8820
2574
11568
6124
4596
4016
7901
3655
12311
4421
5989
2601
7813
8882
12974
11203
2003
643
8413
1798
3961
8553
6213
191
3837
10247
1900
9656
1173
667
12253
12059
4992
10611
13378
4186
8672
9539
8316
7456
3568
1414
3453
9070
5305
3901
3276
72
7137
6451
5890
7434
8889
9144
4013
82
4359
7808
8480
1247
1835
6755
4157
10885
5937
3708
923
5390
3845
5701
10951
7503
12843
9996
7984
2753
9850
645
13101
1614
2767
11419
9312
9904
12533
1040
7192
7186
11149
998
8764
1561
13037
8169
7644
7755
95
5647
1633
10454
10877
4894
2183
11492
10734
5105
4867
34
5202
4885
12294
3759
3802
8383
7493
3078
11390
6049
6636
5353
205
2940
3922
8808
1274
12436
2387
5675
6827
6331
12132
5641
7229
9039
9843
6120
23
8508
6775
5850
7052
3165
3037
9157
2832
13121
12807
766
248
4036
2463
10599
10828
9106
5600
11031
5711
4593
10392
2781
9248
884
3669
11546
4472
8930
4159
3273
1704
11070
4134
9724
9711
7285
31
10151
4755
4083
4689
428
595
9405
7446
3120
6707
1197
9575
1314
1196
4203
4855
12997
12777
11047
5265
12696
7030
6015
13125
1710
11075
11254
3792
6112
4289
10692
13046
775
5658
7587
589
8957
11555
1368
10457
11656
7053
6976
2457
574
5188
206
11371
10586
8999
8100
12403
9252
889
11906
9490
2124
9673
4019
9837
1905
6489
823
3301
9662
6504
9910
11990
3523
8733
12604
7724
2808
899
7752
9217
12053
6291
8711
12623
5560
10887
2192
8621
9547
9145
10755
4842
10549
6907
10292
7435
8659
6870
128
13063
2149
4676
13210
12149
12751
11383
3172
1881
6926
13326
5801
9643
2706
5500
12108
9522
4931
1290
10792
11899
676
984
4540
697
5563
9972
10851
6795
7812
7299
3125
2153
4502
12933
2750
6917
5323
655
12985
2214
5227
12929
12096
12562
1348
4411
6882
4194
9663
13169
8084
2956
7487
2568
7231
10840
8089
533
10264
7199
2393
11237
3909
13026
1523
3556
11168
8606
11425
3291
4690
12750
1108
10326
433
3519
5503
318
4143
2519
2372
2097
6344
5884
5494
121
10523
11816
7394
4559
9398
8326
8929
1734
12091
4471
7017
11839
7066
13188
9701
5627
5815
3559
4878
4703
12211
3061
2974
860
13187
12688
8137
8666
3621
4317
1543
9364
7870
12868
12066
10065
289
2730
8481
398
12129
9080
4046
1593
12089
11759
10077
6114
3181
5655
9592
10197
11951
1848
8159
9257
4144
12950
8529
3790
11746
9943
1695
6360
12876
8399
7527
1460
921
13023
11416
652
11399
3083
1025
8445
4756
10766
4968
5228
2546
12381
7868
5114
12931
9525
6168
528
8679
9391
7611
2528
12372
6566
13211
11973
1273
7344
3171
12555
9969
6689
7107
2102
10138
990
7441
10096
8327
12722
12225
8392
8213
5970
7318
6864
8268
8638
12956
8141
12940
10673
7563
7720
12672
5843
12336
10767
1218
6109
6421
2142
12302
6255
9162
9443
10688
10227
2222
9691
5180
627
3531
11143
2847
9564
5913
389
6998
7702
12938
2570
4735
9100
6486
7975
8978
1793
425
4420
7276
4169
11520
944
7871
10027
399
5045
1868
7349
1476
11181
10843
6644
12564
3526
3293
7284
13173
4316
11030
9630
7831
6390
8270
6449
3107
11329
10342
5019
9428
116
5456
9752
11257
3341
5577
7309
9123
8051
2078
7216
12264
3648
6736
4280
9194
6087
3801
765
12567
12709
2662
7023
5383
5809
9801
6726
4173
7114
11642
8290
8379
7604
1541
13278
6749
6678
10928
4711
8505
2779
1866
2536
4509
10935
12546
5365
7931
1655
7211
5703
8028
8663
4871
7528
12379
12640
10995
13310
8745
13075
10476
8382
2659
7822
596
2
4911
1545
9128
4010
9211
1198
5007
3884
13300
8572
11685
8496
10320
10573
4407
10346
1771
9291
626
11732
1618
273
3046
7283
12502
5726
531
5107
9417
2826
4660
12920
3760
6118
3182
9376
1526
10706
5965
10672
2368
4405
1372
2742
6108
6910
10667
6666
3846
10069
8471
737
8465
498
1079
11153
4259
11009
12257
11548
10529
11251
4094
12895
3144
6290
9790
5256
8576
6814
1567
4754
13033
11038
8938
13299
9102
9308
11780
11984
12903
1110
6614
8364
9741
4659
58
10159
6269
11310
3562
10609
7501
7491
3936
1536
12315
8818
8821
6068
7923
11994
4571
10478
8998
11534
6530
12485
648
12105
2094
3832
2555
9959
6123
584
8093
154
1559
4973
805
10525
6702
12869
11667
7018
9513
4343
11569
1889
10638
4367
5669
9671
4813
6419
3459
2688
12373
10180
2270
12673
2763
12689
499
239
9108
8217
1899
2123
6424
11650
5753
11370
342
6875
4693
13182
2174
8852
1860
12690
897
12430
6696
9734
7494
222
5957
4038
6220
12250
10924
2128
5672
2658
2671
8292
12082
10102
11300
7502
1503
1916
5511
11958
10834
12699
8350
9051
9367
3779
6250
9947
2862
1871
269
10800
804
2770
5042
2959
3460
4543
13194
2827
6305
13049
641
7739
1706
12472
8637
6048
6205
12412
3400
6195
900
2210
1113
5412
8677
3525
63
3533
2352
8790
12602
2621
1681
6987
7769
7292
9031
7044
11582
11013
11116
3044
10316
10509
9406
8913
1863
1357
4033
8847
4734
265
101
13082
3155
4541
10384
13062
11016
12482
2063
1154
9824
1991
7946
5786
6856
11085
6
9087
8297
7179
11616
10174
7473
4315
1428
11228
3219
1586
3349
548
9934
8148
5479
2548
3152
9150
3376
6172
3521
835
6224
7264
12051
2973
13180
9073
8970
6841
6493
822
7764
8728
10041
5508
9952
11707
6340
1178
11918
9223
1070
5578
9184
6498
6052
881
4053
6983
4847
11695
5487
5311
168
3729
1446
13301
11852
9392
11456
5923
4063
7832
2381
2873
163
1928
2272
6676
1909
2903
8731
12303
2530
1439
8484
11148
12056
4324
2313
8635
11519
9550
2491
2412
196
2218
12558
6511
13200
1557
1625
9844
10879
3883
4570
3423
282
5926
3452
1448
9104
1919
9481
1422
5034
11835
2748
8688
376
10606
5463
7575
11570
5818
3512
11770
10033
2675
12928
8367
8928
6348
7778
5445
1117
8898
6783
8176
5230
204
118
7846
11741
927
10488
3975
4567
8112
2607
11005
3544
1540
10387
4938
682
12111
2613
882
2860
9585
9395
4051
8700
4769
1380
4340
1829
2432
8133
4268
2353
11397
7235
9339
10832
582
10491
5532
7544
4839
10764
2163
11708
9845
8434
7478
3075
3378
7857
10730
12310
4804
10872
11673
11151
11889
10160
10873
4830
1080
12986
2933
7217
11700
5719
7277
6374
6208
5531
4925
8267
1114
5750
6040
10595
6526
836
7963
10725
9925
10318
3616
12771
9137
9096
13144
2554
4210
5356
12490
3436
654
1123
5391
4035
11594
6425
13263
9459
10871
12841
2829
12520
4475
2261
6646
1047
12733
4193
10222
6319
5108
13052
4197
12217
7340
7686
9322
9971
2979
11220
4617
3390
11120
2456
8138
4997
3935
5610
3202
10826
10544
9505
3287
7701
11608
6368
458
2335
7782
507
10700
6582
4329
304
8887
8172
12349
12795
8260
4172
142
2830
4966
9155
8575
1331
9315
7358
6413
12978
2514
4720
12083
4662
11337
3426
3259
2082
9103
8166
11332
2305
10004
7450
6296
401
13204
1552
436
12156
4594
12371
495
6410
1471
10363
2458
11904
2330
4356
3888
9754
4253
85
4791
588
4233
3564
2391
1986
4930
7297
238
9006
7617
7726
10382
6619
3718
8352
6956
9548
9986
3826
3684
8782
9521
12223
6574
1740
6143
11304
3139
563
380
506
5858
6129
5788
3502
1498
3494
1341
9819
1034
370
12249
6911
8497
10347
803
8310
4155
1716
12505
12304
4485
7409
1395
8378
12455
1065
6688
7411
13220
10695
11883
4470
5806
5016
2537
5827
2549
5313
10054
1996
11890
3213
1349
2704
12341
5947
11273
907
6075
1951
12905
11859
5021
81
5608
4123
10927
5386
5150
2610
4373
161
2966
1365
4908
11775
5596
10738
12888
4505
12385
149
7731
10860
7592
519
5736
6292
3586
727
12612
1201
7770
7581
7834
2632
10163
6690
11968
2674
8066
7758
4767
12973
11694
8686
3943
13001
2031
10034
3691
7288
11645
3330
3076
9399
4789
2346
6437
3017
6361
5929
10249
2380
7994
3316
11353
830
1090
5126
8842
9501
2306
4729
7162
10208
5206
10601
1285
3235
4590
11388
10997
10103
9753
13146
9387
5982
219
311
18
4942
13202
1269
9984
4449
8967
3537
5310
4924
8927
755
867
3740
5967
1773
7024
6084
3331
7078
6156
4832
5381
4857
5673
10109
5057
3683
11597
12735
9590
11619
7359
2495
11221
12017
10888
7031
2615
4440
1670
2262
33
9883
1834
2452
5721
7148
2874
9048
5404
262
2175
4717
1965
11884
9510
12816
622
1442
13352
642
12552
3509
5845
4149
4265
7313
7950
6738
10218
10937
789
13029
12527
4484
8174
10402
1082
10117
8613
9204
3902
6704
8421
7058
8443
12644
10125
139
4964
2438
9637
12238
11932
1384
7330
5922
11862
12535
6873
10153
12541
11750
4613
2125
1333
5881
271
1322
12493
4969
1023
3009
480
7529
1950
6483
10091
10522
7952
1819
3757
1205
5307
414
5255
4864
2161
3126
1558
9898
5918
3875
5164
4556
9153
6806
5537
11321
5768
750
12582
7443
11817
2752
6993
4166
10166
6005
709
12649
1225
5262
9828
1840
1722
7660
7047
2577
3105
10025
7516
8710
11671
3560
8482
2481
7811
8767
8403
11887
11953
7571
6554
5347
11625
1772
13043
10030
13369
1622
8895
11572
6552
437
2576
5247
10948
4090
7320
8716
689
8955
8323
9480
4510
2715
9710
2707
4102
5333
5231
5203
10659
7157
10797
10186
12183
4775
1796
11949
1892
6568
1371
12723
7302
7776
8604
11352
12270
8854
11442
3265
1764
3348
4023
5589
9976
1411
10076
2297
3001
78
9696
12605
12137
9897
8875
8536
9116
1617
1077
1359
164
3973
12426
4312
1466
10272
3393
9622
7128
501
553
11505
9756
1185
10021
949
10791
7512
6805
10566
3870
13141
8046
10979
8013
10424
4214
7451
3798
8760
956
8254
2889
5696
8432
11210
334
8535
6772
1133
7245
10898
9374
162
2326
4990
12765
9921
9190
7794
4366
11669
11982
5177
6651
2498
11345
1489
8300
10046
203
11575
11639
663
8738
11226
8678
3956
7578
8814
103
6542
384
9060
1606
9892
6495
12902
2622
1041
7467
11681
1913
7191
1616
13360
12686
9205
6959
12808
13284
9107
6183
275
1190
4026
12710
1686
8126
6722
3325
7543
8340
2875
13268
7586
9760
3381
10266
1457
1882
5605
3109
2755
9314
8136
11043
198
2247
4012
1657
11857
11471
3174
5931
3140
6406
12806
7615
2490
4240
4497
4934
8064
7207
9885
10106
10971
10709
9283
4151
6890
3831
8108
3421
1769
7843
10507
12526
828
6376
10565
4108
9129
5538
12467
8036
10481
2246
4284
11808
6440
12845
5003
2786
11888
13160
583
11938
1370
4441
11406
12188
391
3658
13309
9815
6967
4724
7771
6626
10418
7296
12638
5138
8574
1846
11605
9230
6394
3713
1743
7376
634
13016
1560
4656
4098
11959
11379
930
1067
11464
2360
4606
10874
7155
7193
3016
5720
2869
2348
1361
6522
1121
7354
12243
1315
887
3179
6585
9421
2820
10777
10311
5598
11139
10884
13247
11980
10194
6618
5811
3977
8823
12551
7913
7479
950
51
2744
11167
4205
8105
1404
8917
12684
12492
11853
11180
7780
3438
863
11114
7509
10875
12425
4598
8103
4799
494
5384
5363
5337
10048
11676
12626
687
11659
12038
2526
10784
5408
9682
12010
3064
6851
3806
6640
8552
2037
11350
13056
1652
12739
12617
3047
10554
9781
2304
11177
8588
5950
6796
8866
3795
7322
7625
8185
7256
8772
12487
3647
4136
5349
12409
6204
4209
1701
12721
9351
557
7646
4932
7802
7656
4591
10958
11029
5070
9151
1610
1776
3662
5804
542
7419
2464
2014
4549
10040
8411
11557
5728
1075
13048
7343
1784
7423
3207
8302
7328
9742
9596
148
7637
6357
4512
6266
1493
12395
12055
4965
7213
5289
3775
9276
12115
10148
8262
5176
8376
7371
2806
8683
2479
8989
8208
5166
3361
4195
12591
11343
5559
9588
11104
4787
7980
12780
6836
4125
1662
11385
7243
698
2818
6948
10869
5699
4718
3604
9600
11266
9802
12450
7092
844
2442
9604
12008
10447
2279
106
9914
9136
2823
4161
2477
2127
10461
5920
1183
202
8109
1056
7334
9021
8590
2935
7362
6271
11155
4114
6355
4116
6029
10300
5099
10835
12755
1791
10662
98
8850
7222
1328
12279
4517
7083
1613
1807
6169
1893
11744
8140
5482
2995
12024
8189
8272
9188
12556
954
5495
10818
11798
11897
5744
2739
3054
1238
1623
4854
8639
3805
3209
1569
3404
2475
7060
8209
2396
679
12760
10473
1144
6020
11731
6438
6275
7171
13018
6891
13039
10001
5974
11461
11026
10212
8765
11459
6924
1651
751
13327
11109
5949
11609
8353
5810
3470
8451
7061
6789
5000
7884
3601
7490
9086
9158
7034
10768
5046
6684
662
7150
11867
10719
7470
6391
8077
6004
13139
2283
5489
12692
4372
6294
10917
820
9624
3582
1983
6969
3007
2703
13265
12848
10987
11499
1456
12732
7430
5864
6184
5044
9668
5935
4297
1394
9379
7518
4515
8694
5158
3508
4681
7325
9239
8778
7281
10486
6536
5411
8337
5948
11497
10371
6557
7925
4049
9615
10351
4987
6564
2850
7255
8578
3921
6447
7307
5802
7218
12237
6575
4731
10665
9025
6453
2171
1118
4152
6310
7553
1527
6346
3022
11308
10261
5219
7673
9533
8994
2215
1277
10576
3247
8674
9692
8519
11603
9440
12789
4165
478
1675
9246
10269
10150
2598
13093
6218
12239
9430
4877
9389
7728
10483
10378
10044
11587
1029
6432
683
12991
11844
2664
7471
2608
6792
3940
6329
7949
5208
7339
8616
13151
7112
3903
3772
1366
6019
9066
7539
48
9335
3186
11514
4176
4037
11677
4748
13021
2118
8984
7765
3266
9242
6134
5900
11722
2336
8426
71
3842
6484
6658
7658
1093
7225
8558
8322
2449
9902
12904
1906
13044
4455
7407
11376
9285
5634
11617
13272
2749
249
6130
5981
8749
2301
854
4831
10728
1518
4758
1044
9651
10788
7800
5051
11470
12758
170
8095
9677
10723
10501
5997
710
13264
2390
1992
8632
3161
3006
11691
12701
11611
12407
4848
459
12655
8718
11287
1564
6472
6617
8147
9574
10189
12989
2991
7427
9960
10287
6597
8630
5725
4532
9826
10765
2349
12036
12057
12528
3340
4393
2775
9469
2865
6166
7378
10625
11871
12441
174
7805
1922
9940
8902
3928
9905
9915
5651
11612
576
8475
11784
6941
12497
1430
11363
13295
2461
962
1226
3317
6303
7900
10569
133
10558
6735
12908
1066
5239
1980
5632
3296
9309
11506
2189
4672
7928
10739
6256
3675
9483
12475
440
11581
9216
10235
9527
2433
6699
4354
610
6388
10938
250
12635
2177
4526
8371
4952
1544
829
1263
3462
11734
1470
6804
9848
10192
5120
5340
2928
10724
11556
5475
735
12480
9941
11876
12747
12503
8931
6773
9542
7639
5344
12190
2418
4067
4467
12917
4747
7574
660
2489
4547
10085
4619
11901
11727
7622
6182
9193
3441
9945
11253
5907
1718
7067
8313
12276
3643
799
9063
3617
2835
7734
2137
4943
2345
1081
6519
2158
11776
4181
2404
6022
152
11588
9866
5272
4435
2310
11909
307
8868
469
677
2579
8173
991
8548
2772
9437
8906
1966
12307
3038
9013
10914
874
11465
7649
8785
8344
9634
11473
8156
8437
7706
7477
12172
2727
2339
2754
8440
3086
952
3435
11782
7876
1841
9397
10016
1688
6531
5960
12770
3782
11402
2562
1729
3410
1792
8798
7298
9607
8583
4757
12216
137
11978
11276
2193
10396
12941
3574
496
12422
4927
2111
6798
706
9868
7345
3911
744
7889
7252
8836
7762
5820
12282
12446
6401
12656
12654
3347
13371
9737
2060
3267
10711
11124
8242
11174
4817
2400
4055
5707
2896
6587
10598
395
2223
11967
11870
6960
12092
12610
2493
8231
6277
4978
10203
8918
4232
2597
4009
10275
4566
9495
4654
9419
8509
6518
4495
894
10308
5499
762
5092
10074
11960
2152
2040
10201
10373
4850
12171
9474
2531
7519
4213
8903
6249
11832
8178
11490
4454
7695
3253
4305
5639
8348
3695
12146
8446
4301
11246
1590
13257
3104
4207
8959
9416
10978
5460
12645
6426
3797
3128
3773
4809
7039
9818
1879
3315
729
3062
8890
6879
6444
1649
7154
13083
9296
7972
2043
8486
3758
4
12793
3136
7835
1849
3153
182
9623
2126
7918
8342
10680
10514
187
3472
3025
5461
3584
11001
1878
6782
11997
5519
6309
9770
1355
2087
1809
7448
5001
9321
4089
4374
13283
1358
6222
916
6086
2954
2023
1415
13351
46
4519
7122
1852
9241
11314
1203
2609
11064
8045
9438
12025
4551
8473
5689
2837
5894
7152
12636
2105
12362
2077
12354
12853
3449
10990
11267
3661
13218
5083
6397
2181
3312
3334
12241
8125
10705
8565
7932
11008
4981
2617
6312
1762
10902
11041
2221
7867
4275
13152
7436
999
1908
8319
8021
5542
6402
41
4553
5613
5011
2249
9095
11752
5394
7246
9551
6840
12232
2686
7723
9462
477
10446
12465
2797
964
6573
5594
1403
13256
9666
5439
2147
8932
11435
13120
2206
6962
7079
8947
1755
5362
1530
653
4177
12981
5769
4633
906
4520
5341
3711
3373
2376
12308
1631
1735
4338
6315
6389
12815
2252
10628
9842
4048
12175
7568
11200
3164
2494
7633
11530
5459
8128
7323
7021
3440
13214
5251
1921
10756
2684
4270
7727
2259
10527
12408
9115
253
5104
9806
6583
7215
1744
9965
87
6462
13216
7046
12339
8329
9269
4794
8580
6372
9147
229
6485
12109
2447
9164
7930
9552
7089
13107
11632
12285
3876
4631
5374
1262
2492
10661
4584
11805
5785
7854
243
3473
4244
4971
4443
3788
7861
13235
7652
8825
6104
4856
13013
8221
13236
9311
6175
10018
11977
8560
5659
7270
2255
4103
9261
390
10246
4239
10277
1585
3338
61
8573
6858
11811
852
7546
2759
12783
1497
11875
5448
11250
3786
10079
9535
3937
12296
7537
1363
581
12489
10335
12515
10703
8691
8222
2655
12942
8015
11052
1822
3250
6465
8454
7124
11765
1969
7525
3824
5936
1311
7614
7746
12265
11537
4434
4358
10184
12627
7538
5431
7572
10419
7005
3150
3981
9908
3929
936
7522
11786
9266
7278
1250
3745
2561
1821
3444
12398
11974
11301
6058
11740
10903
2650
4760
9964
2092
11361
5438
104
4432
7955
5367
649
7108
8219
7598
13167
5590
6328
2133
4704
10761
3346
11384
5082
13134
5545
8911
8757
9632
12459
12366
2833
9410
6358
4882
9215
4403
12840
2854
4874
3014
6150
4357
12445
10372
5225
13191
1409
4342
918
1853
5189
12439
4307
9306
6913
1731
5933
12202
9036
13004
6670
9394
885
4970
9616
2057
2950
10936
10340
4873
12157
2070
9823
7201
10716
5040
4170
5617
9492
8594
10417
812
10464
12646
7945
56
4883
4685
11848
10273
8341
6380
1954
443
3425
3306
4960
472
1553
785
4077
9008
10757
11195
6336
10239
3848
9968
8264
1758
11589
6144
11278
6625
3527
2793
12290
6436
6898
5612
4323
9933
11558
9447
12919
2559
9352
4834
1843
6101
4065
3913
3221
12708
7944
3706
1330
8357
396
5694
1352
6835
4958
8216
10859
8689
10262
5424
1856
2076
7090
10314
1957
11964
543
5925
1708
8177
4508
4062
2050
4124
7190
530
1139
9993
2403
4766
8005
100
5213
2840
2010
8239
12378
3210
5505
1803
10490
5078
2172
9785
1728
2581
5115
4129
6515
7570
2146
11678
968
1287
10547
10115
11178
1481
6712
1947
5543
5288
9140
1353
4488
11135
6502
5253
784
10416
7492
9519
2265
227
4017
1953
1660
6433
11509
6673
12112
7156
10283
3722
7444
2629
1733
5764
9050
7421
5874
1091
10255
1845
5199
10193
12900
5224
10494
10744
8014
5185
3986
959
6958
2852
8948
11099
5665
12651
13190
11522
12168
2938
522
647
13207
5576
5697
7429
7000
372
6905
1885
1753
39
4245
10285
3156
11942
8515
8732
9932
3561
7457
3497
10849
12070
7569
1235
6341
1104
4081
3663
9517
10880
3513
890
5119
3970
5724
13347
2058
13064
10475
10023
12727
5035
8544
6400
3703
10779
7993
8832
3217
10980
6595
4150
4604
10281
3873
5520
6353
1092
6655
772
3124
11529
11431
3770
5869
10678
6206
12499
13067
11119
13099
9888
12563
2989
8019
5831
637
2939
6242
1132
1302
3063
6837
2251
346
859
4287
12206
8896
8770
11819
2319
7879
6819
715
566
7158
7263
7640
3968
2904
11268
9949
13291
4538
7775
1777
12468
8501
3931
2038
12391
9985
453
5979
9792
11633
4131
932
2923
1861
2756
8857
3142
13368
13118
10385
5257
3371
369
5366
12274
11483
2737
4325
11094
10837
9251
2235
5770
7580
11652
1004
2877
2269
2981
10696
6687
12169
1062
5067
5350
8729
7386
7964
7626
2567
10563
3857
1621
11527
7111
3630
6153
9794
2110
10677
5086
893
3158
980
6669
12144
7792
11791
2419
64
13156
1053
10590
12005
6073
1956
12652
4417
2504
4903
5259
5966
11320
6826
5996
8833
8794
4428
11610
10231
5942
6074
5174
411
8085
8356
3917
7472
5125
6199
4458
4523
10785
3372
5097
5298
6877
9825
10627
2717
8810
11663
12154
12891
441
10256
10702
497
7534
9531
5301
11342
13079
3807
13321
938
3409
6490
1725
6613
3045
2170
3261
10690
7183
10735
3360
6778
1248
8495
7749
2640
10436
7938
8704
6335
7262
6828
12549
4267
3385
12074
10470
4251
5685
6979
5867
826
6994
3369
1191
2937
9173
3245
5859
7793
2321
3679
7337
10119
4918
6649
3260
13304
8207
9512
5921
7974
2582
6833
3477
3762
9001
7234
10060
5535
6012
3905
11504
3154
13078
10357
6317
9772
12100
5570
8667
11654
3566
2853
3892
6141
3590
6628
9978
8295
5756
9890
13057
940
2705
5688
12538
9954
2631
12745
1521
4535
5568
6650
9290
896
1381
11508
9520
12236
9125
2805
6642
12119
795
12286
9994
9168
9093
6011
5512
8976
9610
5398
10619
1024
12414
10572
11161
5626
9717
1549
11333
3413
12927
5630
4653
3959
6940
11549
12932
7203
3406
6193
13239
2375
3528
3344
5737
628
10685
12048
10743
11836
9407
7070
4406
12595
846
4583
2081
3818
10020
6492
12678
11939
5052
11004
909
8494
1158
7014
12890
3992
6018
5823
6404
11790
6921
815
4006
5854
1702
1000
4595
5299
3635
3978
7997
3965
10265
12234
12442
3511
10502
1152
2155
2857
7700
9254
4649
10670
13007
9468
12614
4916
9967
11106
276
9851
675
4499
11547
9839
7809
1516
3737
5522
4647
12566
3851
7370
616
11894
9514
4922
10811
9589
12428
3377
10968
12020
13127
8428
5793
4679
9740
6957
3580
7634
4976
5198
5917
8904
9020
9931
6765
3570
9586
13262
7461
9338
1188
5452
5161
3123
10962
11351
12131
4667
10993
6800
12685
6733
6562
12411
9109
12934
8726
7815
9323
1313
10113
4915
42
362
6177
7476
12071
11920
3615
1135
10336
8843
7426
9694
13178
11599
13170
9638
12653
2910
11841
5375
1260
1601
5836
6477
7177
381
1307
5985
1245
10489
6412
6881
4226
2059
10376
3454
4180
4641
8735
3278
1940
6524
2968
8566
5179
5876
5580
10679
4493
4060
4223
11945
8608
6672
12432
6427
9334
1627
199
2813
6085
6902
13280
11325
6121
8779
11991
3756
10381
4896
11661
690
13379
2324
3456
7881
10629
7887
4936
7697
10467
2516
12155
12086
9605
1060
6363
6041
3941
9761
2584
2240
5978
12630
13000
11302
8170
9166
11054
11842
2505
7773
10926
11711
4466
9840
11084
4886
1506
6070
1222
7692
9401
2141
7059
5296
2944
12093
2518
6880
6082
10839
5813
7094
3386
1452
5717
5741
11067
3116
11023
2295
9977
1397
1050
6777
2600
1672
4160
8600
8555
4457
2006
11252
5593
5912
5649
8306
13131
6373
10305
9068
10845
1166
10236
1865
7293
7564
5621
11714
178
3727
1754
2065
7176
4923
8644
9195
4241
11034
6779
1243
5186
1097
4271
7890
11359
3839
5041
6719
9067
7540
4423
10002
6431
9485
11891
9293
11507
353
858
3408
3504
3072
5902
6889
12864
6006
3997
11962
3742
7716
905
5515
8756
8255
724
7789
12283
7029
10124
3769
6952
3717
9324
3002
5677
1997
10850
2712
1911
659
607
861
3506
4579
11234
9982
13177
13229
1009
1382
2881
3480
297
8407
4713
270
1256
961
9160
9350
3700
12764
2473
7360
1378
1823
2355
10147
6527
10806
3650
3353
11035
6764
10324
7336
4127
9648
10144
5467
11216
1838
9650
5209
5752
586
8514
422
7954
8296
11996
11063
5529
2890
3915
12268
3483
11511
10960
4462
9606
2589
7753
12275
8517
6761
4740
10063
7084
24
9937
13103
6686
371
5763
11705
680
5564
4632
5684
12457
7774
3485
2884
5368
11574
11214
13302
4610
5901
11290
6409
6638
13114
3471
11450
5893
7504
4132
5322
6569
2851
9974
2880
6132
9562
9797
8029
6347
8055
8057
11373
3550
5059
7035
4438
3644
8888
4230
12280
4128
1017
5081
119
1251
2871
3117
9244
1603
937
10593
13242
838
8684
3554
5607
8865
7224
11843
7291
8540
5371
10152
4368
10552
11260
9413
3081
11044
5241
4611
4705
4345
3696
86
295
1522
532
12553
10172
908
9980
5361
800
1213
3597
851
11197
9487
11255
4095
1278
2711
9577
11713
8469
7454
12988
12820
7899
1864
7119
856
9179
10909
1575
6280
9830
10354
10925
966
5306
10393
10395
3257
2423
9349
12014
9703
6989
11412
6407
10080
13055
9284
3147
9712
4496
2399
11561
5584
10412
9864
135
3887
231
6807
5872
10036
12360
1086
7239
13115
12577
4861
4191
10005
9900
207
9383
7408
2159
9929
6928
12726
10430
1217
726
3048
7690
9867
13330
9012
9498
4991
12377
7745
12184
12725
12449
5502
5777
10647
2899
4146
12099
11298
12291
12295
1153
4743
12007
10953
4801
2369
2266
3208
3279
1219
10892
4639
5055
3057
10496
2831
320
9454
9685
12754
12661
10642
9862
3387
3058
1640
3080
8561
212
10653
5609
11545
12523
6732
4002
2166
4581
8249
5986
8284
11340
74
3364
691
1107
6501
4481
3419
6900
11095
1872
11624
3974
9901
10462
12011
10
7097
7880
5702
2414
2693
1667
12085
6731
5102
9524
10623
5167
1496
4320
6045
10090
12576
3143
602
3946
12189
3606
11660
6682
145
3859
2088
9018
10154
7369
7820
6808
9765
13084
3522
1886
12548
6282
12226
1170
11355
5758
5155
4178
8720
1230
3897
4229
11262
10676
9856
4722
11726
1192
3916
977
12382
10100
6630
12763
9580
13112
10359
2905
5551
490
8612
8214
10434
2586
9347
4851
11988
4020
2030
8384
9676
6671
1161
1989
7914
6300
8900
7874
197
5553
1752
3781
5360
4527
1195
13172
4027
12231
12027
656
8345
5162
9318
4318
6217
185
4949
10210
6745
6508
8220
11646
13328
1208
6942
3092
5784
4182
2680
10604
1537
955
5975
13359
3952
10213
9455
12513
7791
3541
10939
12875
2069
6801
9388
8507
306
4110
348
1193
10929
7998
493
6770
9449
2054
288
3336
1032
7836
736
7049
9331
1578
8052
8396
6918
10369
8204
7133
339
6714
10421
10334
12756
10555
9769
5441
13363
12342
12174
12616
8858
6849
9591
8619
7567
12191
9749
4644
13036
1233
2803
8330
11039
6844
4895
7514
7956
10534
6620
3898
8096
12273
5698
10955
4728
11658
8670
6908
404
5358
1508
11021
13213
6920
7536
12963
2917
786
8153
11510
1054
3623
3090
3844
2769
10640
7566
8753
686
4628
4078
5909
2460
4663
4637
8943
3633
12215
7936
2653
109
7856
2552
144
10463
11689
2242
11908
866
4162
12608
614
6995
1398
534
2963
9253
3176
2942
8179
3496
11649
2634
6270
1095
5849
8601
13222
731
7996
7093
10931
12580
10733
8391
365
3185
11270
7062
8979
7748
6532
1588
1647
9058
11699
9298
12693
4059
4939
11225
11284
4796
10973
7593
7986
8826
5472
873
9716
7703
5191
2285
6945
2384
3482
1844
11263
4935
4039
7080
6934
11080
1
7912
113
1312
3434
9787
12438
2415
2208
11956
3809
6017
5462
5934
9675
6260
1438
2964
8190
7787
6327
5369
8304
10158
7919
2943
4370
4909
9362
5281
11365
4087
5450
7076
4279
10886
13189
8831
2012
6334
7922
10508
10517
11105
10715
5192
10366
1869
6370
10226
10067
8787
9027
4034
5861
10564
10237
1653
8995
7438
3868
738
8641
9385
12413
8236
5195
3514
9918
13269
2033
12386
8106
8372
10890
8142
9484
4513
6478
8997
6264
132
5722
6648
367
8891
3866
11017
1703
8636
9130
12811
5871
7311
5648
12827
4257
5469
12383
1037
12177
1511
5359
6145
11849
13343
6122
4363
11277
10965
849
9626
8493
6038
8042
10052
3671
9200
971
6510
11845
12009
11134
1855
9464
11429
13080
10329
4075
1209
11781
2594
5748
8595
4879
10315
12142
3741
3540
11243
6641
8070
12147
6023
4122
781
13258
7474
12126
6399
4618
13161
314
11525
1254
12729
2663
283
782
434
8570
3240
1103
7853
10575
7903
3799
10808
360
6978
11946
3236
8851
6188
12380
8988
392
2776
13215
1572
1042
2998
9881
32
1284
7620
5513
6301
4416
2443
10805
2957
9926
9805
2780
62
157
10243
11885
4426
9920
7521
2883
7139
1279
10664
6110
4071
4118
10718
7136
3728
6259
12118
13077
9268
11347
5295
10512
3516
10051
7866
11763
7629
9201
10809
8022
402
3256
4101
4362
12884
657
3374
6035
5258
12769
1375
10528
2096
12427
7001
7132
489
2451
4542
7237
4986
3012
4773
1534
3490
4283
12641
3310
10062
5218
11995
6349
6859
12741
3534
1119
5837
4399
12335
2836
515
12539
5292
1494
1111
11812
4430
7195
9178
9609
10524
749
10190
12219
11036
6365
4759
5352
4138
12447
1903
545
12700
38
6261
5536
8532
13367
6590
7886
5569
5557
570
11827
3889
9471
9709
2471
1650
6092
2341
13104
12826
4381
4491
2815
301
4577
9064
6057
8541
12995
462
1642
6923
4468
7068
10042
12511
4130
5905
10014
11773
165
10482
6931
8797
13273
3332
10846
1568
3632
6078
8339
9507
6751
3184
11917
9942
6398
7606
5657
8196
10026
13150
13038
10798
12570
3032
10974
11921
2071
11640
200
2271
6103
1073
7395
3804
7028
2723
6698
9038
2743
6571
8567
8761
11443
9780
17
12779
1373
11115
10624
4080
11338
3989
6559
2200
2389
1668
12892
9860
1726
9791
11245
5662
13123
3953
5047
3102
6915
13035
7127
7233
2547
11157
12252
2044
10526
1440
12305
11415
6497
11762
4310
8849
4635
12509
8781
8246
3750
10270
6063
5418
8660
9722
10008
12121
6228
4880
4657
4545
12618
5116
160
942
12829
2008
3882
10460
666
8562
7556
9835
5157
3726
3230
11886
5771
1698
13070
541
463
4838
1502
2911
3168
12637
4298
7161
12410
10643
975
3563
10352
10017
10557
2566
321
9259
2765
340
4007
3138
2564
8706
5556
11122
6377
1157
4706
3422
12434
11796
1517
11282
6893
11825
9544
2695
4402
4286
195
1459
9614
5073
5076
12394
617
11066
5727
7785
5151
3163
12416
8062
8809
10713
1258
5405
10379
6170
2599
1689
3933
6534
2804
1732
8564
7916
8919
3222
10093
6288
716
8358
8740
13337
9288
11192
2691
12800
9816
10861
12087
4963
3486
9361
8043
898
3335
7882
8563
3189
12822
5862
5497
10998
10656
10127
6448
4107
3008
2178
5214
6216
10560
13223
5887
214
10992
6416
10031
8462
4076
2757
11704
5706
9871
5749
3785
3288
11606
1069
2926
13073
9423
9877
7027
4913
1596
3595
11299
6157
11733
5588
5548
2427
2616
7666
1282
1524
9007
8273
6053
5540
10409
8523
10317
12896
3292
1500
12152
573
2234
5152
8075
10200
9999
6024
5466
1354
1234
2067
3579
10956
6258
73
9838
1917
7801
6351
5370
2198
4803
6302
2909
11846
12962
10813
11706
12666
1637
11160
8113
2697
10024
4982
4778
10059
10582
12504
11100
10905
6239
569
10981
619
7439
629
8961
8582
5095
12792
9528
13228
701
8975
10870
10274
9813
1253
556
2639
2407
3852
12863
4135
11983
1159
5339
1402
7447
1015
1932
5014
1410
5492
3980
3188
9457
8117
2716
8188
722
9748
7804
12565
11444
1336
8018
7077
3674
2496
1836
11878
13267
10003
4074
1305
1462
11142
2117
9344
12471
9023
2522
241
11247
10603
5112
7803
9581
10355
12297
2672
12522
7194
2914
7873
3637
10358
13132
9715
10731
1399
7254
40
2476
67
8318
9670
3573
8512
7510
9599
3682
2488
2915
8762
6241
7612
9773
1774
6083
2894
4875
1691
1257
7730
471
2556
3489
5767
10567
10263
6623
7013
813
5103
10789
5738
2379
12878
8786
2430
9415
377
9141
1684
631
11344
2034
286
8624
3571
9450
68
9071
4607
7380
13124
4196
12977
5273
11666
2783
13136
1766
12832
957
11354
5012
5175
6947
8150
6244
10404
7985
12040
5523
2080
12209
11698
4390
9836
9088
9135
12544
5579
1714
1933
12230
10299
7389
11542
467
13106
2785
7848
8916
8271
7772
4574
7267
11206
50
9558
10492
7859
3238
6621
10164
4678
2587
3264
4576
9224
13275
11204
3021
13296
10289
5674
11834
12947
4582
6713
3241
4043
7751
12068
7392
11315
4698
2845
8452
1130
7091
5032
8423
4070
1952
10646
2436
8071
2816
12957
606
5880
3321
6768
12473
8243
2967
5121
13232
7548
8958
242
12145
9332
11010
358
9636
11209
5642
5842
2205
933
6521
9281
7317
12872
3862
8789
10942
1304
13135
6937
7204
9698
7008
455
7173
9992
850
5833
2690
3399
10468
12141
9680
310
11637
8905
8705
1763
2569
12804
8912
1344
4163
8829
3962
9034
92
13076
10211
7065
868
10721
4014
4646
7627
9467
6780
4616
2734
12679
1074
5020
5916
2002
1016
4247
8303
6664
9237
5853
9279
6247
8982
12598
10388
1228
4112
7942
1011
7416
9212
769
10420
6099
5093
12828
11915
4937
7151
11446
11881
11027
4948
5317
11515
8746
1332
7682
12194
8607
11150
11858
11327
1550
7585
6180
10916
4288
7353
10668
4673
1961
1240
3015
225
4793
10631
2839
5329
10597
12924
7623
8709
7824
4439
1096
4537
3547
12762
13348
7352
3233
7750
1141
11244
8627
1520
105
9619
9733
6059
11686
5930
788
3618
10838
1487
857
12671
7
5628
2487
6200
9456
10746
7618
3667
6507
9094
1968
9566
10056
4179
11822
3274
12494
1663
947
10961
7141
4569
13318
5713
10364
111
3813
8577
10985
10820
3583
9541
10699
7109
3651
13165
3119
6551
13274
12662
12443
8171
3505
2446
4353
8256
1129
3258
6013
13032
4776
10095
6295
7560
4627
2091
1320
993
4422
7006
7814
10639
11172
11201
3575
3542
1661
9446
10089
8892
4530
5109
742
3183
12753
3815
1589
9688
6708
8827
7898
10681
2898
2512
2344
5964
5705
10771
5518
8415
10438
547
12972
694
10097
12677
11011
3114
3827
1786
9386
9571
12952
5789
13231
10589
7902
5783
11275
4580
4682
2908
4975
10061
4947
2437
2263
10298
11175
2485
7777
5969
2156
325
3538
3520
8076
11240
10907
11532
4109
7662
2551
8648
6860
11922
6007
8853
4919
6643
5919
8719
9515
10039
1156
12584
5211
12348
4822
6422
13008
5954
4858
2195
12796
9516
7676
10397
1310
9697
1204
9584
10856
1244
4022
985
3000
9707
1454
2620
13303
2468
2276
2428
1565
9922
1760
8157
2503
818
2999
11296
12325
8647
11742
9243
2879
141
2281
11198
447
9002
7384
11417
4904
8502
1542
10232
2314
6001
11998
5841
10967
2284
11265
5516
5732
5734
9852
544
5249
3869
1435
753
12530
10893
4396
9072
11341
2333
11540
503
6973
11185
11231
10390
2550
3855
12670
3118
7819
9219
6824
6622
2241
1985
8780
2611
7669
4154
6287
9809
4311
11498
7385
9245
10881
2988
4382
8390
9739
10865
9869
8673
6214
11787
12778
13266
10878
5776
7146
11702
11916
5036
6637
255
2838
8398
5787
8265
11989
10162
10428
8839
12724
9240
1231
4346
8058
9354
442
11815
13341
12906
7754
5395
8951
8180
2578
4299
10794
12945
3594
8240
7300
10786
6832
3129
1474
8008
3446
1473
7142
1338
12862
4442
43
1088
3200
9879
9998
12484
6031
11414
8914
5830
512
7607
10493
1028
4335
6727
4000
1723
8499
3195
7266
8110
13158
11583
12583
9247
4835
12898
7645
10546
9917
5110
7896
3820
10408
684
1894
3539
6843
10304
6283
12766
8871
9768
7987
2870
13164
6647
256
3659
3694
10441
6730
322
8981
1162
5342
1036
3428
11764
1736
12870
13285
9746
4810
877
12061
11693
2207
5309
2885
6974
8238
12817
11948
1847
9098
1039
15
3450
7130
2994
5765
1168
572
2134
12939
7990
5271
10717
5904
10288
3620
4469
12
13102
7869
8605
5023
11137
4622
816
218
7101
285
7452
11187
8617
6852
913
10155
6162
10195
13255
5025
1923
12964
4688
6599
8962
13129
11837
11092
12879
3646
10456
8225
5521
1929
7847
2773
8247
272
2328
4072
7383
3645
5661
10697
12819
10868
4113
6167
6884
6950
3572
11128
8546
7170
1140
3343
7391
8155
7403
10179
9700
8386
1599
3995
5993
12049
9206
8402
593
8579
2243
11224
6487
10175
3999
10057
1514
4763
6675
9035
1388
11145
10578
13238
1405
9082
3024
9894
3280
8343
10626
29
9602
12668
11305
9841
9895
3686
1721
3069
10519
10891
6716
4694
5547
6371
11618
10732
10574
10707
2682
7671
3339
6496
12818
1480
4463
9731
5165
4588
8953
4979
8476
2445
2329
8401
4383
1151
11377
6286
8656
7981
11783
11015
8534
3627
3300
12125
12506
5215
7055
3407
1169
5027
4889
2108
6297
8040
7497
412
11420
3613
7693
12054
12136
159
13365
4531
1898
123
11002
7361
5807
11235
11452
4415
1962
12358
6146
4227
9033
1177
13012
10120
7453
12856
426
577
11421
5962
7200
5687
2774
9218
8455
3173
8972
4337
640
4313
5149
580
2906
741
10296
6097
1239
8412
12561
12839
1671
3379
11961
6861
8593
10425
10518
9234
2085
7294
1432
4823
6429
2689
5133
11249
6866
7399
8862
1712
6284
4661
7301
1116
10790
8199
3843
9649
4892
1533
8286
1573
96
6955
5169
7784
1424
394
11630
5663
9433
1038
688
6703
7475
2788
3479
7579
7316
10440
3535
12060
7440
9736
373
1351
7232
3036
6964
246
10196
12367
8870
8245
5075
5345
12702
388
5276
10801
9092
11186
11096
9705
10829
8625
3850
5079
10183
11877
8936
7363
13366
9282
6906
12122
7398
5915
6797
3721
2677
8285
9078
5234
5413
8291
11869
9573
2363
10228
4746
8351
12292
7143
6362
1007
8934
9645
12272
4901
4811
7767
1515
2325
2378
13168
2202
10431
8954
10740
12786
12460
1483
5440
12736
11591
475
12707
12346
10689
3810
9938
6665
2250
9928
8151
5415
599
5625
539
1085
6025
338
9916
4377
5449
6592
2001
708
9055
7508
11580
11097
3239
2809
2825
12588
13374
7074
5447
2169
216
7939
12508
13230
10511
10722
9499
5348
2791
1713
221
4091
11668
743
8134
4940
482
11851
546
12667
11503
4872
752
4684
10078
8389
8202
10781
3529
2782
11785
2307
1679
10701
2725
9046
3761
3043
4699
9493
9099
10741
8107
7659
6455
2211
12312
4742
278
284
3079
8722
3243
8359
3690
4378
5956
413
5963
5204
11227
10778
4744
748
10556
11944
12098
11593
5987
2506
13279
6762
2891
6243
10669
5485
12914
1641
11907
10480
10506
8533
6788
8944
11272
6895
5863
4614
2113
12353
6734
3284
658
12734
12516
4336
5897
13030
7286
1288
3748
6443
2766
10986
9404
2150
6016
8863
9557
1757
6276
9015
9796
2188
7542
2257
967
6194
4902
872
11258
9858
1236
1874
8748
5645
2993
8883
12368
12251
12849
10503
10922
9799
4183
2517
11283
3923
8649
12002
3710
5968
2361
8381
2843
10683
5483
1678
1624
7915
1491
9669
4548
2199
12624
11518
891
1746
6784
794
2484
3972
6367
4893
1674
11053
965
4302
4721
5156
7032
8792
11061
13088
3328
7582
9441
1455
4199
8834
7303
9221
973
12374
5681
4047
6076
3551
10710
5908
7455
2230
2288
3268
13358
4957
2220
13090
7584
13111
378
4575
6953
5995
12271
4928
5471
10260
4331
10542
1926
2293
13251
633
10795
1212
8127
10896
2448
8099
11634
4884
9152
5646
10185
110
4189
2417
4860
5327
11229
12836
5603
4643
11898
4615
8969
4117
6383
12072
7342
5473
9647
3926
7554
7206
8466
11893
292
6514
7591
13373
12001
3068
1512
7081
6744
4486
4707
10088
6963
146
2625
13252
1742
6700
1737
7895
13059
10857
5882
11169
7590
12029
2751
2676
4869
3416
2692
4790
10252
12838
1346
13050
5205
6043
8375
2168
2351
8908
5772
4503
8230
7387
7664
11900
1938
8527
3488
2386
8952
5927
1202
13336
8714
1646
551
9631
3990
7507
9556
6894
5308
8435
5409
12031
12123
6234
703
5889
10510
10327
12364
1423
10365
1323
9382
11454
8547
763
10350
6899
11154
2535
8175
5037
7810
4392
10635
8596
2652
1109
902
13162
9431
7338
1308
6829
8165
834
11643
8424
5817
2315
7045
5614
4999
6106
6091
9672
10863
7694
7054
147
2309
1386
6982
4852
6230
1416
10182
9186
10375
9478
8822
879
6943
8885
4388
8056
6009
8699
9289
9608
4330
424
7118
5565
8806
2501
9328
4349
8139
2842
1778
9270
5716
848
3991
9686
7818
1936
3286
10450
11050
8773
9784
8980
75
1981
5484
1883
1581
11391
3318
4141
4745
9511
1880
8651
3302
3881
1120
13109
7251
10332
1249
5653
5430
1785
10013
728
3042
5991
1020
6034
6932
1995
12481
11833
13193
10770
10233
12603
1433
7506
2424
8000
4473
12461
6781
7594
6179
3588
11098
11777
9725
6467
9113
3783
374
4586
6056
4691
7110
49
2499
9983
11562
1087
12521
6330
6149
10165
1242
6133
6452
2666
9561
12075
5436
5010
6878
3966
2941
233
235
11774
3269
11364
9497
8011
13377
2151
2563
3194
13212
10413
12287
639
6720
8068
9360
10220
790
9955
385
12897
7026
8168
10310
4489
5888
2157
9896
7715
5761
12444
7312
5808
5488
2810
7257
9489
7144
9213
5911
3649
2185
6405
10754
2545
7577
8721
10007
7855
2098
11336
7552
3681
9196
10198
6663
807
6248
3765
2317
11369
3652
12213
9991
3052
760
6754
11933
3715
5455
5183
12150
4498
13315
4050
2048
4697
827
5797
11779
2863
8754
8949
6069
8550
10338
4140
12042
8438
8846
7350
2583
8837
6916
11166
296
12519
1654
4546
7589
10206
8132
11083
11422
8287
5780
11934
12474
9961
12901
11182
7377
11006
11500
9343
176
1286
672
10605
5302
2120
8061
6848
669
11316
10994
8477
10760
5396
1739
2115
8909
11804
2026
22
2347
1210
7970
2182
12629
6198
6268
13003
6656
5821
5939
327
5574
12365
10216
3924
4714
11521
4700
12170
3199
5660
10821
7167
7404
4733
5972
1974
7189
8234
10819
12785
12240
4206
6051
1030
3949
10053
2913
6975
7685
3263
7375
12660
11159
7823
12153
13244
1976
11739
8937
10230
1417
9729
3113
6949
3354
2045
11
3234
6338
2571
12992
12317
12830
9011
2992
8803
564
6473
1339
12281
8408
12984
6067
915
6469
513
3443
3368
3576
8861
10360
780
6850
10825
7983
6823
10344
6578
10775
2656
8696
10280
4413
11747
8812
2116
3478
9950
8067
11971
6871
8149
12993
8581
6461
11488
12791
3808
3872
12731
502
8431
9330
8783
10161
10561
4905
7431
8506
11215
10854
5274
10579
12951
4621
2764
9861
2729
7129
6463
777
4732
8813
5857
3227
5743
4784
2859
8990
2792
1820
2687
9375
5731
7486
986
492
2366
9228
1147
3089
10142
6278
13246
10943
5422
12703
9833
4670
9811
11647
8768
3830
2892
12847
5708
713
3167
7588
150
7104
2975
9119
5080
1804
112
7624
6071
5096
4202
10341
2867
9174
6577
11935
1687
3327
9355
10600
7381
11292
592
3018
8436
3026
3242
10343
3957
7991
7549
93
5959
4052
3558
12999
4625
6219
1539
55
3135
7667
9208
12242
12889
5417
1788
10082
8664
11947
3847
2289
7696
5618
4820
1707
7779
7258
4082
5266
10650
7098
8669
3591
5805
6929
5017
3787
6825
2179
4304
11517
4552
259
2513
2618
10608
9142
4300
1342
5844
3193
5385
12642
4836
3938
8406
9274
745
419
351
754
4737
5207
1745
12531
6226
12592
3900
6862
9720
6079
1360
9906
12330
6316
8973
13294
12030
2009
3676
7651
13096
8417
8027
6299
5591
7940
2665
7071
9229
1904
12331
13226
10137
11675
1767
924
11799
1682
4242
6165
8921
9277
11856
11374
7187
1697
8886
5566
3668
10513
12488
8799
5800
9683
7741
1443
3237
10257
3746
7971
5278
12682
2064
6624
2004
6033
535
2083
6459
5527
12284
9408
13137
12599
12021
2872
1808
674
2714
1227
4668
3854
7466
7214
707
12611
12871
9953
4849
1275
5245
7020
3592
6506
1895
2801
9810
6481
6812
5819
8321
10562
3817
8114
5615
6652
279
12298
9154
8585
11926
598
4093
7988
1292
5226
8362
12659
11735
12058
326
6065
11749
5343
4993
476
1594
4029
12831
2286
8130
12193
9409
4261
12980
10297
3212
2103
10006
6632
5791
11110
9177
5636
10129
1939
7670
4294
7100
1465
11965
8083
3249
8634
4222
2983
11809
12421
9131
5382
8769
10596
6136
946
10904
10291
7828
90
9872
11103
13346
6499
12975
10769
2322
9371
9613
11468
6763
10224
5030
3838
3023
1021
3495
6369
9294
2184
12676
12860
1137
8556
12387
3704
9384
5704
1083
7159
4291
11925
12773
2472
12607
969
323
12185
5423
2605
1335
10963
5723
4086
1993
6567
6550
3932
8804
6381
13356
2592
7877
8368
5782
11721
10759
1421
8305
7926
6692
12151
11874
8191
901
11905
7968
9603
3345
3382
8232
2619
7357
11088
7469
1295
4506
6066
5679
13181
8591
12728
7366
8971
12663
2434
10495
11692
4450
456
779
4139
328
3004
3593
7672
4686
6430
319
10793
6802
8072
8869
2268
10328
7458
4727
1072
3093
117
5419
1851
11093
4980
10167
237
8599
5616
12140
792
7965
2254
4642
5541
9966
904
13324
9582
5294
618
2129
7786
1469
2323
11409
1413
511
6705
523
7019
10219
12176
10205
9506
6254
5812
1608
12345
12463
6523
11460
9641
8073
11024
12332
604
7221
6766
3
3418
6933
2388
1759
155
12135
4600
2768
5432
2702
2053
11578
2604
2099
3796
2925
5951
3614
11584
2256
987
172
2962
720
3638
10071
10823
2866
5898
12261
2074
2864
7025
3190
8926
7735
5043
13354
13042
3204
8697
7414
5757
6140
3458
5549
3763
5668
7906
5113
5870
2876
3121
12462
12117
6581
8228
10472
5825
6758
6171
10708
13199
8977
9390
0
4494
10022
3289
12041
7894
2209
2470
9004
8743
12634
11211
5740
9587
6081
11725
487
7840
1407
6434
2282
11696
4568
4321
11289
4281
5260
7721
8119
1719
6037
12803
10911
1241
3673
5847
7756
7841
2196
10783
13234
181
8807
4837
7287
12160
10029
11604
3100
25
12327
8474
12476
12165
8373
7647
6742
7314
10259
8422
10094
10116
7863
305
5691
4650
10072
10853
8122
9853
5710
9975
3445
10736
3891
5509
9101
5457
7500
2778
7483
1570
11688
403
13370
8425
8701
5873
7713
1298
1125
9482
7063
2790
981
10313
9563
5393
10181
5235
281
6311
10455
4638
2588
2511
13148
3003
6366
912
12730
7468
9097
1528
4097
3097
4516
5049
6320
7275
1063
10852
12545
970
11324
5619
491
5940
4364
3151
1224
189
9258
294
3262
9132
6977
4780
13353
10168
5624
12877
10933
6354
8448
10330
9222
5762
6111
1418
12064
5510
1854
5971
12650
8584
11571
303
386
2978
5664
261
3605
3904
1531
4953
5132
6466
3642
9699
6324
670
1519
2502
1958
12517
717
4351
5181
2846
12772
9629
3191
2858
11952
8551
12958
190
3517
6968
7599
9719
11484
5354
3697
11368
1571
7210
6525
10452
6225
11850
9560
7481
13
919
4950
6811
6591
11018
8111
2039
2971
485
13128
12361
4456
6113
9935
5069
1206
2164
685
6265
1562
7175
6608
8187
2990
4360
2931
6293
1309
4564
2762
8393
4348
5378
12790
6036
2602
3094
5264
6711
9286
8603
5885
9702
8915
12102
3947
12648
2953
8708
5091
12006
1563
7829
3819
8160
1155
20
7826
11703
3053
11476
11950
11924
1005
287
6345
5652
3272
7610
7335
5397
11449
9618
2670
10135
125
8713
4319
1252
3825
3059
4309
3907
6946
483
10923
4201
10271
36
2035
5410
9304
2049
6147
4863
13254
7967
12256
10714
9863
2924
267
767
4431
6356
9834
3768
10836
6308
3730
3051
13205
10309
12814
7883
3437
4715
4272
5514
1115
2079
3192
1842
12704
11895
8441
4419
11140
10630
6423
10325
13361
12352
12683
8161
4572
7888
615
6322
7742
7842
7550
3246
10426
525
6728
7415
3982
11331
8939
11396
60
13133
4066
11071
2758
705
5379
4121
4726
3611
1636
122
11129
12218
2385
1963
5283
12004
2264
7396
11375
5781
1002
1289
9488
1167
7449
7495
8817
408
13345
11629
4262
11970
1049
7943
1805
11467
10621
504
7197
2294
11222
6579
13357
11147
12557
10803
11628
5002
5952
4781
550
1924
9054
7807
7911
567
5064
2011
1061
1444
9303
9149
11743
3964
10146
2020
7806
7131
12746
6816
1027
9642
1525
5892
9146
10238
9817
2194
11552
7681
12110
4105
9880
4030
3685
9260
5980
3784
12299
11199
12628
13196
11512
4371
5946
12518
4768
11657
11478
438
9198
10726
8252
12182
6729
3362
10130
7364
2996
8120
3122
5100
3954
747
12090
6853
6326
11242
565
7860
8695
7920
6105
12078
12801
8633
10171
8269
7613
3771
7096
3811
8964
2922
8145
3060
7966
8377
11207
10996
9348
1176
7768
5232
9726
5148
9029
3629
5331
2024
7757
11082
3216
6936
8777
6776
11806
8031
7273
1058
8409
11753
1897
8542
8774
696
12158
13159
9357
12948
9126
8643
10976
7037
2131
10276
9424
356
4058
7761
343
291
6725
1264
8966
9911
11683
11585
3672
8193
9280
13331
1914
175
2507
226
5941
4708
6820
3812
10177
2970
364
4602
6972
4974
9414
3794
11049
10406
11073
10348
10449
6332
1783
10383
3930
2524
10585
11481
10234
8388
917
943
4504
4045
773
5303
13097
9250
2789
843
9747
10087
5297
6609
12774
8123
6094
1595
9463
2645
11810
8872
5814
4477
11879
831
12458
9962
8078
7601
3137
177
3214
2327
3375
10043
12404
13040
4204
8631
4828
11814
8320
10545
6598
12718
6544
3351
2332
8609
11138
10068
2000
9436
8135
11794
1392
1978
7230
3720
4361
8796
2018
8965
3987
5868
7418
7737
10136
910
10848
12787
4025
1696
5024
5534
8124
8257
8873
11626
6456
8414
1810
7655
9225
3034
12192
8004
3934
11269
9659
7555
7844
1873
13241
10374
8653
12077
3532
9973
8033
12923
5643
1221
3906
6645
12821
2651
6232
9045
10901
7933
4739
12166
1949
3091
2811
9578
7012
13025
12759
2523
9049
1356
10141
5774
6847
11055
3295
5575
179
12714
9751
1779
6417
1223
5261
12173
11121
4235
5145
5683
8543
1982
10321
9325
9353
1828
183
6667
7036
3834
12717
9627
4634
1891
579
8642
6192
11840
11212
12399
4665
9572
10215
13320
277
12470
12894
6661
6939
8299
1420
3170
10169
2377
274
12357
2312
2958
4042
517
1604
9735
12846
10126
5865
9118
1431
6323
6863
2367
10644
11372
3634
6512
5835
3255
10535
6790
2560
9202
12260
880
2176
1325
3585
12220
11687
11636
13208
5896
352
308
251
13290
8129
10515
3833
2119
5846
5637
11662
625
466
12585
6160
6039
5407
1001
814
6799
4680
9783
13020
2731
2636
10258
7289
8430
10403
1634
5128
13311
8880
806
4782
8500
11112
3311
8811
2382
8488
6639
4898
5635
3732
4843
1875
11394
1146
5932
13306
7248
9342
11062
11130
6892
7663
12073
1800
7565
2819
9460
5190
13071
13176
5263
11748
5018
5403
6159
5852
5587
8294
11880
2982
1813
7865
768
5883
7432
9345
979
2540
382
12960
5792
13186
8662
1389
9090
7172
12922
2292
2669
8703
11293
210
13340
12000
9857
9891
11184
11205
3631
7674
9359
7973
11288
12859
9847
6535
8363
12712
11501
8101
9432
6743
1780
1582
10944
12959
11576
5700
4800
13209
8410
4391
10804
1094
2364
3134
575
6176
5085
10762
2203
30
12833
12937
1529
5147
2062
8626
4243
11723
11042
4983
7368
7212
10064
8876
1970
10687
4044
883
1055
7115
7247
10602
5006
9661
12665
194
2980
5826
11441
11788
2497
5938
13259
3657
52
2985
1789
12043
6117
10250
12738
11672
2019
9795
13010
7181
5798
4056
9594
6997
6359
7315
5201
1790
406
8074
3228
9292
8200
9721
3197
12337
11769
10439
5796
3530
6450
12915
958
1458
5304
7711
5139
2907
10570
12574
9545
102
10671
12809
8211
3277
6314
3323
6611
8395
11724
3254
6565
1271
2647
4984
11937
13332
7864
3828
9704
7042
2275
6454
9005
6227
1064
11241
3821
11829
9653
798
10207
3005
989
3319
6151
673
612
8360
10614
11065
5140
6442
3877
13142
10969
11592
45
11553
941
2021
9503
5240
151
5154
11458
10451
11191
8665
6842
6127
3297
2807
2510
316
10485
9678
1232
2949
2016
1648
13069
770
1297
3103
7638
11334
4841
6428
10474
10584
8920
3776
11868
3950
7616
6767
4099
13198
5088
8080
8444
2543
6046
6576
2509
5680
3665
11466
3248
11715
410
840
5269
3363
1901
12052
6901
10108
12711
7484
10497
9197
84
1509
10906
4376
8623
9555
201
7265
6387
5268
8266
9798
7442
1513
1705
9227
1396
10479
6313
2532
12873
4890
7125
6954
11674
10098
4478
2595
12221
2370
3326
9256
8277
12983
853
2718
7699
4565
10284
7321
2728
11108
13184
5555
2654
13122
3751
7595
2822
2056
4554
4427
8144
1920
10229
6822
5054
10143
9778
7523
1112
2887
10401
5567
711
13166
7816
10035
6721
12794
193
1296
11392
5326
6543
3065
108
3294
8511
12370
11620
12590
8195
460
2013
1811
6746
10139
10634
11404
1955
2017
4073
4220
4533
11179
3552
9532
12837
7999
5066
8992
4677
65
2638
1010
6556
13100
11772
9444
12529
1797
8182
13081
5973
11048
6821
13110
11176
13009
1665
6694
1587
12784
13092
10361
1059
2466
4845
10988
1867
7412
5026
4587
1343
4482
3356
3896
10422
7817
11236
5357
12680
3055
9411
8549
12976
9633
2784
3709
3020
7106
54
12909
4474
2628
3203
10641
1299
10657
4437
3010
6838
3085
4710
1138
6965
12289
8210
4862
8259
11670
2720
4765
1259
8010
7961
1261
2624
9689
1802
13061
5172
2580
3736
1644
8097
11801
1824
7105
3698
11163
10012
5315
1597
8457
1441
1214
11494
13277
4061
7406
5005
5606
10577
12632
2897
11954
9831
7482
11025
3587
2673
9674
4664
3201
8657
2952
2626
8661
6115
8530
5739
988
10918
5718
12681
2741
2231
12507
9536
8645
7759
945
5573
1186
7714
11395
12609
7496
1611
8048
3492
6537
3800
7630
126
4459
2109
6563
9172
4296
5160
8088
217
1817
3752
5582
1730
7348
702
6603
11239
1505
7680
7621
13074
6548
9040
1535
4921
6817
8023
11665
8282
10132
6139
4171
349
5364
3816
2244
11291
8325
1738
12575
8569
1620
9317
4959
12913
9903
5425
8739
5187
245
8387
10810
10774
6210
10908
9191
929
1447
8676
2005
4217
10550
9169
9807
7799
3567
69
7326
13095
12749
7632
13372
2406
8365
3096
8380
9336
383
312
12453
1131
7677
8522
9402
8143
1839
5654
12389
6211
4344
10538
8490
2047
2224
12569
554
3342
2440
732
8079
12899
2534
1174
11407
6386
4238
8009
11312
1495
3111
1937
11644
11401
7208
184
12423
2232
2912
13065
1472
5526
2520
13179
7641
143
13041
3050
3607
393
4669
8874
5839
9568
12664
5184
5860
6382
4397
5676
4292
12743
6657
4805
4750
12235
10170
11360
5038
7459
5137
3145
2371
2955
1145
2798
7184
6191
982
11427
8658
1984
9236
12247
4479
12560
7355
10356
3178
4623
4231
3108
11986
12887
8693
2148
3071
8397
8224
3380
4153
11091
4274
2296
7244
9185
11453
9804
1461
10864
1870
7003
11311
6681
6088
11408
452
8244
5599
11999
5595
9646
6988
2821
3865
11356
1451
9327
2565
1964
951
5474
3305
7678
5899
2374
4524
7088
1915
7260
10240
10066
3619
10251
10842
11074
11482
1207
8418
224
922
7717
4339
8763
11462
808
10712
6411
357
2828
13195
7892
6304
12968
2138
10796
11957
70
11919
1639
3979
9995
7480
4900
11621
5585
3733
4816
3175
7609
3298
5958
11056
5072
11403
2041
8041
6142
1412
4926
11274
9249
12955
10824
1150
9403
13153
11936
12536
1832
4996
8800
9870
9466
2421
4369
3723
12706
4955
10442
3867
11217
3498
10945
4507
5552
7087
12601
3019
10367
10290
7064
313
6375
3177
4899
11538
7341
3337
2795
9518
9418
12197
7825
12581
9465
9056
11761
11818
4444
2972
8102
845
5033
9990
1959
9579
1367
2667
5193
746
9693
11433
10437
11472
11911
130
6272
11400
2921
12705
13068
11348
864
4395
510
6403
47
855
12323
3011
8251
7562
9713
2480
9273
537
4401
540
2558
10339
5955
12390
11020
7541
10537
10694
5877
3468
8538
11635
3609
2591
2500
2052
7520
1945
12572
12333
5048
11573
7327
3743
366
3013
8620
11638
2308
12990
8960
12035
1630
1301
9951
2186
3169
12187
12214
13138
1944
10187
254
1467
13206
3029
13024
4521
9278
7033
8933
9445
5886
7464
2713
3206
12081
354
7168
12512
8468
11913
1172
3133
9569
7885
7725
12306
10827
2469
832
5695
6903
7947
13227
1136
1184
3515
120
8946
10663
2084
1437
10253
11539
2253
420
12107
12198
2402
484
10075
10104
11754
9576
2455
3395
2318
5558
1690
315
3963
10520
12606
11496
2679
12023
1946
6186
7272
3469
6517
4786
4285
3780
12103
3610
8571
4752
1319
12613
11930
11866
9764
1715
5755
5279
8559
8877
10405
6883
5143
5709
8470
10092
5733
3467
4692
12647
5477
13260
12799
8685
7561
11931
516
7995
7953
13293
3370
423
7704
9803
9171
723
9427
7043
6803
5346
2637
12143
8032
5320
6333
7499
2350
6996
12316
1768
3893
8788
11126
2646
3447
4200
7009
3461
8293
10010
9271
4088
1106
5118
13066
8801
6739
5246
5321
4995
5766
5729
8370
2154
9763
6418
1485
8261
4723
4096
2648
8215
4608
10959
2245
9420
9537
302
1180
5236
5277
12805
4529
10675
9181
12620
4216
5028
12669
5464
8983
8449
5994
3028
6201
4174
11541
7687
13307
7798
700
1142
3680
10312
10691
268
2668
10301
7833
5144
9265
10889
3998
4761
11381
791
10286
329
27
10910
6178
1006
2965
10331
4219
13174
2290
2732
9820
12885
5074
220
5924
8429
6555
2474
2812
35
3481
21
6815
8081
300
12540
6529
11513
5678
1680
488
809
3084
11307
1801
3955
10540
7015
1658
11716
2868
4956
9075
12767
1816
5426
10964
9534
1255
4749
7712
740
11248
8487
10391
10295
3636
4409
11927
7120
10333
4933
11193
4341
13375
6872
7103
1990
10114
10370
10279
12065
5336
8298
3719
7428
8925
524
5501
4433
9744
10727
13298
7249
1930
5478
3622
2340
761
4269
12329
2029
10178
9062
6002
6588
7147
1189
7040
3384
465
12210
646
9010
12340
5468
12698
620
10855
4770
2529
568
757
12495
13289
12579
841
1220
8830
7095
8755
5275
11223
4558
12987
9849
3749
9970
2932
1837
9617
5435
11319
9192
10399
5280
11432
8867
6098
7736
3822
7705
12167
3948
2112
13085
2320
9529
13058
1211
4400
2358
9779
11107
4410
5130
931
11264
2338
11992
1419
11566
10587
11382
730
12263
7308
6090
3692
3391
7747
10613
12524
2593
12396
11516
7485
2878
5778
3333
6343
5427
4675
3731
10758
234
9037
1987
12016
5141
7763
2633
10423
6992
10306
7038
2028
12393
11089
4126
3457
12062
2661
2095
9776
5351
5050
8859
7169
3994
6187
12479
1425
10353
10693
3983
8461
4145
1317
8816
12246
1925
11474
5200
12045
810
13270
4273
7862
11019
3427
10533
12200
6867
4671
3553
8183
7875
7268
5434
10684
555
10134
9085
8968
2225
12067
8118
8923
8727
3599
13317
8315
10632
6659
9272
12813
2641
12694
12625
7951
13145
5335
7698
2799
9238
521
12397
6062
4764
5421
11554
9882
1584
6635
6984
13027
247
12510
3503
6093
9326
8712
6520
1334
2277
6003
1450
9948
6482
2145
10294
638
9473
7688
4040
3442
11339
9664
7166
6014
8047
4293
309
11437
7760
7515
6089
4501
9540
12907
6604
9300
3803
9203
7365
12844
12498
9523
3967
10410
12982
3141
9509
8478
11118
8317
13219
8094
9329
451
5795
4539
11259
1101
11213
4389
10686
12097
9370
7400
8628
11413
7123
7004
5834
10157
4603
1171
6846
3688
3283
7675
7532
124
3307
2190
5458
11831
10822
10652
1046
6697
9919
6420
6715
4334
9899
10592
651
5338
5312
5481
7240
1390
1484
623
8442
8229
3162
12867
862
5056
12619
2046
9255
13171
2649
3180
10225
299
12321
11531
264
10011
5217
9016
2539
3886
1556
7238
6616
10633
3860
5244
10949
3942
8824
9526
4004
10047
7722
6845
5906
2936
8646
12944
9808
450
473
11641
12587
11330
12921
9665
13203
3397
8035
892
5910
12402
14
11613
8611
12084
8164
12162
9771
7957
11000
4868
10432
12076
5373
7280
12255
8349
2585
817
2132
5062
11820
13276
4962
9884
6289
9380
10050
2191
10720
13287
12573
7596
3836
230
8039
2614
6839
11533
1376
10221
2483
12547
7797
7489
5491
4865
1555
2212
12159
6741
1126
3282
12823
11165
6760
11196
7242
4777
6408
10111
12658
12003
2135
3861
12233
4998
6503
6285
4290
7253
8894
1548
11760
10123
9782
5293
10140
11440
4303
9800
6479
8405
257
3394
12228
4384
2311
8993
578
4211
5498
8458
9124
4853
8539
4198
11487
80
9264
9453
5712
6966
8433
8233
1907
7185
7992
228
4951
4802
8963
3626
5644
11767
13305
5221
9957
3367
5670
4480
8521
1890
12037
1393
8065
5328
953
10588
1859
11855
3507
3130
13117
2660
11059
911
9732
7878
4011
7719
2398
449
409
11230
974
11595
8498
12500
6985
11072
2465
9909
5229
77
3476
1165
5428
400
12418
12392
5376
9730
6021
12857
4464
1089
3115
4445
2411
609
9508
2945
330
2187
6494
4774
1303
5838
7413
5196
5420
1012
9684
5287
12880
11596
3705
416
8001
1179
12375
3414
10876
3226
9549
10660
1326
6055
4589
10984
1538
4881
8614
4808
13221
11821
12825
1345
1124
8879
1270
12918
1720
8416
10133
3536
5015
10084
2738
13243
1884
8717
3424
11543
5640
6541
11032
8715
8687
2542
6701
9939
7050
6580
11358
7051
5332
699
1692
10912
454
337
8897
3403
12069
1504
8369
8531
4085
2162
3223
3067
7219
8655
692
10666
208
5286
4818
8520
10380
223
4648
8186
2719
12486
11335
1453
4827
514
3699
3548
7679
439
9267
6680
8450
10045
2590
6970
4069
1831
3677
1492
3056
7904
3624
6475
1003
8528
6010
12227
7007
9183
4185
4528
10866
644
11102
9207
12148
2073
4912
1391
2051
4264
7196
9122
3232
9946
12195
6909
9988
590
8218
11923
8020
10946
8091
5254
3070
4228
9738
12406
1377
7002
5355
10580
1566
4824
9718
3874
8707
66
10897
3451
3383
11830
6834
9822
2066
6855
9786
12313
3039
8276
1580
10278
8309
3510
11202
10019
10458
6152
11778
9846
12196
5210
3993
6235
7517
7116
4511
12343
8942
5122
9337
1629
12120
7941
2278
180
3357
4629
8491
7927
6662
3464
10427
4106
3220
6415
12350
5291
5212
2144
9127
802
215
632
3031
10037
13094
7306
2787
11651
8504
5714
9369
166
12424
1327
12028
7830
258
12943
7145
5282
2515
587
8354
3910
10429
7271
11189
9161
1998
1643
9458
11173
8485
11717
10921
2236
10841
4218
8724
11033
7910
8332
12543
9479
12034
4941
2121
12930
10729
13087
5524
1280
2273
12550
8680
5928
1862
5098
4326
7048
10867
3753
2916
4907
4585
5220
3945
8227
10930
11800
934
9156
12417
3431
4408
12949
10583
12032
4192
9346
11113
6221
925
2441
7838
10268
833
12559
3420
7796
10751
5163
9593
6533
12996
10972
13250
9461
11156
8400
8742
12851
11928
7086
10655
1547
6480
4825
6528
12737
8844
11755
12178
7559
3389
8237
5071
1200
332
6000
3767
11993
5504
4190
5506
7718
733
9341
5330
7909
2139
6769
11326
3313
9400
10541
1427
5053
8734
4263
107
1105
11710
10521
2761
9775
7420
2007
4355
4826
3187
10674
3073
9728
5828
10817
13015
7891
6148
10214
8090
4612
9112
7041
9789
4394
1321
6350
4328
6539
10389
9601
7410
2226
11436
11738
2291
3475
5840
1532
6610
12334
11480
2736
9612
12537
1051
12205
12740
5127
6774
8518
661
11451
4412
536
4031
8181
5693
7310
10831
59
11955
2197
8526
8274
1994
7274
6054
10745
12757
7016
9133
1975
4561
1160
8241
57
5388
12454
5146
5583
7346
3577
1383
8901
91
12643
6364
12971
11863
4988
8324
11238
134
2740
7781
5182
11524
6027
4844
1148
4490
9042
9226
11567
2042
11757
5270
7072
11037
6209
13339
2173
972
1149
4250
324
6102
704
11622
8167
5284
2895
8335
9930
6435
13240
4064
11792
3789
5123
10607
11975
2025
3578
6927
2426
1666
1645
11232
186
5779
4452
2258
7631
4683
9310
3392
468
3132
5101
1988
6064
6679
9500
7851
8154
6631
1294
9494
5945
12691
611
2401
3849
12514
4741
1100
8331
13364
7220
6876
12229
11627
3602
3895
9017
7160
1877
3271
2745
2527
5493
8250
778
13108
1941
4187
9
5084
5988
1122
10099
6874
2794
9442
9121
10954
5242
397
12019
5389
8592
12926
7557
11318
635
11813
12322
3281
9660
4446
1374
10131
4736
7205
12080
9598
13319
2357
2204
6991
7969
12910
11317
9083
4379
7989
9220
6189
3101
10459
7236
11987
10539
12720
8347
6740
8589
11972
11712
11803
12266
7551
3033
13175
9827
7223
7897
11489
12435
5546
9874
1576
5730
3754
5406
192
4246
6586
8289
13098
3581
5856
650
3131
11882
11285
167
3127
1612
10747
1794
6747
232
8744
10913
1775
1266
2239
9091
3299
4783
7069
4674
6395
793
529
4795
1022
9476
236
12204
1669
4234
13224
12596
3714
9232
7788
3218
8092
12405
9356
1449
4946
8622
5486
11069
211
6887
10941
6606
129
4652
9024
11914
12483
9987
4215
2413
12440
2342
115
5990
2104
1499
11164
5496
12208
5775
12622
5094
1340
8
12015
9231
11966
11943
6724
9788
2572
7600
7744
12788
9554
8308
9620
171
2303
2036
6321
5433
6396
4398
1806
671
1078
4870
6202
6549
6809
3524
6935
7227
11077
6095
3543
2409
11823
7766
3518
9567
1426
624
4605
601
10698
1362
10571
1501
10173
4798
10101
153
8878
9028
3856
2089
12469
4762
5866
8483
2947
3355
4249
6810
1488
976
470
2627
12324
5638
7367
3557
6468
2969
3814
1194
13225
2977
3707
8856
2343
13005
12600
11101
5976
869
88
11439
8082
7526
2746
10847
10083
12865
2726
1664
10322
8516
9832
1971
9052
9583
8987
12866
6342
6545
2486
1490
4352
6505
2856
1084
11729
5060
1927
3159
3365
2919
2237
3396
13014
7708
6938
5754
8736
8312
12207
559
5686
11078
9074
3747
1857
3412
7934
734
3778
6538
11745
4147
4041
605
8460
12824
10548
6771
7462
6476
5178
5453
5414
6072
10149
6601
11438
252
8841
12916
1026
6061
963
2478
6717
2533
2987
5633
12433
3879
2623
10899
8201
6723
7908
6233
3308
10245
11623
6464
7463
11079
13323
10782
8002
11256
7331
3899
7324
3157
10241
876
2482
8467
6756
714
12288
560
290
350
11600
7893
12798
4601
8640
1554
9654
5252
6044
3499
481
9912
9997
12328
11768
11208
1902
719
6793
11393
10932
97
7958
12134
2814
13286
12568
3603
6570
1008
8059
6930
5799
11828
11190
12161
9305
7962
7126
6207
2902
12687
11564
11295
4772
4578
10345
4920
1781
8557
4418
5106
7790
6753
7668
13233
7305
13342
10553
870
1464
1635
10444
6223
4626
260
4751
9743
430
11279
11170
8568
5077
12797
9378
9320
5507
11737
9944
8394
5319
6215
10443
7424
9412
7821
9496
10862
847
4597
11577
10244
7619
10763
7422
2425
5401
992
9502
1429
9143
8355
12452
2229
5851
1478
7852
13197
5597
3304
6572
2699
983
13011
12013
8513
4815
4111
12571
7397
3074
2216
7374
2709
11280
9767
173
13051
10957
1795
5136
1700
4225
4054
8725
4148
9766
2849
4018
9319
10323
2075
4461
7241
11985
1143
3951
3894
3314
12063
3871
10895
9065
9658
5129
6786
12448
335
6553
1293
10505
4032
448
8805
2997
11386
5029
600
431
6181
1347
12874
3030
9307
6030
935
3744
9110
79
6737
12925
9111
9679
9084
11357
9762
6325
4651
6558
7603
7382
9081
8554
8025
1972
9287
12525
4387
9114
1102
12079
783
9538
1229
10532
1833
5656
4989
1272
9821
8759
3927
6190
9167
11940
4592
158
10773
11349
4282
6660
8784
6032
7827
12633
2643
2394
11219
11485
8802
7388
725
2260
3712
12697
2359
11682
10015
8281
9981
13349
10616
594
9546
8681
7010
6042
6445
3640
6868
12621
3322
12094
6922
6869
12744
136
5983
13130
479
10086
13335
3388
3739
12163
11233
4385
11378
8328
11132
7733
2022
9759
1724
8597
10223
2032
4620
1830
5134
11565
2454
9855
6273
11697
10780
5895
11475
240
3215
11367
10145
4133
3417
11455
12347
12277
3918
9491
336
10362
9235
8334
4738
6491
379
9774
11286
10254
1765
613
3098
9963
1048
538
8447
5380
6759
9340
2920
9814
9640
7073
12012
12199
13308
8771
2644
9138
6212
10204
9117
12979
13350
1943
44
7783
11701
12589
3198
1619
1600
1676
2219
9448
6791
4888
1400
3596
3252
6131
3041
9365
11125
3405
6748
5803
2777
2334
11090
9009
7134
9030
8991
13006
500
7465
11789
8752
4977
8698
9014
5334
12139
10414
3166
4333
3225
11087
10975
1699
6584
2657
3082
13140
8314
5063
1605
9069
5111
9667
10302
3969
7872
7011
7921
445
5068
1546
12781
2733
10622
8472
9829
9979
4544
12420
7849
418
6912
9956
12882
1018
13334
8278
11684
4001
5238
10128
12886
7937
8463
12431
7948
5623
8007
3925
9429
5267
4967
2681
4276
9313
1445
6161
280
12478
11158
13089
8479
7351
11902
11014
1076
8610
11007
6513
5171
4278
5117
718
3777
3628
1013
7545
5692
7304
6060
9452
7390
6854
4609
4563
9366
7628
2683
11117
7393
13053
7597
10559
7605
1942
3546
7099
7907
1825
12101
5168
9595
4696
11528
9695
9180
7085
6516
2642
4254
6460
6236
10814
94
7153
4814
3864
9644
2596
3841
3666
5735
6981
3088
12810
11424
12456
6158
5437
7498
4448
12834
1592
12326
603
1626
756
9079
12301
3491
11795
13031
3027
796
8950
1475
12128
2180
3035
3366
12203
9565
8192
3664
12437
10070
6378
8545
11526
4028
10934
12116
6813
12835
9927
8069
5290
11479
6627
12415
11860
7188
9019
2901
3716
7437
7959
10303
263
1615
2136
10122
8038
7573
5751
4168
3087
10293
1329
2410
9187
8730
2855
10445
11131
7654
4866
5528
4819
3430
6385
7261
12842
6612
7022
7379
10620
6471
6337
3589
6857
8336
10844
99
1812
12961
8996
9854
11486
3211
558
12369
7138
3608
11146
5318
3565
4436
13313
10307
5248
11892
9757
10435
2101
7684
10737
8098
10349
508
13086
11423
7075
1977
421
11756
7117
10466
10032
8893
5325
3077
10267
1814
5159
2710
11445
2395
7709
2771
10536
6683
8346
12026
6605
7795
13322
1826
12935
12586
11690
2093
5285
2453
721
10469
7635
12969
12855
3401
9363
4876
13376
405
8924
6279
9793
4929
415
1052
505
10815
5004
3358
1888
7743
9368
11523
10516
1750
13163
5087
13028
801
10107
6925
7653
1577
1717
12532
693
12775
3049
4906
4092
13113
8263
5998
2090
6593
6668
1756
4709
8791
4024
12491
11136
10453
9373
8034
12802
12861
10400
10581
11551
7082
12970
11133
341
7982
1387
1709
6886
9745
7608
9262
12095
5525
2861
3095
8152
928
12319
13362
13126
12713
11579
8030
7576
7182
3829
7178
3656
9708
5690
7558
4557
11086
11730
3231
5855
7976
9889
5442
8899
3988
11463
2397
12222
13119
1350
10499
7924
10568
11631
11457
8037
2061
3823
8197
621
4404
1583
2630
2383
8131
5124
6757
9214
1281
9061
2068
12018
1134
6709
9209
12244
3693
6257
11183
1858
333
8615
3687
1482
5444
4295
5530
7505
461
8819
4702
1574
4725
3738
7372
1910
12466
3099
1045
2635
9472
8587
12254
6888
7149
4730
2227
8747
5903
13281
1638
2122
3774
9425
668
4005
5399
9000
6126
2557
6080
5013
11896
9372
5891
3196
1727
6026
2722
7642
5611
12966
11491
10654
11728
9302
4833
2114
8654
8427
4380
8205
8524
6589
1683
4695
5943
2841
12719
3912
10000
7121
9543
2429
10530
10498
4021
12047
4550
5233
13054
2217
10319
474
11847
871
9530
4914
2462
12578
4156
2140
10500
5314
5222
8602
2760
7689
9570
6685
3429
4945
9057
797
9887
7373
5562
2525
3880
9655
6629
5451
6238
53
11544
520
7347
2800
2435
9639
2960
8258
11495
11306
28
9475
13261
6615
7433
2467
2362
9611
2696
10049
1071
5237
12998
3285
1068
7417
4256
8737
6944
1673
10894
13380
3835
2274
9076
12946
13282
1337
10966
10952
8420
1850
5544
8307
3350
8766
10618
8510
2015
363
3654
6163
4917
5197
1434
11969
2100
2817
10415
9041
8060
2948
6794
3320
839
9163
11447
3858
7977
12748
9553
6384
9043
10637
4100
8741
9635
4266
13344
427
3793
12534
8203
2961
4175
10398
5715
6457
4897
5977
13002
9189
9120
11068
4236
549
11598
2422
12542
13183
6693
8194
11751
6196
6500
6008
1967
11873
2450
8881
9439
1694
7295
12593
6752
11380
298
12400
1598
6229
6818
5173
4492
4779
12965
4483
12044
2408
4788
9875
10551
2248
2844
12936
11719
2541
11469
1948
1741
4104
2685
9687
2701
156
12401
266
9597
6897
5747
1693
10448
11313
3500
7279
5089
1748
8815
4518
6352
1246
4425
3840
5790
2603
11560
1602
1031
875
3415
10772
9878
9139
12039
6830
712
11162
12320
11322
2337
8419
4451
5131
7250
6441
11550
9477
12318
5387
12376
7290
11144
13271
8146
2086
4068
2444
5745
9681
1187
2824
6654
188
11410
11680
10983
12179
7356
8723
6174
10407
10753
6634
11910
948
3555
10368
4719
6446
7057
11346
11057
1935
3985
12138
11793
3944
2796
3996
3493
10807
114
9777
2107
4260
3971
9989
457
3359
4514
695
12106
4636
6298
3702
11448
8702
9263
6990
7636
12050
914
4365
6262
3303
2946
1876
8860
4687
11826
9210
4424
3487
2228
9089
11664
12657
8049
4655
3244
12715
11012
9758
13047
7935
5759
2055
5879
5517
552
7056
10752
10915
7135
407
9105
10882
3352
10636
11081
591
11387
6135
11559
8253
11271
13143
8361
4792
10531
11602
8184
5746
2316
13201
6245
1827
10799
11563
5465
2356
4350
12501
9170
7729
1607
8682
9134
926
5878
8338
5153
1369
10199
6885
83
6677
169
10028
8848
2698
5216
10477
5622
8503
5550
13338
5581
7332
6203
4212
7524
13288
12858
9812
5480
2238
11405
1300
11123
3853
10612
361
6710
12639
11979
13316
2143
4701
11418
3309
10118
8063
774
8985
11536
1711
4184
7665
1887
4944
11736
10248
13116
7164
11294
6393
10704
8053
5300
37
758
12388
4821
1268
8835
7530
7163
3545
3501
9625
8054
7319
7839
10883
5742
1014
1477
7202
12761
1182
11807
11003
10982
9044
739
1216
8941
6231
13217
