12554
10989
4562
5875
8115
12615
5629
7960
3549
9377
819
3885
9182
10750
11022
4237
11389
11477
13192
11309
2490
6440
900
7276
4149
414
13016
5511
8268
4240
5596
10832
6926
2082
9760
8367
7078
12385
4367
11667
12848
3038
3410
7706
8440
11402
5349
952
11506
3209
1544
3805
4515
5120
3470
6617
1430
13151
7419
11617
13216
13214
2252
10419
8446
477
13157
11502
2077
104
3253
182
5461
3788
3315
3937
4009
4239
2223
4794
9410
12378
5288
11771
6380
3725
3463
2833
784
2265
12112
12439
4874
2950
11135
5115
1803
6560
7090
7421
5664
1542
5698
1289
4419
4935
10008
2588
12704
6648
11640
5492
2810
5660
6299
8073
11365
160
1640
12993
2497
8880
12458
1897
4361
3091
356
9973
12948
9857
9911
10177
5829
13237
9299
10658
1199
4058
11481
2560
10439
4899
13195
3698
10098
7123
2633
5478
5567
11401
9870
8490
3011
8530
8457
2431
3111
7712
10170
988
7116
6207
10466
5735
4998
3925
2861
9665
2726
4563
11033
115
10720
4355
9412
10831
9231
4951
3945
11330
11410
9477
5715
4365
13183
2701
11719
11751
509
1187
4636
12376
1815
4236
11387
11979
11068
5387
10448
3324
5602
7738
3689
8652
10038
13019
10009
865
7650
9876
8650
2735
4347
10682
5446
8333
4221
4115
10394
12224
8311
7401
6096
4252
3484
4306
11152
8456
9077
3160
9406
10069
11981
2549
9204
1466
10937
3956
7193
5913
7053
311
12526
433
8882
10342
9824
2387
6493
506
7344
4366
7578
11456
7358
10609
8586
11575
8163
4617
11603
11155
11731
1651
7209
4209
12279
2127
8209
9960
4987
10576
9276
4591
5949
6969
5176
3267
9588
10818
9193
7325
11497
7252
11253
10958
12654
5864
3911
4758
46
10527
11811
10756
7005
8910
762
10703
9462
4301
886
2508
1849
11314
12645
729
5499
6058
243
7746
11490
2105
3960
5594
7930
2797
4048
2092
3661
7652
12459
10787
4960
6502
1947
530
10547
3306
5253
5612
4119
11045
11589
1306
9215
472
5984
4342
9352
6101
2146
1352
2287
13167
227
2938
13207
9140
12245
2070
8240
10955
1097
8406
566
986
11
2640
8428
12677
2264
10878
11305
5049
3052
5557
1534
8469
10961
8466
4530
1219
10274
9901
8052
1689
1963
8919
2002
7692
13306
12846
13290
3634
13241
3351
10374
9847
4056
2377
7172
5814
6725
8363
4044
2524
12738
8945
7012
2019
6417
8609
8212
4974
5190
1810
2119
11188
3657
8653
2371
13074
4671
8645
12540
5033
27
2637
2591
8487
4710
8277
9899
420
11930
4482
3108
9569
1131
2952
4926
5458
809
10294
2821
7265
5601
3776
9537
9466
5355
10815
8301
3285
8038
12120
12094
7558
3849
13313
5644
2453
876
3716
4798
10362
9832
11183
783
7367
12328
2895
3739
5910
7351
508
5267
4069
10541
10267
3555
6307
8835
549
5517
6944
9089
7839
1434
5372
10618
8881
10199
12401
12715
12858
1598
4687
1711
13116
2444
2100
4260
4451
12542
8702
13271
5173
6352
6474
10802
5682
3251
2106
4846
12854
9393
2882
8404
12384
12114
12088
2267
7850
375
11709
1787
888
5416
4137
3398
2027
811
3914
5539
6439
821
8525
317
3205
6561
1770
8006
4465
10594
9199
6047
10242
417
8692
4666
5194
12893
11261
2130
8280
2888
131
387
11865
6718
10950
6999
7979
12124
2573
3448
7402
6318
2612
345
7707
8775
6155
11428
8459
11648
8671
6251
13034
5022
4910
2302
13333
3890
11607
1799
1215
8198
7488
4859
11535
8439
11929
3612
1818
127
7710
3755
9690
11720
12464
8828
1934
10833
2747
13297
8248
6379
10645
10156
5250
9053
1099
3110
1749
6488
6904
8795
6633
11398
4972
1163
8044
11861
4255
11912
11655
6971
5377
9301
2299
8235
9958
6107
4829
6509
13248
13155
347
12674
3908
7837
8017
2929
7140
4277
11963
8003
11872
4476
13022
1918
10649
6787
12752
8855
9032
2893
11141
11411
2439
12351
464
1463
6458
5592
5031
7732
10742
978
3678
9297
571
8026
11718
13147
12164
12852
11323
9865
19
11430
1408
4812
3653
12967
5065
6128
8776
7513
4079
8226
7460
7445
6281
2416
3465
8050
5961
486
10977
3734
11864
12782
1237
13072
3270
1057
8024
1316
5142
8884
10282
6077
3569
12133
11941
12046
9727
4658
10377
3149
9923
10615
12768
562
6785
6919
5760
2420
5533
7929
8374
2700
12293
12594
7531
7228
1364
11590
8279
771
4316
11685
10054
10586
9837
2934
11337
12341
4013
3423
11614
3259
10197
1846
895
12315
9194
7512
12130
4026
8700
10264
12477
3684
5177
4930
1567
3935
8738
10748
6738
5479
1909
7409
8288
2574
6269
4224
9073
4857
8213
6414
12217
11228
1881
2546
5228
6120
7755
8141
11608
11151
11984
5311
10792
3883
6827
9754
1951
8928
4166
11775
907
7843
154
437
2521
10487
7611
7686
1185
140
944
10471
10424
2827
2438
13075
2530
9003
2246
9217
3832
5650
12876
11695
727
12059
10292
804
5487
548
4867
11352
3265
12533
654
12956
8672
4144
11570
2548
9691
11615
4407
11345
8508
7501
7354
11406
4057
709
4839
5007
10877
10767
10034
5042
2348
3568
4689
6530
2959
4660
823
9398
7739
5610
3400
4543
12843
3466
2979
6956
10347
8688
6726
2889
6394
6696
1609
12430
3172
10465
9885
1371
1178
4871
7724
8379
8576
5412
7296
3556
2498
7318
3708
11569
11519
3888
7975
11038
13029
836
12686
5605
4703
12558
3544
3586
4280
7235
138
10402
8323
1372
1025
10363
4842
7503
8162
3316
9934
1247
12238
597
1973
3078
1077
10027
897
4090
6292
7778
2218
12137
4813
4613
6129
9100
4094
6410
837
3126
6339
765
6486
9892
8875
12709
3523
7340
5386
4693
4594
7162
8443
11040
1716
11425
4169
12631
8733
9671
7066
498
4210
1225
34
11419
1655
9314
9710
12928
8536
2632
1422
10599
9643
10885
1196
5247
10834
8176
7868
8731
7245
9504
4441
7277
6344
3152
370
3046
5918
1040
9395
1681
9696
13121
3301
205
13125
2372
6068
4012
10791
10025
8471
81
4734
8889
5726
18
5105
8535
9844
1476
7726
4712
6619
6208
12920
12690
11297
13185
5255
6706
1503
6896
12640
1384
2330
9897
9252
9510
4268
4540
6425
12765
4485
5107
10382
11047
4233
4324
4033
7994
5531
5586
8898
6376
11534
2615
9316
1747
2125
1047
13249
766
2706
2161
12812
2966
10266
380
8679
11111
13182
11741
9428
1411
8169
4864
12338
13268
6224
4509
860
645
2353
11464
9391
1273
10121
4556
12541
12181
9921
2063
2688
9893
1023
13063
5809
8957
1034
8326
10606
5034
11973
6722
4356
2830
428
2094
12257
6195
8638
9096
11254
209
8112
1439
4690
11492
8852
9972
582
1996
11883
8172
4284
596
12535
7467
8350
5206
12223
4035
10830
11383
3061
3521
3076
12381
12108
11251
7349
12372
805
7405
5503
5675
3884
13160
9976
7516
9108
6618
10651
3713
103
6917
3691
12807
12264
12816
12644
6775
6252
12777
2742
7283
10566
10840
7782
4471
1622
1892
4108
2874
5647
825
262
2331
11149
887
789
10004
652
3902
889
3075
7216
13325
6596
2601
8955
12270
622
1489
4990
5061
10948
11904
3760
11120
4775
2346
12881
7491
3875
5532
2305
10418
7231
9470
3341
13049
11694
6582
5832
1743
2820
3975
7831
10318
4791
10320
8254
4340
12940
10738
8089
7615
10222
9637
8159
4193
11968
8064
4123
5827
1290
4502
7320
3107
2128
11862
5947
9405
5021
9144
2704
2391
501
3219
12300
8480
2393
3658
7192
13310
1471
4315
2458
238
6678
1670
163
1606
2365
1380
1871
7288
12806
6123
3436
10776
4505
58
8929
206
9039
9756
7179
6319
72
750
5843
7031
11031
2940
12249
3432
2272
3798
3984
6674
12349
6707
376
7587
384
12722
4063
643
389
7309
6108
3922
9630
4053
12612
6882
13220
8260
6449
6805
4208
7794
12250
4754
5753
9102
7292
6688
13284
4711
12455
9162
11371
9006
16
3735
13023
4964
10476
12083
10247
12496
11127
4421
11700
7720
3936
1919
3669
12253
11397
6220
6197
3273
2210
11817
4789
9490
9434
10843
5806
7441
9734
655
248
1361
11780
8970
5003
4186
12156
334
12546
2707
2900
8760
7157
1108
5658
2832
12502
787
13312
7478
4259
8366
5494
9701
4157
1889
1552
11085
5655
8728
755
10387
6864
1341
5463
11859
8604
95
2694
8572
12929
13360
4440
7148
13263
3144
8618
3202
4931
11555
697
8790
9080
12672
2748
10764
1896
12933
3105
8864
10828
10888
1201
10700
11226
3559
5673
1133
2829
1359
1560
2031
2781
12552
13146
5508
6607
3973
1117
9106
842
8913
12225
7581
5967
7226
1551
10523
1545
5391
8887
6040
12149
4164
4968
2674
7857
2452
7044
4289
3174
4420
7284
13194
4317
9223
6636
161
5608
13052
4894
828
6421
1840
4329
2174
12567
13043
1986
634
12248
13169
10617
9443
3846
9801
1019
6498
4188
1114
3537
4203
8434
4925
6568
9652
641
5019
10504
11918
3802
1269
1318
3139
9459
595
6084
2755
1617
6419
6911
5703
2247
5180
8137
2752
10091
5922
5953
1740
10874
4942
10920
12022
9828
3017
10879
1905
1333
12426
8403
4847
10481
9952
10065
3181
3526
355
10109
12188
142
6164
1561
11899
11597
10125
8484
12359
11075
11388
12066
9291
10491
11750
6554
11669
9790
10151
4573
1863
3683
8497
6795
11043
8300
6814
1274
2847
10549
13187
4475
11009
33
6437
1460
8711
8489
4571
5701
1586
4997
8998
12105
7822
12845
2607
5858
6542
927
8340
4891
8310
2495
2873
1591
12419
7808
1198
2869
11888
9971
5150
12795
3125
9673
9480
3502
2659
13101
12623
12053
5307
11903
8174
12986
11746
2380
12938
11616
6290
7617
9662
6526
11016
10160
6291
12373
737
4676
7023
121
5672
3740
11890
9752
8938
9248
5009
3562
4120
6205
9724
12294
8999
5202
1899
13082
9575
9364
12903
2352
11953
7764
11932
2537
12490
5600
2973
7758
3287
6143
12689
6980
7451
1414
3648
12868
219
5045
9295
273
2214
5456
11220
2261
7769
12699
2514
3560
1916
5445
12808
8496
3349
4555
11938
1322
10971
2405
824
3393
12520
930
9417
4497
2621
3106
8012
7493
589
6987
10709
9051
5667
5598
8621
5310
8793
2368
11887
3564
6566
884
3460
391
1113
11471
8399
12403
7527
11982
1868
10755
1710
11399
12336
6574
2875
11671
13369
2763
6522
10725
191
7544
4832
2860
1834
9505
6998
6119
5333
10509
9153
3171
13173
9622
8967
1848
12750
9986
3870
3943
2808
9339
9947
9850
7137
6547
6087
7923
4785
7211
1540
8392
9883
6540
1448
12604
4570
10872
8378
4173
5845
1067
282
63
198
11390
2078
6390
2862
1123
6626
11889
2153
4155
6183
2270
7297
9048
3009
5058
11005
4541
1686
11759
1536
12302
13001
3845
11816
10529
8978
6005
8297
8116
642
269
12911
9128
5736
4312
4855
648
921
9315
11852
3621
10928
10730
8481
9308
5696
11370
10384
10227
8895
1121
3600
2933
1657
118
2956
1912
920
10997
6856
11221
5347
7604
7425
6907
5815
9367
10947
7870
667
4559
8126
13378
2175
3779
6340
4102
2306
9548
76
2753
8292
13314
11732
519
1782
1928
12997
4373
11143
7456
12482
2481
12735
5560
10457
6495
8217
12243
3235
5262
8659
8854
9145
6173
1772
9501
4640
10392
12089
8782
2192
13300
4966
6118
5719
1349
12716
8574
1428
11906
7575
10077
588
2730
2519
2770
11116
2432
1913
9481
11353
2381
1835
12412
6172
8086
11708
12562
2373
11379
4405
5711
8505
8637
11990
7586
3826
12688
5788
2555
4143
949
5265
10106
2834
13026
149
7901
11548
8013
7128
9741
8352
11994
7264
6967
1829
11257
5313
10208
5353
11857
2262
822
6614
6690
139
12033
1173
12771
1616
10887
5356
196
9155
10102
3831
4807
6255
10873
8930
5108
10454
7473
12017
7931
9399
1457
5230
5577
7102
10272
11808
1285
1291
7644
3598
204
10871
6361
3525
3961
6841
6689
9322
9312
8316
1931
9984
10884
6112
6676
8927
4253
4567
8686
5957
6489
4973
10174
12551
6749
2536
13202
3182
1043
10138
8814
2491
998
7359
1769
8383
1205
2724
10103
11594
1659
6666
10595
9873
6305
574
4755
10898
2715
2610
11605
6348
6736
3655
3459
528
939
5404
11030
878
9257
5365
9522
6483
12602
2568
10706
9925
11321
6983
5256
12902
8432
2826
7018
12696
4756
6240
3863
10488
8666
3455
12912
5164
2576
1950
1315
10346
2222
1331
10826
10507
4375
9376
11070
12371
7871
9714
7543
1110
7752
12974
5768
11650
1065
7030
9539
13180
9031
10672
12985
6702
10667
3660
3331
12304
11642
436
5114
6552
5884
4194
6451
13200
3792
13141
8166
6296
5383
9123
8223
10766
10478
1773
10218
1395
13247
7691
2456
2097
11300
7229
4197
12733
1793
5970
6360
8767
7446
4314
5786
5008
1385
7502
4265
1796
518
1357
11434
10858
1526
13033
4172
835
11656
8421
3179
8158
4343
6250
8613
8036
9815
7494
13352
4167
11310
11854
627
9421
5989
9525
9026
10995
6585
8940
2750
507
11442
5090
4536
2149
990
6646
12605
4038
9107
2124
3291
31
7701
2622
4911
6772
12082
11619
1625
9959
1446
12096
676
2412
867
7950
12051
6049
4994
6504
5390
11153
495
2767
6511
8821
10046
11645
10166
4729
10544
6873
2708
2528
2675
4019
533
11770
1348
12211
2163
7285
7592
2392
10041
2
6075
2658
12129
5620
5305
626
5890
5323
10927
7299
3531
13278
11681
9230
7846
4046
5538
12379
12132
9753
8066
7058
11329
1070
11582
8445
5931
5923
3148
8808
9087
9104
1190
2297
6109
13046
8818
10797
3452
13309
9550
3330
5824
10611
7952
12267
3155
7571
4885
9521
7450
1722
480
8465
1127
3757
12180
11572
11568
10565
1764
3109
9387
3509
3376
7191
6156
8327
7771
9969
10659
6368
1033
2613
3837
4830
8100
4159
9819
12111
5669
9283
9943
10688
3140
7978
13245
9910
6704
2903
6910
7114
10311
8529
12311
13060
9513
2671
2463
6052
6413
5965
3293
1618
9392
13149
3512
4593
10800
4938
882
11332
6875
4158
2554
222
7443
2459
10186
12710
3325
4010
2003
6961
3453
6424
4510
9750
12303
2577
8575
101
3701
6374
9116
5231
164
6
3421
8847
10249
12751
7702
9564
11546
7302
13210
6600
11505
2457
4151
3001
2313
9843
5801
8598
4878
8677
4596
11949
275
11802
5227
8663
7984
10096
12931
1442
6114
8275
13301
11601
8148
12056
1593
12183
1734
6651
4969
3718
1900
342
10638
12869
3213
10386
13204
4590
12485
1267
4887
10924
4769
11304
3378
3016
10673
6406
7207
3533
12978
7832
8606
11416
3390
12638
12505
4411
7731
11625
7186
7047
7411
6976
12493
2575
12472
5188
984
11520
7487
1771
6870
12888
265
1080
5381
9103
2360
5400
10851
9711
6783
13062
7770
8364
553
4134
10153
3037
9157
9898
13326
4717
5926
10601
7434
10695
9904
4051
12314
11168
11951
1695
6168
3519
11639
8108
5721
12841
401
583
6124
5537
11237
4908
318
8051
775
10033
1498
10692
9451
7107
9592
1090
10030
5937
4214
8267
7660
82
8385
1218
8290
13299
9374
11839
12723
11013
425
4720
7528
7529
458
4016
3275
6691
7217
4083
3801
7813
11959
8678
1819
7811
5016
2102
1860
10021
1882
7394
11673
5578
3759
2298
2786
6213
1368
1324
12950
1866
399
9205
12673
162
10194
1370
5982
6644
4656
11181
3276
6137
1314
7563
7155
5563
5571
4449
10180
10525
13037
8270
432
1079
9845
2974
10112
12555
10979
1365
881
4023
12582
1991
1706
10076
8710
3901
531
7330
12527
2779
11884
6331
8820
11835
7963
3729
10573
499
3977
5818
3790
5138
12451
6755
956
3494
8750
9129
12564
11148
5666
1633
7198
3426
11203
1041
10163
10591
8482
830
5641
8553
8413
4098
78
8046
6806
5811
1558
5627
6959
11273
5720
4606
10734
2183
4472
8093
10935
13017
2335
1543
8745
11958
7776
12973
9656
13188
239
3083
6993
10326
9184
203
584
11707
271
2662
12895
5850
8133
9190
3120
10860
10316
2142
2570
9070
10159
12649
6890
11046
12091
663
116
2326
3165
8764
1559
304
689
9663
7834
8758
1523
1082
4470
368
3348
9211
3044
8935
7946
8537
8382
13144
923
8716
5750
1614
4659
6015
899
6048
1154
4724
5057
9060
3909
10117
1704
13045
9996
5126
398
11210
7435
12310
4924
3616
7024
7052
5203
682
1197
7533
776
803
8028
4662
4767
4525
5589
9547
8842
8084
9585
2123
1541
1798
1557
4735
6100
4359
8823
4036
7812
9590
7313
1965
10951
12436
10777
8136
4386
12905
5500
10522
11980
8635
11139
4934
7199
85
4484
128
7376
3381
6263
13211
8138
5881
4992
168
12467
9150
23
9137
4804
678
289
7017
563
2300
5929
2772
7061
12701
9742
4136
4455
2158
6536
1784
7298
10001
12422
11901
2464
5363
3920
1263
8147
3435
11026
2336
12450
12655
557
1564
5489
137
7622
1044
10212
8262
10473
7762
2865
9677
8313
1980
6182
5070
3928
9422
4049
1807
2664
1029
3086
5166
2995
8906
12259
12989
12190
4322
9013
11308
7649
7339
1652
3772
683
11691
8845
7343
8475
1164
11058
3940
3054
4512
751
8772
174
1569
3782
2396
7656
5219
11776
8519
5728
6019
4181
4952
4435
2060
9634
11177
5935
6472
10723
11385
735
6256
307
7639
2433
4372
9025
2304
3247
13371
2608
1613
2489
1992
7281
440
662
698
11029
5900
9737
9309
4681
12057
106
7345
2345
4799
4500
11853
4731
170
3775
12503
6773
11734
6798
12441
12732
5158
6836
13264
2475
8437
7884
9940
1066
11376
854
11897
9351
2526
11609
4114
4927
11461
2037
11266
9941
8109
9335
3508
8272
4547
12216
12747
3340
799
2404
3441
4176
12425
4619
8583
6271
11350
5820
1610
12739
4116
12492
3675
903
7740
5948
9607
6020
13021
7423
10048
677
8616
10269
8866
2283
11612
6658
10739
576
7535
7477
6391
10875
6266
2806
6453
11180
9483
8778
950
469
10396
1366
2739
7928
10461
7518
2449
12721
2418
13265
10192
5981
2461
7307
148
1128
7034
9600
2749
4517
12850
11588
7625
10569
2744
3006
9151
5475
10938
12617
11557
4549
7334
1792
8322
4831
8426
8931
2818
1226
687
13139
820
6438
11909
8283
10191
6986
11465
6924
6432
3047
13295
11473
4205
1456
5000
7256
5802
7171
6294
12395
9905
6169
11676
2301
12941
8337
9628
10554
6130
12528
11470
6851
8868
4354
10189
6941
3806
5044
8674
10765
1075
7083
10768
11114
7805
3842
11514
3462
10486
4393
5920
6401
5632
8902
7362
5239
12036
9651
9136
7949
13044
5344
7471
2935
12008
5495
9902
10784
5559
2598
1701
4854
991
12276
10558
9527
2986
8785
8451
8558
12475
5651
2562
8189
8208
7802
8917
1966
1893
6218
10940
9533
9859
12407
7925
10719
7765
8639
4125
2118
5794
249
829
5272
1675
1493
10835
2991
494
7479
7637
2111
7553
863
5699
6166
8140
6484
12760
7060
6355
9868
1144
5482
8588
1328
6640
2189
9682
1922
9059
8552
3643
3064
7876
844
9066
2390
459
3438
5051
2014
9945
3022
11727
7470
4067
874
2479
6948
3411
744
2477
3404
7574
9063
9389
1277
2339
7490
6804
12239
7222
1081
1404
12755
3903
5384
12991
51
10914
7378
2215
152
4195
8989
11426
71
5997
11276
10625
1841
10261
10085
7371
11744
2233
12780
7067
10202
1791
6564
9781
2349
3662
4672
11499
12282
4327
3958
11363
11343
7658
7889
2678
11876
9379
12172
5907
5744
1518
10235
5725
12789
9246
12038
3146
9239
710
1056
8836
7150
11978
1776
9604
660
11844
5408
11493
7980
2171
12626
9242
4757
4787
6029
6531
8103
13018
13272
4718
6557
12675
3574
10728
6346
6184
5340
4748
8411
8694
2579
8548
9158
13039
9397
12237
7427
8353
9848
1718
6470
7218
679
10917
12656
11287
4932
8156
6796
8371
9802
9440
9469
1906
954
1470
2823
478
8683
4526
12770
12684
10447
7255
9915
3296
5950
12497
9437
11581
7673
13329
496
5822
250
9615
8850
7734
6447
2703
4877
2310
1093
10378
12344
3007
5411
3161
10044
2177
2442
7322
9021
11587
12758
8302
3921
8984
962
8376
4943
4467
3266
10665
12556
2951
7243
9285
98
7646
7913
2850
9596
1623
6519
5974
10869
3186
6204
133
6684
10371
3207
10662
10724
7800
7539
6735
7728
6575
8578
4152
8095
8798
10148
6789
1118
12635
9176
11871
4560
2279
3361
3582
8629
8077
4532
10040
5289
12917
7328
10300
1183
7213
3601
4037
8173
2754
12904
13056
5804
5046
12307
6357
8344
202
3617
12954
2927
9826
6022
4747
5634
9430
3604
6699
4165
12480
11104
3795
11782
12994
9216
7092
9914
11867
6597
7780
6303
2137
10483
12409
1983
2280
12692
12055
7112
48
9668
6004
2928
9542
8630
12010
1688
610
1238
10987
9866
7225
9574
9086
6310
2193
10150
6891
8749
3647
706
6388
9692
10351
10501
12115
5099
1729
4297
9706
4848
3229
13048
2775
10287
11167
1276
4598
11784
3317
8632
13327
8765
2835
8590
8105
12908
11109
7509
9188
11659
8718
6792
3347
8185
5208
11459
1662
7900
1527
10016
11556
12591
8994
11798
2727
4161
12487
5337
6275
10788
13093
1394
5960
7430
12446
11611
6329
10991
12024
11677
6392
542
9624
11722
5810
4965
6134
7407
2561
9333
11530
2597
3150
7039
13107
8691
9269
9770
10446
12278
12853
2259
395
1590
1530
11174
6462
5613
6782
3824
13218
7867
5659
5104
11200
5092
8454
4809
1649
10074
1762
7246
2447
5362
6962
6277
3312
5341
11001
5251
11832
2492
3338
7538
4624
1631
1878
12171
12597
2206
12109
12981
1497
5785
4551
7614
8231
6879
4981
5542
5429
936
11765
7537
9164
2493
4414
8222
9419
7021
4275
7633
41
10275
6249
9148
7546
4645
8890
6485
2531
11974
9095
653
2221
3758
11435
8932
6840
11870
6309
3128
1585
9296
13236
3440
1809
12175
10246
8903
7089
7436
11960
11997
3062
6246
11218
6086
7918
11653
2759
8473
11361
3290
9908
4103
5001
8986
4760
12398
9818
7522
4258
3025
6426
10628
13235
9965
2043
1735
964
10680
2040
6573
1403
2686
8825
2400
3104
4856
2684
8959
11752
11632
10203
9416
8125
12354
10335
1262
8486
10514
12783
2984
12793
4213
4
4978
61
7695
11250
4432
5519
11301
11041
12355
7955
9266
12489
390
6222
5769
6372
3153
11267
9842
3474
5459
4305
1908
7124
3797
8021
5689
7854
999
9623
7727
8565
3334
8560
3876
12362
6315
3472
6444
12296
2376
4270
87
10079
1311
12232
12025
1821
8947
916
9396
8015
12610
7269
6104
12408
6402
12285
11328
26
4443
6397
1879
9666
2126
9022
7046
4207
7519
9474
7568
3473
10661
10373
7932
8242
8128
4434
7215
9321
5816
7122
7154
8580
10902
12465
5894
1363
1203
12241
4633
229
9964
11052
253
10073
11537
11805
6858
7861
10598
9241
13083
6312
8178
9261
10711
1507
1486
12339
10990
3929
3373
2152
12146
4850
5011
11124
1744
5083
9438
9495
11967
10184
9311
8045
2954
1979
9115
4566
3584
11875
5374
8221
2896
11246
4177
6960
2354
5439
5639
13256
6389
7835
1358
5438
3136
4520
10705
7270
7323
3164
2181
11064
12942
7972
13351
3695
13152
12308
4055
852
5707
664
187
5936
1250
8342
9535
1921
4654
5431
1822
12627
9147
2553
4817
13013
1969
2494
3745
4584
8348
6306
2255
10201
4447
3250
8918
7723
1852
8319
4089
3981
2147
10018
11008
8329
11977
6546
6175
7511
1355
9806
12815
4454
6583
9551
5460
11740
4232
13120
2655
5316
12636
2023
4358
2249
2087
2837
12265
13257
10277
4084
344
9552
4553
8087
7448
1755
7572
4338
6587
2930
13283
1415
4631
4244
10308
3444
11786
906
8509
7278
6518
894
7079
9159
7525
4519
7152
4374
3773
8573
3786
2650
6465
12269
4495
10903
581
5448
3711
3224
4971
2609
5394
2617
12309
12092
9621
12515
3449
10978
8219
6050
11558
4323
10757
10372
11278
4307
4797
7165
9426
7444
9358
1843
5224
2840
812
8357
7570
12157
12646
8216
1728
12900
4766
2057
1091
1481
5874
5925
10255
5694
5040
1656
12168
446
8594
2403
3670
3986
9559
4008
10417
2581
5543
10936
8014
10464
9394
9306
11797
9050
7945
2072
3425
3913
1287
1856
2172
11060
5185
5213
3527
6144
8104
9036
12919
9993
6913
10490
12366
2629
13191
4062
968
3939
6712
3706
13134
885
12840
100
7683
522
2793
9519
1553
8757
10115
10273
11384
8005
10314
7190
9492
6898
435
3221
6358
2133
7598
7201
9381
4077
11522
5764
11964
2076
5424
3433
2852
4970
9008
4508
8239
10744
11848
4460
4488
5225
3346
1353
7492
1708
3014
5545
8341
6328
7108
9447
7944
1628
3639
5590
6958
3848
11509
4403
7113
8911
5505
7156
11678
2854
8675
1761
5933
5454
1853
10193
4840
13004
4704
7602
2559
9933
5078
10859
5665
10416
1960
12445
1845
1731
10262
10340
5199
543
6625
1406
785
5367
6673
8264
2918
4129
3210
11195
9175
4958
11178
10761
9785
6336
1733
1409
9823
12202
6433
6150
1330
443
7547
10494
13190
2010
396
959
1632
12258
4883
1401
4065
5189
1957
647
8177
6185
9968
5617
1953
2050
4124
9632
1660
56
1758
11099
8948
3722
4834
1954
1139
4357
1265
10716
5082
8689
4170
9616
4882
12290
918
10239
4017
649
5576
6436
6515
6670
6274
12651
4873
12708
4685
6835
10283
5527
3079
5616
3605
10967
4050
5661
8857
1869
5449
1808
12242
3289
8644
5296
10236
11106
1243
6407
1847
7993
8656
7008
2690
9636
2805
4950
1191
7647
10413
5757
4122
10281
13267
8196
2788
9093
10820
10643
11197
1015
3097
4892
4489
8546
7828
10683
12679
475
11946
12041
8269
5410
10812
5308
3488
7161
6349
7508
11885
7606
12463
12110
6023
8827
6011
11216
5716
13348
1952
12185
6963
11157
5235
5109
5713
7013
9454
3053
1512
2205
10596
2639
1074
327
11004
2758
1661
12811
9498
10007
4861
5817
2333
2766
5462
8096
255
5869
10161
10524
10582
6780
1599
12444
7455
4916
9354
12345
3682
9254
4773
8120
24
6467
13370
1332
12683
13337
614
10891
6345
5927
11939
13162
3808
2556
11952
3819
12796
12539
10890
11991
9350
3156
5103
12545
13112
9082
9676
10517
6341
6286
3591
3260
6347
11610
10067
4548
3710
3522
3989
5274
9471
394
7682
7317
6258
1531
7352
1524
6267
2857
7360
3387
607
10656
633
4639
4052
4537
4030
40
3916
7224
9830
1736
5902
7287
7772
11711
3811
6514
539
8494
8647
8773
8696
4607
6059
2594
7194
5510
3830
3952
12588
1636
3538
5628
9949
2424
6508
8356
1159
4715
3820
12361
816
2922
5969
12364
8753
6713
7091
2716
5515
6801
2293
2020
4948
7700
2711
7938
2281
10297
8561
8111
10230
12414
6848
8132
10929
3422
189
4679
8761
2185
9642
11591
901
3369
5805
11460
8085
12598
8142
2341
7866
938
1310
9872
1894
12348
11758
146
6642
10701
1304
4714
11837
12428
6311
12509
782
12252
5093
1169
7
5502
123
3163
9955
10252
12176
13377
6955
7129
12901
8306
8912
4661
6763
3068
11643
2001
12516
3256
13346
3113
9614
6463
2872
6915
10296
3575
4653
965
3138
12387
351
4370
8729
3300
12763
2417
6302
2160
4506
11175
13106
4811
7468
12360
13252
4732
9064
5369
13057
8389
13158
4889
13164
2211
8061
3535
9237
7748
12209
8204
13042
6157
13114
781
772
10376
5911
11222
10265
5867
7610
10629
12421
8155
11172
9906
3547
9281
9761
3750
1153
10717
12766
9707
7084
5995
7475
10094
9864
8781
7803
13076
1804
6287
10341
6067
4820
9229
10926
4070
7716
10167
1895
1444
6675
2552
987
4538
2877
4646
369
6714
9712
3539
3727
7143
5561
573
11036
5807
525
12131
12153
11845
3490
7669
10082
9027
10495
11095
2071
504
7019
11933
11182
4261
1763
12449
11169
12801
9610
11704
10994
4000
10014
8515
13032
966
10158
3516
2702
9733
13285
743
8577
11647
8393
13239
4311
11373
8117
6577
8027
7775
6751
2030
12215
301
2351
7387
3489
411
12924
9186
5186
8581
5523
200
3192
5112
13193
11562
5579
890
2053
12061
6316
8284
904
5025
1997
1339
346
1027
12121
6066
9720
7987
9694
2853
12827
6398
6812
13077
13274
7093
5436
7685
2672
3413
3407
8256
12186
8424
1874
3408
3208
6200
12201
12151
4604
7806
9980
2220
11743
7768
5396
5413
6978
4616
13178
8732
9298
9784
1454
1069
7029
10175
4097
4146
4442
3762
8853
3638
8207
4029
5132
3995
13008
8055
6487
11679
1195
11856
9288
10006
7206
11634
13080
738
326
7593
9284
7500
7233
3799
8540
2743
2170
13291
6335
371
2428
3652
10733
10219
502
1521
3517
10793
11010
5378
9234
12312
1119
2971
5863
8944
8243
7077
6525
7353
9360
7629
12468
12607
11006
4630
3268
7880
9198
3176
10963
1923
1981
9599
7820
4251
11692
11836
11145
2134
6905
6692
13064
3991
10968
4903
4308
10358
1088
657
7599
3882
8768
3696
9922
3354
5302
4402
10861
9810
3185
13324
10080
7141
4838
6404
3982
5916
942
8390
5904
9274
592
4095
10685
6141
6521
11508
1596
11834
2845
3142
12335
8438
6765
9277
7968
3332
546
2436
10714
12663
3673
10648
5529
11971
3898
3335
467
3241
12958
7974
10029
2006
5710
10697
1726
5912
12964
6849
7404
7585
2838
12829
11396
11657
10805
1407
1141
10036
12234
12484
6797
10679
9629
10779
6469
786
8570
8071
3042
1465
10071
12730
11053
4684
8891
5862
2195
656
8885
5870
9506
5457
6045
2388
10003
5382
12570
6149
10130
7542
5052
9584
10806
9772
9270
4600
2993
11833
199
10017
3368
898
685
5097
767
4201
5165
690
8851
5125
8607
9805
8713
11338
2564
3620
6590
2780
6434
2884
4922
8651
4837
5784
6826
9154
8943
13304
2975
1520
5417
4202
11355
11529
8042
4531
453
12703
7664
8245
12642
5441
1375
9174
4668
10063
7146
12182
4417
9431
602
12184
7159
12377
9685
11227
9858
9245
12473
10798
1637
10821
6405
4112
5536
5295
5770
5309
4810
2634
213
11527
7098
7337
241
276
11686
12071
3541
1976
1302
4180
9888
9347
1405
12099
2505
9916
9251
8593
13000
3199
110
1009
4706
13345
3121
9613
10892
7380
373
4345
2503
4852
9097
11922
8904
12029
9791
10299
8937
3663
6499
5547
6132
606
11661
10379
8627
367
3406
1096
11878
12213
11812
6085
8345
7453
296
7899
3184
12363
2774
1028
9507
4107
13275
10896
9023
11663
5211
5398
6198
1742
748
4650
12434
8699
2513
8106
13168
6655
1647
5603
8582
1522
1279
8453
8179
358
11628
5342
7130
4642
1060
9890
6506
8839
6399
12736
3583
6800
1107
10185
7504
11454
292
5023
2315
7300
3059
10263
9098
7579
4349
11027
7251
482
2880
10152
8921
3190
4728
2501
9649
9726
10450
12020
1865
7234
5663
1192
12872
7620
13294
386
1581
1338
3676
6217
4439
1739
11240
1278
2103
8551
2468
8533
5069
6284
6369
12668
10868
6146
7275
5379
9605
11705
9686
4986
1697
2563
6613
11324
4516
6431
11476
10604
628
5415
981
6824
12002
4999
5687
1176
11948
1642
3813
3188
7187
2361
2680
5047
2369
3458
1140
8714
5191
9966
9748
4377
434
680
2271
9243
483
2502
10813
1382
8667
10852
12648
6923
5625
10310
12637
8934
4422
4247
5513
9920
4622
8909
4130
6579
2471
7237
7580
2511
6664
7627
3274
5432
10933
3437
233
13189
1135
10590
1719
1020
12518
339
2347
4222
10171
3418
12878
42
7715
9259
9698
8495
6280
11618
2240
11272
7094
6121
2879
2864
8832
11084
6244
5306
11507
6932
10572
11415
9201
10907
6877
11015
2039
1308
9978
4737
5873
2908
11234
4113
5674
788
5017
6829
9488
12286
9736
67
8846
8863
13129
6900
11296
13096
4851
9142
9833
12786
9894
9647
12831
13035
12030
6837
1151
6532
12064
7749
515
11351
3116
10397
8238
3566
12700
4450
7618
2067
10542
5930
5249
4745
4059
13205
8386
5737
5584
6663
5257
1938
7469
4330
9092
12206
4614
10627
8600
12561
4953
7364
9260
11128
752
9967
4552
491
669
6501
8900
7361
2363
6744
141
6595
4457
9699
12629
6225
3328
9705
4438
3650
125
1968
12530
4262
6356
6652
7640
10181
11187
905
5273
10837
618
3965
11713
2909
7903
8417
12058
10552
4705
5183
12634
11698
742
6672
10238
6353
2108
11159
6808
7481
2059
13343
8697
5393
13254
1245
497
7257
6180
10426
12826
1502
4644
9835
11725
4759
919
7721
7415
6147
4625
9792
13088
6650
8168
3117
8373
246
4003
10338
10475
3748
7377
6716
3280
4699
7461
10
10759
7965
8826
3850
6219
5964
4139
9113
12820
5020
9324
11215
12818
1346
1855
4628
74
3953
9038
12462
6591
10534
8708
12271
5847
1682
9401
2434
10563
11819
6623
9769
5859
1116
3217
6363
9033
1578
6828
4801
10925
5343
5259
11976
6416
4496
9556
8493
8861
736
9361
7623
11688
2470
3227
10100
722
4043
4162
11299
3770
1702
5079
12803
4320
235
3089
567
1995
9608
6338
10845
565
4469
2263
13361
3069
6477
12194
1072
11192
8544
12060
11235
2620
3329
2188
8591
6177
10330
10327
11484
12140
1137
8358
6082
7888
10726
10228
8706
1572
6884
1413
4007
2791
12980
7262
9208
5624
1854
5360
11540
3416
2714
10999
5946
6952
11799
6429
12125
11450
11185
6099
12519
10560
8099
10781
4294
9557
12778
4982
11444
8806
3852
9228
11877
5630
3572
12729
11258
2044
9929
29
7874
8062
11204
11525
6871
4076
7314
8641
10931
11420
10120
6567
6423
10790
4325
6430
9961
11739
10942
6788
2472
8813
4902
11137
11900
1474
9626
7403
5825
12504
7263
13353
10856
4456
7869
2734
12122
10233
11916
4611
3063
11017
6373
2285
2989
8151
8220
12331
12830
12305
11431
4682
3249
487
3769
6106
3
2988
9638
9581
5350
13356
6326
9773
9055
4726
272
10557
4776
13127
1433
2782
9558
8435
5541
3728
3847
2286
3060
1244
3964
10731
7303
5951
13007
12193
6866
2235
3892
6628
2179
10986
6452
10496
13133
7097
8018
12042
11809
10676
6770
9880
7823
10664
2631
1242
9516
851
5836
2913
12667
6317
1491
3092
11995
2182
6979
1424
5942
5909
5012
10315
915
1320
11429
10002
4413
6111
8892
4082
7895
3344
971
12358
8908
9409
9641
701
11417
11965
5156
144
4980
11578
1713
615
2765
11521
7666
214
9304
1208
9282
7767
2009
7753
7882
9146
10677
12391
6265
4300
8127
6581
12864
1549
10360
2729
1516
792
13273
6671
7971
12898
5731
4667
9018
11552
8865
9740
5345
12727
10493
4546
716
9524
8202
3154
96
12147
13242
9688
11749
5952
3262
6728
11726
7203
3004
8869
8423
12678
9166
7956
1258
12330
4574
12628
8230
11637
1496
9268
3737
10205
3243
374
5882
10823
5800
13251
8412
5649
9809
13103
2943
13373
12828
12474
3360
5889
9343
7696
8175
12174
9975
5419
2963
12087
9035
7859
10042
5618
2251
10195
3962
2242
3310
5732
6194
5430
12251
3730
3008
9528
7266
13330
5940
4081
284
6929
3258
912
3999
12380
12832
1240
6823
9493
10838
7311
7045
694
1373
9244
11094
7174
9456
6643
7856
3694
12070
7173
3550
12817
8187
617
9449
2289
11100
12476
8619
11500
4641
10993
3443
5497
532
3642
9383
10213
6259
5037
3629
9212
7645
10317
11827
10463
7025
6637
6994
5064
9867
10707
893
11815
2385
813
11996
4635
5566
5848
2430
3968
4291
5548
2034
1228
2569
10053
8556
639
2843
12660
4610
43
2243
5095
8153
10412
5677
10630
5819
9404
12011
4947
11689
2871
6507
2294
412
10736
8979
11331
7564
4335
8787
11422
10256
75
1746
7032
5648
1760
577
6242
2611
10209
6455
1397
3907
6908
4949
9974
8287
12652
9247
2602
5452
1109
1958
10846
5030
231
9856
13111
11675
6422
11733
8726
10309
7001
8969
7667
4637
7842
4863
10741
2619
1083
11921
242
3234
8402
9573
9787
6113
13
9289
826
10013
6977
6243
11119
3032
12661
13099
10135
1494
1007
3785
9739
3697
9413
11924
745
1233
8321
4627
6592
2677
11942
3957
1085
6300
12517
7139
7877
2836
9348
4880
2026
7177
8896
10650
3947
6850
8705
7556
12762
5897
2389
1911
7458
3240
5162
6862
9485
10578
3742
11532
7399
8114
12160
5204
11956
1703
10513
6933
8988
8555
6832
3450
5161
6734
11375
7381
9794
111
181
11368
1388
4535
8343
4778
12934
2792
5830
6669
10421
13124
4686
9206
13156
7751
1974
10489
3286
7671
11874
7080
7853
5919
20
10635
4080
11604
12386
1459
5466
9645
8888
12977
8431
1903
3167
11320
684
4568
681
6056
8161
7431
6330
13199
10626
12031
858
6665
12849
9840
1480
2427
9838
13161
4780
2756
10998
10200
10681
8019
5876
3804
13003
4688
4313
9580
4746
4895
11302
5179
7389
5652
12007
2773
4579
924
490
6492
8252
6698
7787
2344
7774
3158
2355
1752
11783
1668
754
12508
7942
3637
8170
10467
7158
877
551
13258
6578
36
10404
9836
11083
9982
8011
12906
11140
10057
1021
3941
12875
6708
3763
2415
1864
11895
3671
13102
3915
8150
3851
8265
2024
463
2379
13172
8362
6193
12879
3257
7144
10974
4583
1785
10503
9303
9290
1213
5631
12090
2663
2446
1594
6033
9487
9482
8720
3949
5485
10518
1239
2571
7785
3478
2117
9862
2892
12754
6260
8318
9618
5175
10324
675
11869
7111
9457
3645
7454
5704
11630
385
6982
4206
12800
10484
10116
11779
2488
3966
541
12219
3623
306
940
147
6057
11950
2923
10639
7829
9719
969
5574
7466
5472
12005
441
13215
5488
9375
8649
10165
2254
9464
8926
1147
2319
12785
6893
12939
11096
13137
12603
7395
3972
1188
10510
5218
325
11824
7582
10621
5509
10232
4150
9512
5155
4963
11747
1933
7068
12119
3043
674
10678
9141
2208
3667
12662
12611
2567
9817
5564
12523
1624
2079
3051
2110
3100
12863
5565
9294
12836
9058
7855
7350
795
2899
2942
11225
3479
8180
977
256
5823
3204
8612
11207
7887
4288
10393
8701
6367
665
7136
11624
9931
12189
741
5568
932
3122
6989
12576
11199
2676
4272
322
2751
8285
8134
2550
11512
703
6914
4581
5100
3278
8849
5518
5440
10190
7991
1234
8954
1691
225
9125
159
5450
4836
1193
6802
5985
4127
221
12460
13090
5837
2328
10670
392
9067
10237
9149
6230
11545
3362
2898
13231
2944
2967
1017
1104
7438
2012
4858
13135
7267
2587
3505
6682
7693
2831
4034
12317
8684
8448
12365
11790
12506
5734
6179
7651
2981
8748
11105
11517
5653
11606
2666
8339
4886
328
10113
3980
3336
9219
3606
492
10056
1641
859
1438
6732
2695
1883
12461
5793
10336
1570
5740
10713
1939
190
6103
12877
86
6234
11944
6065
1667
10420
11409
8976
7291
3129
10441
9385
7170
348
1989
4318
6742
6779
2266
6073
12682
12078
12676
11110
7074
5214
8605
7336
3843
10285
5368
11583
2487
1684
7983
2437
12726
3595
12753
10668
4101
12432
12382
5081
9709
11023
5756
10886
2584
4647
3668
4694
13213
4178
5668
0
3339
2256
6037
5181
13368
403
9441
6078
10640
10390
1533
4396
8608
1528
2499
6899
846
5888
9834
12102
10051
9755
11369
8541
10357
4545
12890
105
2325
12724
9334
1202
12951
8506
6167
4462
11983
10023
13315
6510
4657
5283
1011
462
7789
1885
93
5986
3783
5887
856
2448
5110
1418
2384
599
1248
11298
9928
3514
11443
3471
12356
760
7577
5327
10943
1671
2098
10911
12068
2691
10031
4382
6621
13296
3872
1487
868
7584
10455
1210
11262
1663
5780
3496
4245
11947
3627
5978
7020
12531
2600
9415
10334
6079
2512
5301
7809
2990
9196
4961
3974
7883
8803
1227
11289
8648
12231
6641
8139
2815
1103
2653
8783
3938
1777
365
794
4884
4131
10546
6076
305
2582
4542
1956
11242
2045
807
12522
9511
5717
5207
8579
11905
534
3597
5781
4014
7294
6412
1721
178
8398
13367
4406
4743
5075
13170
7819
1005
4875
10482
4368
11894
5371
9544
6620
8160
4319
8794
2964
3021
8474
572
10962
8990
5702
12085
3741
4939
11265
9609
4595
4279
10220
13109
3026
10162
4072
6248
3868
7697
4364
11209
2443
3094
10849
10020
7028
39
10973
6459
9328
3558
9998
9813
1732
5797
10857
1309
8812
5777
7396
4909
8964
5148
4576
9703
3364
13354
12283
12274
3809
12155
7807
8995
12494
12499
295
10555
12860
7881
8330
9088
8477
1054
12599
7863
6282
3264
11593
12565
10060
753
11249
11071
1654
5348
8381
1241
8145
8669
1288
3015
7879
6427
1421
3124
3679
5266
2604
6920
5352
12272
6562
2288
12256
11478
707
2322
4713
10182
9349
2589
7065
3924
11561
4918
8165
8462
212
2592
9338
3768
2866
2723
4066
6162
11142
4128
2692
7566
11336
1926
4163
5226
7385
2049
13379
4632
10985
11341
7916
4075
8722
9841
9942
7335
7594
9670
12999
10608
10721
281
2656
10819
713
9119
2451
4223
7497
13246
10369
3954
4196
586
12086
3480
1351
4383
10196
10575
2324
377
1360
5276
4904
8149
1305
7254
12553
7510
4893
1515
2891
12144
9994
3576
10206
6063
3818
5956
8735
7483
8660
5741
1924
5765
11098
11161
9131
1838
5409
12093
13067
12963
9672
13228
7536
3483
8670
3771
15
10783
4463
6228
12984
12236
1254
5422
5772
2156
3284
6745
3690
7286
4823
1646
9566
3990
11998
9002
8584
908
1679
3613
1677
9895
8916
13234
2625
5901
2506
6074
6777
1344
279
270
3630
1601
2241
658
593
10939
2962
11764
12927
7293
7062
6781
12299
1589
8083
11898
6720
3827
731
4362
11542
12292
5841
12764
4371
12226
7210
1672
7814
6370
13181
5607
7059
11822
4796
777
11777
4309
6053
3045
1156
6001
11206
12871
9332
4271
4835
1568
3080
2074
9852
10124
7167
362
717
1336
11791
12136
4091
6953
485
1230
13341
2048
11039
11224
4991
686
6811
8547
7757
5292
6889
11850
5831
2994
1125
8130
3151
6293
6973
4430
13262
946
11452
6009
12947
3242
9221
705
724
8673
10904
9160
3245
10313
8225
9675
2939
12021
4298
10164
4473
4781
11917
11021
3726
10746
122
8523
13055
7902
6288
2150
1621
3048
1042
338
5966
4588
10624
2164
6937
12165
11629
11344
5169
10093
3195
1253
7239
8408
9177
12135
8756
3590
3542
13118
1292
947
6807
9985
11510
8834
5975
6895
2863
10508
408
3881
985
12791
8770
4919
1217
1898
8255
9683
6247
8043
10653
13123
10786
11347
5853
8664
10436
12773
10024
4135
637
4302
4527
413
10953
10922
9293
4638
9179
4242
3279
8915
2200
13165
616
6254
3997
5329
13084
2665
10839
1932
4673
5091
4670
6768
9135
3873
157
6041
2116
6334
6761
7214
3200
6859
11886
10280
3168
4513
8958
12117
2870
3959
2999
8072
7886
1571
2069
7035
8122
10155
1786
10770
8886
1053
12566
4138
2517
2583
4257
4191
7998
10808
13070
2115
10395
9408
11925
4860
9702
12367
2776
13269
6241
8822
13302
6034
3495
2169
5893
5469
8977
9879
4733
12127
5749
8971
259
12741
9178
3385
6268
13132
9992
10775
7911
3659
2314
113
11115
2099
11773
7449
12957
6473
55
8769
8585
7457
11054
12862
5209
4360
3686
7607
4431
6031
4879
12870
8247
3839
6964
11150
10142
3933
12332
10291
216
9004
3036
8110
8199
9072
2941
12471
1588
6949
3554
2196
11186
471
13328
4353
8743
8436
2885
6975
3513
2423
547
8634
2992
1678
12548
1260
8746
6496
11166
902
3374
9029
11511
2209
9582
11231
511
8514
2858
172
6731
1714
8831
5375
7000
9768
10271
1687
5553
4790
6461
6136
5157
5055
12790
2803
13229
10708
1251
3238
1851
10669
3345
8407
3003
2399
4784
5991
2545
13321
7375
1120
8534
5593
13238
8512
545
1745
5963
5232
4182
4388
12054
12624
2484
10365
12123
3379
7588
12814
5915
1286
11011
2033
1917
1
7151
3580
11252
10492
10344
2329
12411
7076
9467
1162
2926
8040
9591
11154
7589
9253
12001
10425
5987
10836
4071
4047
6297
388
7521
7363
2058
1130
12975
5646
12027
3477
5278
8780
10528
10168
1514
3302
4020
2790
2801
11034
4975
7183
10574
3807
5914
13038
8502
8191
10257
8296
7569
7754
7590
10506
7591
9132
8563
7967
9101
4572
5844
6322
8214
12746
6371
873
112
955
12230
8740
2323
909
267
9561
64
13104
3787
6852
7964
4331
22
2978
3815
4286
2968
11247
666
1836
1537
353
10072
5119
9877
10468
1235
5758
12988
5370
12511
11340
5264
8709
3193
2083
7429
7777
1805
1386
10460
4336
1627
11354
287
544
1506
779
5685
5299
12261
838
9423
1209
10647
2670
4503
9520
7997
3854
4582
7175
12702
5569
12896
12992
11245
11260
1844
6188
5917
6036
7391
1307
6825
9950
1224
1132
2890
7416
13357
11796
1168
12191
1936
12666
8786
11080
8952
7912
6448
4822
12616
8396
12342
5609
5980
3651
2276
11699
1170
11263
13148
1575
3497
10829
3230
4399
10795
3855
3183
5116
2804
8550
9497
8939
2551
1517
9020
9152
3236
8056
422
9860
7301
3272
8113
2284
2080
848
11359
11342
7990
7841
9937
1562
933
7195
1111
9669
3506
9991
1212
5959
7554
7670
5604
9918
6006
4227
1455
6301
10564
13266
1725
3318
3269
9563
11412
9531
8936
3434
3704
2038
7096
3263
7342
8452
580
10863
1737
6133
5041
11391
4763
8286
7474
9587
5762
12150
8304
9054
6653
10039
11693
8368
9390
9068
4923
10743
6730
11270
11374
5473
12281
8951
4310
7071
10211
8762
11292
4979
10905
5121
12004
11315
6366
493
109
7890
7049
12048
9935
2682
7690
11721
8807
9953
6719
8797
1469
5972
10430
2184
4569
9932
3119
2705
2460
4039
7514
7873
286
2257
2386
12538
8596
8779
2155
11774
11881
3563
11547
13128
5684
6880
2096
4121
3353
8029
5317
3540
11366
2445
32
1573
4872
10147
2473
7452
10811
455
11962
2906
5619
7756
7742
10778
1050
8997
5294
10097
728
2011
6490
4183
7919
3191
8375
5556
12592
2905
3081
6727
3018
5636
6097
1087
5298
8704
12284
2911
13136
1483
10305
6092
3917
9499
4378
11449
7534
3428
8305
9896
8517
10456
3102
10561
4577
6016
10735
659
8068
359
7966
261
8603
5871
10089
9725
50
7549
2983
12416
10771
12563
4006
3721
1036
5322
38
7981
5591
8973
1754
2199
10956
9109
2762
3372
9796
8391
2008
7914
8236
879
195
1766
12822
2518
5484
4957
1092
2816
8564
11035
2998
3681
1275
4426
7370
937
3529
10090
12169
4913
6276
12447
3817
2566
5339
2757
8384
7915
5615
13073
7109
8962
10470
4691
9589
9078
2234
5857
11646
11414
4678
7189
4698
12659
218
9168
4523
7132
13050
7940
6921
8754
5271
6523
10260
10381
3093
7791
7954
2366
8232
5908
13177
7920
1508
11666
9330
12725
6524
5621
5151
12972
5979
11277
6957
4346
12856
5385
1674
3058
5697
2778
9571
7612
10355
556
3635
10519
5570
4649
598
7730
5397
10754
6354
12457
769
7232
9881
3579
4078
4901
4721
6758
9938
11214
4304
5512
10605
857
1880
11283
11467
10059
10408
12685
872
6951
1961
155
5447
2547
10172
1155
5626
1030
10850
2516
8107
8633
11061
715
11785
7634
8058
3761
891
9839
9099
10352
5027
7142
8870
9746
11696
378
6527
7792
11549
8981
2712
5514
11377
5996
11333
7986
1073
476
10270
9602
7552
4287
993
5791
3237
1323
11915
13131
4415
5727
8499
5032
7848
1929
3023
12141
2953
11787
303
5551
1778
2809
7970
7104
8949
323
790
7369
6943
8351
4363
12374
5516
12952
11050
10690
5521
5096
10642
3485
2230
8695
320
1940
5522
9218
6007
404
10062
3746
6608
12891
11129
8022
12346
4643
6559
7804
5258
9697
8595
10760
5614
980
1767
12779
2914
10511
13347
6214
11742
6327
13226
3717
11255
1399
2876
8228
7110
68
5331
145
9729
12152
1061
3904
8249
10438
5748
12995
3409
8067
2088
512
10710
2764
866
11652
5892
8961
10785
7784
6632
4580
2159
9446
11735
5471
4494
4132
11325
1993
10350
7054
2725
2867
10243
11649
2282
1095
10332
9455
11134
11920
3796
11989
3891
6843
9924
5540
10696
8075
3570
9130
5681
10646
8972
340
850
6409
10715
7815
3534
3343
2321
5954
12897
4915
1423
12009
9489
9811
5483
4768
10689
3859
132
1774
285
1039
9825
11093
1823
12630
8792
5849
8567
4663
8455
4700
10702
442
12443
5102
4937
2957
3715
4060
8817
2813
1563
7826
11518
3321
12154
5880
7906
9331
3002
9560
1342
4267
4793
10231
6105
10304
7133
4458
2407
13223
11515
2578
12932
3978
10026
8057
5885
10909
4740
6928
5215
5706
8246
12394
11858
8527
11658
5782
5771
2157
8566
6270
4351
6833
10512
7197
2522
10699
3194
11002
10562
1002
12118
1435
13365
10992
9034
11574
8858
9200
7676
1759
2915
10965
7426
2931
10452
608
4803
10722
7439
11066
4928
6853
4002
11097
9195
2883
550
6934
5014
12693
12145
4466
10095
10375
7316
2910
3592
12962
5708
3112
3862
11908
10880
3970
3386
10434
11926
7985
9917
12142
3072
92
8119
2194
3889
10593
2904
4586
5359
117
360
6968
13363
3456
6400
11934
834
6226
8799
6766
9071
2881
12614
5934
3866
12728
7939
12584
10328
2693
2599
8843
4299
7506
3633
1378
5195
11714
2851
5921
6083
7624
9861
3594
5467
9046
849
12327
6308
1152
2769
10740
6012
5813
7127
12734
1511
3611
9716
4744
8829
5724
2207
5043
619
4416
3838
9603
9386
7996
10226
688
3905
6110
8953
749
6165
11842
2996
4697
1381
4493
5149
297
4160
6778
10216
2586
5761
6647
12072
2268
3239
12100
13359
9619
6571
5787
11316
12240
4940
5854
11268
896
9954
3844
5738
6153
6018
11092
6017
6700
5588
1000
6995
1249
10526
1452
5763
6283
13279
5842
8190
8809
5645
6711
6478
11893
1539
11849
3504
10198
1440
4390
11446
8070
9514
2894
49
6947
319
7408
5234
12275
3615
6687
3931
11654
12295
13196
3551
4117
11229
6035
5861
6145
2309
8000
1038
1129
9213
9478
11160
970
10325
5205
5035
12383
7221
11421
8562
9700
9468
7119
6764
4105
13012
604
7476
1049
8599
7338
5688
11843
4141
11088
7750
1550
6534
7026
1565
3703
90
6025
12671
4976
4468
11290
447
3571
5939
8883
1525
6443
12126
7567
12914
4993
5113
12945
5059
3976
10769
12549
12653
8291
5361
4498
11063
8441
8422
4722
7773
5167
13059
6324
975
12557
4481
7840
426
2925
11201
3649
283
7560
3674
5968
4086
5808
4337
5662
8372
6729
9173
10224
4486
1313
1398
967
4093
9853
4283
1282
3932
3445
12074
10359
10623
7118
5152
12544
6550
3756
7936
9258
5767
5723
3992
8980
7713
12641
4869
1354
4896
12577
2783
6278
9450
5245
4140
12707
12819
4027
2839
11988
6918
10893
7507
11488
11243
119
1842
10556
10146
3887
12769
8837
314
2141
11825
10718
13078
8401
7793
1608
3000
1861
7081
1004
1519
9851
1295
6365
1204
5812
6091
1252
6295
7101
3147
10502
12325
9318
5722
7063
3573
3685
8359
150
10154
10210
5642
3439
1603
9382
2414
9717
1757
10916
7357
3486
9007
2768
570
7681
2937
9371
7741
7200
7860
5358
1037
8810
6878
5073
10364
11571
3143
9286
6351
8234
2496
7703
7392
7540
5418
7398
5241
629
3482
3926
185
12014
8157
6656
4392
11211
2129
2198
489
2065
6206
5036
12772
7786
2538
7070
1820
2687
1707
7414
3261
9648
3923
726
9606
11706
10589
6043
9749
8871
5705
4230
7472
12177
8804
135
6940
10409
13303
1432
11498
7922
10854
4189
8273
11018
747
4199
8532
7896
7661
7486
10129
6362
4022
7548
8617
1872
6881
8789
7779
2846
12608
8171
2178
7672
12884
2689
13336
6551
1402
5971
10078
5789
9680
4332
6945
1231
10789
9731
7818
10579
424
7495
9001
3382
10603
8501
12218
3900
6686
2917
11907
3781
1157
3700
1886
3216
10825
640
1086
2004
13232
9977
10981
7384
4615
7440
2091
9515
9011
17
11945
2419
12488
4074
10462
12650
957
9224
961
11503
12368
381
11327
10329
9094
12098
10183
3618
197
10597
7659
4936
6916
8271
7801
720
4348
13318
331
2924
10428
2307
8303
12353
5962
6733
7836
9650
3123
2317
10289
165
10179
631
10052
11282
2737
6860
4429
5002
438
4229
3632
2618
8914
3784
4742
8625
12792
2269
12006
3857
1653
1410
10480
6171
7258
6239
6906
1024
3520
4321
11024
12481
10881
10631
2202
12804
861
13244
3288
2054
5657
3135
9015
7027
9407
9240
12298
12170
11660
1788
8636
5752
6024
11702
11103
4109
4118
12297
9816
8377
9433
8008
3561
8862
5010
7847
13280
25
11781
3946
7386
2166
6071
3614
7662
10061
3377
1257
11580
12273
9926
9765
6377
2035
6630
2605
503
2717
2485
10127
8833
6649
10137
6381
6931
1032
9715
11851
2375
7894
11468
4618
8624
8975
5260
4727
6703
10600
10440
13366
13374
6946
13212
12839
9344
5366
1256
2652
10388
9863
5905
310
7204
4179
3090
12291
12745
3528
11846
3765
9999
11668
535
11284
9222
2697
372
1417
5423
12756
2504
5067
1462
3511
1723
7312
10385
13030
5133
10005
6013
8076
5821
12889
3454
523
6784
10343
1985
6264
11364
12410
672
6844
5405
12040
2859
9323
6140
1650
3897
9780
5535
1161
2250
9562
12847
4241
10298
62
11122
10803
12521
11891
13255
60
13150
7694
9586
12670
6569
1167
10732
5549
6497
6819
10119
6974
3419
10431
8719
9797
9388
11599
13115
7100
7613
6170
780
9983
9384
4281
5833
1753
11198
973
2535
5783
3371
9631
11970
3446
294
4564
3810
8601
11804
2295
11483
8905
12595
3057
8840
6081
2785
3399
3233
3593
4575
4154
11082
2113
207
11633
4423
13230
5898
8721
2842
7943
456
5076
12618
3588
5776
1063
6069
11067
7014
708
9577
4491
12427
10960
12442
12280
1500
12513
8295
2151
670
7824
11762
1236
6816
2476
10801
6599
12
569
237
7131
1698
3173
4087
12268
3024
10288
1222
7550
800
8415
5520
9012
321
1335
3222
10794
402
12583
13036
10366
10472
6466
7898
6894
763
9362
12580
1312
1062
2081
6624
6199
11275
10853
1016
12352
2616
10865
5354
4707
6320
11841
7366
5872
7745
12413
10809
2120
5192
7926
7383
9900
564
7988
10980
6216
3327
13079
1298
13222
11044
2378
6950
5580
10567
9517
10996
1962
5198
9484
6481
1473
10088
10354
12731
7810
10870
5395
3646
10619
8476
4110
1904
13358
9871
176
6902
8507
1712
1284
5086
2168
913
6622
1443
12075
6705
6051
11586
3825
3869
7176
3644
9869
5455
6638
5691
6942
9799
1166
5174
6038
5080
8188
1177
3189
7626
288
3246
5993
419
11147
1158
6261
2085
4849
1115
6861
818
12438
815
73
11763
11244
10022
11961
3118
691
4226
3114
6762
2064
11703
827
11935
3212
6122
10259
12287
513
10923
12049
6754
1416
4381
2825
9279
4621
12838
7006
4499
11504
7055
6383
10144
5679
4905
9541
5281
3292
9722
8982
9355
11584
6070
3012
278
12892
1206
5743
4428
7735
8425
7447
1982
7555
636
13311
11766
11042
5534
9342
2636
9118
2669
10321
9659
1604
2982
3631
9661
8796
943
3833
7663
5941
11130
10602
12759
6790
8488
12166
5643
6535
10087
8643
8135
30
1800
291
12429
8872
4680
2312
4806
12859
9090
1582
12833
12922
8004
13040
11626
52
1058
7933
4665
5896
2000
9049
8543
1696
2203
3720
3137
3987
1999
7212
7858
10258
1529
11205
9353
5297
8121
12000
9126
11394
364
11672
6359
8626
7368
9414
6939
1221
5575
2645
183
12712
1146
8500
4983
13097
9594
308
5792
6512
8414
3134
210
3906
5018
12774
9463
10169
5835
11303
5085
997
5683
8388
1813
773
1949
1055
7601
11501
12953
7247
251
9225
1181
5883
13176
11121
2958
5798
10141
9250
9627
12043
6609
9578
12937
9432
5407
13071
5024
9345
13010
6645
8430
5128
9436
12959
2976
2970
7845
10944
6323
2507
10348
6602
11441
6594
6544
1891
1094
12718
6799
3732
2651
8409
5826
177
10804
10250
3295
12695
8966
6039
1685
4522
10515
696
4739
7905
1264
6997
2327
6159
2980
1873
8257
6160
10535
1001
6192
3375
917
3641
9572
10215
6598
11269
4954
4391
12220
517
11585
11879
12821
4634
8124
575
5932
11814
5303
10126
1790
1098
7230
6936
10644
3402
8956
9424
5587
6892
4602
11880
9795
2819
6743
7432
1828
6456
10545
11288
382
12357
11372
7037
12717
8777
9723
1634
1389
1356
8774
4045
13259
8129
1035
11138
9357
9460
5635
10403
625
7273
2332
9359
12787
7181
4898
5243
9783
8033
9891
4782
2382
2131
5865
11683
1431
5006
10762
3834
8873
910
8974
2367
831
2985
3794
7865
8078
7674
11049
5147
9751
10976
5868
12585
11753
12260
7565
5145
4042
11788
12158
9962
2540
5263
194
1595
10276
179
466
10901
429
4828
8123
1914
8965
3672
7289
10234
3934
6117
1970
4708
579
3255
6863
1223
6661
8542
3214
5201
8703
4243
12073
10081
4453
11687
11662
7315
3532
11112
10585
1875
8631
13020
1789
226
1325
11794
7248
1379
4477
10064
4235
979
4843
1779
2789
11748
5039
2062
8876
8642
883
10383
12894
343
10687
4985
6847
3812
12960
6639
4025
1392
1420
9747
10406
1978
11062
8101
806
11806
13320
630
13025
12470
352
8031
12399
3930
7115
11212
9165
8320
9045
5774
1780
4504
10043
10068
6094
5938
11723
12923
6232
277
8410
2292
4204
8299
11840
12192
5852
6176
11810
3170
880
8662
4800
13208
175
12404
1579
9735
12077
11184
11293
6695
6332
11636
6667
10110
9325
5443
8811
12665
768
3034
7418
5846
13340
2731
5403
814
10136
7973
3311
6776
7761
2018
274
8294
5637
13331
1783
6820
843
7036
5261
13209
2523
10848
9280
10449
7844
5700
3585
9202
13091
7655
11055
12714
7737
2811
2364
11576
6972
13159
11281
12173
2176
13186
8193
11073
1513
845
1690
3277
1271
3998
1467
2807
6822
12035
9040
12805
1343
5392
4554
2013
5834
12065
1450
864
9238
7095
11019
1214
6803
5474
8946
5026
10240
4677
2145
5994
1297
12742
5582
3326
1186
6014
11474
1046
3733
12498
8023
11553
853
11644
11274
11334
9689
5435
8676
7817
8538
6343
5315
3020
6697
1451
2887
1485
5477
3177
7677
7272
1112
7595
9744
9191
3736
8464
12390
1930
12743
4073
7678
989
1937
9273
702
7523
5558
11051
8041
1220
4400
9764
8266
12067
9970
7499
7641
3395
11936
10361
5074
245
5464
1870
4437
3010
8009
4921
6420
11028
651
8080
7484
10178
9300
2148
5860
11674
10796
5200
13307
3492
7169
9721
1059
3955
2721
11541
2340
5555
10442
102
10451
3096
5193
5552
12479
11362
8968
10824
7833
12990
12507
6314
3447
4397
2016
1945
6817
11458
1301
554
2509
1425
1987
11239
8623
1010
8206
12837
11538
13092
11482
1334
7736
8628
5054
9919
2673
7688
5434
9172
11866
1824
11065
12809
1064
11311
3055
5246
8047
3948
10988
8315
7043
8215
1715
7004
3567
13289
201
5795
10104
12987
1587
3461
1705
6411
3391
12899
7308
12620
10286
10157
12197
6555
2580
10918
1255
7630
12590
11126
10842
7042
9418
1768
300
11931
11089
1915
1816
12107
5277
6116
3050
10632
4750
2406
6088
11927
8925
6210
10012
35
6901
12613
1944
8074
11223
10399
770
6450
1955
11494
6089
3141
11217
2529
2244
2277
10533
11670
612
8298
3950
10437
12574
9807
10610
9181
9465
2480
9444
193
6403
7541
2638
460
12103
673
3680
2878
3610
5130
7249
4587
8983
9704
2728
10964
2500
3005
9990
1665
6529
740
3553
9576
3363
7496
10290
12907
10906
9523
8920
3963
12187
7103
11868
9534
9820
11621
700
4608
7704
4479
8395
11716
12581
13085
5402
4558
1964
7348
47
12569
1817
5351
11339
10634
5709
6272
1299
354
5320
1597
13219
5718
12340
7999
4996
7365
11392
13179
10652
9579
4603
7009
451
7885
3254
7120
1367
11573
3337
1505
2972
13142
9327
1106
7515
5324
6872
1630
4664
12323
11462
12813
5595
4274
2290
9664
6002
4171
638
11381
2595
217
2275
12016
4444
184
12495
5088
12767
9948
7825
10584
7412
5139
4770
10497
11241
12113
1441
2868
9903
12198
9763
5140
3319
2232
2056
6127
6746
841
488
1959
10694
410
7760
12983
6178
5886
7459
4841
6125
4623
6739
832
3800
10229
302
7657
11107
11407
10187
10675
2455
12524
2593
10712
4296
12370
6883
3133
4675
10577
3994
9420
3370
2955
12246
1867
5468
5364
383
13068
4153
11348
12397
12647
3103
11408
5755
8874
5280
8478
2646
2296
3468
5421
12844
2647
4524
6543
9518
7038
4862
2440
3305
8468
2350
10353
10641
11403
2624
7184
4669
130
9995
5154
723
1639
5766
2112
537
1920
6090
12705
13166
8293
11592
5312
5501
12396
89
798
1495
10810
9445
3530
5773
1648
12794
2154
9509
8755
4341
2041
7632
7714
8224
11620
9271
2338
8195
13277
1296
510
6537
791
2965
8693
8960
2138
1839
9075
1259
5554
4409
13066
7341
5676
4220
524
12316
8088
2225
5426
11179
10217
8867
10613
2668
3503
1901
4395
6442
10066
8569
10657
10663
11761
1174
3822
12333
10550
3442
8712
7638
5973
6003
5999
10401
6563
6387
12913
2190
10727
11118
4984
3607
5425
8418
7951
9713
3625
484
4015
7400
1150
9545
7244
4900
12453
5170
10339
1925
10822
6588
3622
5526
5143
6520
2358
8251
11539
10301
8244
3609
1184
11025
3665
5839
7147
8370
951
54
12681
6093
8549
746
3896
10827
12575
730
268
8658
9056
10055
5236
4216
13145
7482
9411
3323
4521
3723
9256
6211
4099
13227
3283
11427
4088
1172
10075
2720
6721
540
4956
3751
9265
6603
6954
11466
7699
13041
12393
13081
11954
2732
9798
4427
6454
12062
4200
7687
1509
5326
2907
9370
4764
5028
2374
5072
8200
12606
10058
224
4174
8365
8470
1611
3791
4040
12167
5573
11437
8097
10479
3515
9403
12784
316
3084
9292
9326
6304
808
3333
3469
7953
1680
6548
10092
6201
5172
329
7106
11911
7705
9617
8657
6988
65
3877
7698
7621
11986
1472
11236
3749
9831
6062
3019
13138
8261
11566
1984
11395
11259
9951
3384
8992
6659
3587
3294
8933
5958
6984
406
5695
423
13027
7725
234
3865
10970
7015
11818
4410
6903
12510
8397
10295
2017
9882
12081
8118
1232
6418
9227
3688
1189
10035
10910
10693
11163
9778
4401
1006
11554
8143
11432
13375
1620
8094
10855
11913
3828
5944
8317
3719
2641
11516
3228
7798
6482
922
3780
13095
6815
2648
8788
9236
5585
9555
3297
7033
3342
3197
5778
6046
1990
1412
5141
4096
5346
3175
4565
7680
2921
313
941
5118
11404
8661
3169
12625
7355
12909
7875
5877
5038
7711
555
5275
7321
7105
9336
4723
3457
2201
5899
8830
931
7260
8079
12887
10758
8259
7003
11191
8144
3203
2052
3178
9192
2897
4529
10614
10105
8859
8800
1461
9010
9803
357
1802
2828
2474
5680
9532
11433
13332
2224
9776
3029
4339
6386
12885
1207
2667
5160
2308
12601
3967
2109
1142
11248
10134
10108
9568
7406
3298
8211
13174
12289
7240
6992
3065
5335
12915
10485
7864
10207
124
1584
3467
1145
516
2320
143
2231
6821
8444
12263
10391
9203
4061
2713
6767
12329
10139
12052
9249
13154
8727
9329
13058
11635
12680
8182
4433
11999
3731
4959
8048
366
2718
12632
11356
10959
12200
5279
8511
8877
9633
5240
1801
4816
3356
12873
12749
9085
393
13009
108
9185
6142
4890
2795
10312
8816
7326
13069
12799
2912
3248
10691
7520
13293
3552
8620
4501
12669
11992
2812
13270
4786
1535
1832
12572
4749
3028
10474
732
5924
5955
13024
4805
12968
10889
9653
757
12706
12536
12711
1171
11937
11193
2949
4145
11413
10520
13372
6681
5357
10684
8763
9197
1396
9529
6556
10864
1261
6187
2661
4238
7609
10010
764
7961
4126
1946
4478
5321
7464
6139
4955
10570
2822
6517
8010
2534
7717
12955
247
10587
11496
9678
620
5048
6996
9693
11074
11264
11020
12023
7532
5733
2628
4219
1738
646
10671
11056
5729
6867
11513
4369
4231
855
10969
8923
6715
9402
10251
1283
6846
10333
2186
11176
3752
5050
5144
8571
7040
11801
1751
8559
13317
7125
12337
12221
6227
10774
13198
2532
293
10331
3743
4995
10143
7480
6838
7583
1458
2005
761
10356
7763
13122
12045
12423
2318
45
2520
2784
4507
2510
11638
7327
10945
2469
840
2421
9779
2466
7268
12976
5599
11472
6657
11312
4269
3816
309
2802
9536
3692
2095
10284
5427
12698
9005
7064
7088
4845
120
9169
10537
8081
1419
711
3206
4474
3919
1447
11724
9427
8801
7947
10592
10370
958
12143
1797
5187
2028
10908
7561
151
8685
11957
10686
220
12664
12097
11213
945
3893
7087
6565
3636
9473
69
4459
9804
9275
3979
3145
12560
11382
6151
6965
6611
521
7562
10422
2245
452
13260
4273
6382
5304
1317
9272
5336
3803
5678
2741
1180
3013
12982
21
11091
11453
5338
11829
2558
7168
10411
6186
2402
5268
9037
3983
12694
1437
4539
254
7862
4692
4293
4533
2626
2679
561
4761
6098
2029
12512
5137
11400
12235
8387
1101
7995
11919
4933
929
5066
8522
3709
2543
10405
1136
2565
6576
4376
4344
9486
3201
2932
1730
8210
810
11048
5481
2047
10114
5606
7485
1837
2253
5739
9503
1811
6313
1390
8102
5005
8282
7675
11772
6375
2370
4334
7747
2798
4765
6694
2799
11831
3481
4285
8739
10253
6115
4217
5796
11307
13065
12579
13153
10410
1319
3307
5184
1644
10423
11108
1658
6604
3599
7799
9540
84
7329
11319
11665
7442
568
11715
12247
10367
7759
9062
2021
8461
4752
2084
3071
6333
8690
1138
3085
4389
8665
3821
8360
5269
7428
8380
7816
13110
12306
1510
9674
10540
12210
3427
9171
11291
9317
6635
8449
10132
7166
70
10306
7892
9646
315
3619
12389
8325
9849
9278
11754
13061
6428
3498
2654
4292
126
1211
13298
1468
13206
13100
10538
12776
10279
6842
982
5654
12214
13184
11769
8429
6191
465
312
7616
11360
3380
12609
349
12529
3867
2167
7208
8032
8183
5284
6289
12943
5380
2657
9187
1910
13053
11795
12842
7545
7205
2051
4276
5670
5
976
8646
6771
13171
733
9886
4652
11000
10536
2787
725
3744
10867
13287
5015
9786
2061
1666
1643
7838
8233
10278
8227
10814
13011
9042
1482
13305
173
11295
8899
1532
2025
2101
8447
461
5399
12851
8274
1717
4190
6601
2709
4264
11577
13108
2969
3628
3548
1345
4989
11131
8355
4865
3603
1635
11196
10400
10128
2136
8805
9745
11485
9267
12910
8730
12228
6553
9341
12874
7893
8442
5779
9927
558
1068
13342
3322
11423
3225
5178
10015
2855
12229
1427
10019
7085
2236
1555
10698
609
4387
3115
4156
4819
6769
7631
171
10934
1676
7684
10674
11710
9500
2311
6874
10530
623
7851
5498
9732
1165
8308
5111
5248
8545
3524
1683
2467
10302
8331
12788
4550
7642
8528
9019
6757
925
8065
6471
1699
4977
12961
5233
2394
3099
1971
10000
9079
9988
611
2173
5053
650
4814
4853
10949
5983
10037
335
12486
13240
1626
6660
13261
2429
4741
9814
8324
11208
4041
7413
7424
4945
4609
9262
3677
928
3357
8654
9366
5856
8167
1975
6080
8592
4601
10453
8531
3098
11902
481
7373
756
1600
10107
13006
8622
10666
11069
7310
8736
2135
6238
324
12032
5525
1453
9644
1700
7099
10941
6549
5506
9530
12589
6981
11440
3738
6021
10932
7878
1013
8504
11551
10349
4683
5244
6148
12532
8498
6857
12586
4487
3789
8479
1347
3666
10245
8152
7852
4906
4248
11090
9957
4730
2089
644
13175
7282
12466
11778
3232
4946
11789
5252
6491
430
5976
2226
11531
6865
9909
1281
5945
870
13224
11701
3392
13364
10049
2719
7274
8416
13221
3624
12437
10145
2606
6572
6364
4753
624
3101
1814
7072
13031
1488
299
6054
11914
6494
1393
9759
11014
6909
6513
9226
12277
11892
9057
12810
8039
11623
559
8007
415
4394
5507
12101
12882
7872
12835
7271
7241
8894
12313
11863
5319
3313
5712
8922
10070
6737
7372
5013
2527
6580
6685
1504
1126
514
1941
6724
4772
6631
1071
7962
7596
793
4844
4021
11230
8164
847
1008
8082
6032
1326
4490
1321
9829
12781
7505
4695
2745
11757
6445
6584
9667
12203
1580
10032
9121
9
9310
6064
8492
7382
12587
5633
9946
3424
1464
13243
6888
1664
332
11579
3429
12500
7420
6095
158
8218
4018
1124
10913
10111
4920
3271
1499
6723
8901
12026
11820
1794
1988
2736
5714
632
12095
9808
9762
3314
11697
12643
11738
6030
500
12196
734
11987
1003
10086
9655
7788
5490
6202
8824
9161
4147
8717
11495
263
3518
7149
2343
4826
6027
11730
13140
1775
3131
3581
7011
7051
12491
1615
4408
1907
9475
4282
3067
3927
6480
9442
12406
9313
3879
4716
3499
4597
153
3218
6791
6189
1612
6793
439
10984
5433
9757
2777
12019
4914
12440
10568
2066
3602
6138
5135
10895
2197
7743
10521
11445
9435
3969
12034
8791
258
1994
3130
11631
9340
13005
6415
7182
8483
80
6855
1194
4295
6593
9496
1449
3829
10268
9458
718
11059
5486
3281
4868
3157
473
5751
9363
4028
6161
12935
12347
871
1149
796
10293
5623
3894
2132
11767
1576
10133
10581
1475
53
8458
3557
9232
1426
2761
6759
11189
7331
2441
4263
11712
7086
3431
5373
2630
6460
2397
7796
4777
8513
13250
9052
14
3895
5004
1429
5840
7897
10458
1727
1806
2410
12448
11896
5583
11487
8611
8991
7597
538
5287
11164
5286
134
3861
3988
8993
1831
8742
7236
3405
1927
11975
8752
11768
6938
613
10930
3049
9127
1492
8681
7393
8655
12392
2042
12199
1547
934
9538
1998
7744
4005
11378
11117
1765
10745
1825
5196
4736
8878
4326
10223
7551
635
12003
12798
7188
12321
11847
3035
1376
11133
2542
9380
6533
8369
10946
5656
4833
6221
5168
10583
6060
12324
10101
12454
1327
5428
9476
1143
1052
9987
2180
474
4528
11317
405
6325
9771
7048
2478
8707
8950
10307
6680
9356
445
11076
8715
9368
2036
3476
8841
3073
10559
3693
5087
186
4133
1724
12622
2515
963
5546
5325
10445
12573
8744
10083
11451
10173
12525
9567
7379
7227
6589
5063
10122
13233
10751
797
13089
7433
9788
11923
3993
3366
3507
11158
3027
10532
3577
10244
7653
9491
1391
6810
4876
6126
13087
3656
7016
3747
1638
3031
13203
621
13350
4290
9654
2435
12207
8771
2643
9855
9620
3162
7722
7957
6809
4808
4795
9000
6868
5640
379
4620
9494
8893
4250
4585
10241
12596
10919
11037
11651
6922
12949
12478
2916
11233
7600
10443
1859
8844
8879
12148
4738
3166
9156
8725
5855
5068
2395
7909
7719
5254
2413
12204
1350
11087
11940
10047
6342
833
1546
560
1272
2683
7075
5891
230
4464
8602
5318
3871
7145
8485
333
6395
3491
6158
692
10588
6209
8610
8335
9214
4751
6966
8751
11830
12079
397
3856
6717
11641
11943
11489
3451
935
9846
2007
1076
6279
2260
11821
7069
13126
9305
7463
11078
8181
10876
12543
8278
5998
8568
9640
5282
3712
10432
9081
13253
8597
88
6886
11627
12713
2596
2239
3198
8491
2401
3543
12254
6181
2139
7498
8516
12996
4436
4054
2482
5692
5212
972
7797
7261
9583
12128
1445
12744
3041
9453
10548
1048
10897
7969
4385
11803
2977
3841
4592
4967
6190
4111
5572
12435
1340
5222
4234
12322
605
13322
11737
12930
3039
11533
7390
10622
10660
11439
12918
1122
8589
6760
6464
802
2398
11367
7992
4448
5117
1501
9546
6505
8098
6748
587
1858
97
5611
6000
11567
3074
10221
10954
12926
594
11690
2204
6235
3196
9255
10737
9320
7134
4215
3420
5376
3707
1669
6683
10380
3589
6475
11202
2121
9287
12757
2627
9508
10580
9956
6786
6558
8614
2681
3510
11280
7138
4557
520
2383
8856
13051
12433
4725
7050
9684
9887
10543
9822
9598
12775
9639
2093
2068
12867
11728
2191
4626
7783
12969
5238
1026
5528
5451
8069
13286
2800
2162
3767
9319
8091
7904
4198
11613
3910
1022
6539
4783
13197
3282
3546
9679
1294
1490
7781
208
8035
8687
9936
6774
4064
5124
2738
3414
11146
2533
12116
12159
9084
11491
7941
892
5134
6750
5123
4106
6055
9307
6927
4228
4888
6756
9074
12163
10140
11564
6616
8524
10427
9913
13086
5171
3412
3766
7937
5136
12600
12971
983
8250
9183
671
699
5401
12697
1583
3899
4384
9124
2642
8349
11717
13015
9479
3211
9425
4011
7007
11828
3365
10866
12857
1045
6212
10225
2465
454
1577
9091
996
13098
6408
5928
11358
5129
1200
12424
232
7907
536
6026
252
4446
9111
9452
9912
9930
12375
10912
8241
1692
3159
77
2635
5098
4605
3088
5146
9565
13054
585
12063
3705
10499
5106
12047
9997
12266
9448
6701
7346
1102
11729
8724
8229
6072
9728
6545
2273
1556
2696
5491
1329
9461
11007
4303
6831
9874
215
2945
4589
10847
3860
5388
3475
7526
2841
10975
759
4815
10957
3714
4418
11756
10841
7010
4511
3226
3358
10131
12880
6321
7557
9207
13163
11745
1100
8924
2699
3077
11032
8276
8314
449
8819
107
6285
5217
236
8258
10817
8526
10782
6586
5838
10844
167
337
180
6854
5906
4818
5437
5420
5493
2960
13362
12797
12104
11101
12687
1266
6876
2856
8394
10655
11079
2849
7073
8034
2814
9775
10498
4445
1303
57
12084
11326
11436
3753
8520
4774
9502
2920
3687
5237
8037
3814
11596
5686
3823
2572
10204
2539
12944
5903
5163
7219
3640
12452
11800
99
7559
13119
11455
11238
5828
13376
1478
2303
79
5210
10921
8334
7821
4802
9235
400
3252
166
12866
12970
4907
10099
10620
9009
7910
3578
479
1629
421
1362
223
12621
11438
7924
3056
1548
10322
10505
11279
600
2623
7603
3299
4192
11855
6627
9601
11072
416
8400
11480
6834
8734
4031
4379
9907
7242
2409
12162
12537
13308
8838
418
10899
7948
2075
9024
1795
7628
10414
8472
5293
3388
4185
5127
4866
7178
11357
5290
1756
9378
4225
2901
7573
4702
6528
4771
1830
3394
7830
1538
7304
6869
9593
4352
2722
12415
9133
719
9400
12018
5229
10729
9117
2585
2144
10444
12222
13323
12326
2090
5524
1270
1078
4870
2454
11823
12547
6887
5866
12619
12012
1902
8640
10045
12921
4461
10553
13105
6970
1436
2557
505
8309
6152
5291
8615
10389
5270
11170
3215
6935
8312
2886
12571
8450
13225
3880
2760
4696
6845
2219
9554
9854
5221
12824
10539
8518
3874
3180
12319
1280
7465
7976
5943
12998
7982
4988
11136
5803
2104
5285
9939
9782
12301
8328
11306
2740
10900
12233
13349
4187
992
10633
1890
2919
9766
5754
9827
8460
4629
5453
4001
2936
11318
7708
9718
7437
13319
5671
350
5414
6044
9743
6257
8154
9069
10607
7305
5060
8698
9595
12195
12469
8059
448
11386
1833
7410
12966
12825
3070
10972
8030
9220
5730
2733
1229
2771
6468
12823
12802
2362
2114
9611
2483
11256
11173
5077
10516
12514
12740
11190
953
9963
704
7153
7041
8090
12834
13276
10429
9658
11524
3942
8587
5332
2486
9110
11457
257
330
6479
8289
9065
11077
7220
1012
4333
7002
8201
9821
6839
9889
7927
9143
5504
2544
7921
9793
7196
13094
3401
12417
8433
3367
8020
12633
3777
5101
12559
7462
260
4612
13117
2032
6570
2357
11595
4032
6541
11955
3396
3565
12402
4254
601
4404
9570
5062
431
2947
8025
9657
5220
9800
8539
13334
9774
6605
4328
6378
12208
2334
13028
7324
10654
3127
450
12178
3626
9167
7223
12483
6747
11682
9030
12720
4912
1105
8427
7347
7619
3430
8001
8354
3355
7689
2046
4762
11125
2644
3951
12343
801
7517
1781
7185
1592
10123
9369
1709
4709
13281
1877
13339
12134
4398
7259
5444
7733
1750
3774
6223
8205
341
3836
9372
5693
5314
7790
11993
10763
11156
5094
1179
9337
1377
2649
5334
6102
12979
5895
6028
4941
12568
11393
4412
2187
10345
7576
12865
10254
12916
1943
9789
8131
11966
9112
1293
211
2794
6740
3397
7121
11463
6503
129
336
3383
5330
3082
6709
3223
8784
8987
1645
9373
12550
7374
10303
661
6612
4825
7679
11860
3464
8942
9264
2022
3754
5182
1051
8996
5597
12227
1619
529
6042
3220
12925
6629
9180
2216
8
8747
1018
12578
6925
12691
44
12719
1942
4881
2342
778
2997
11985
3417
9979
4142
8237
7827
5562
3095
5084
6154
7306
3778
7422
9549
10319
6741
6273
11219
1554
4929
9302
9233
2073
7908
2122
5056
9346
5638
13113
10500
8521
6606
3918
7238
4168
3912
911
8802
4824
9209
3864
9708
11882
4827
4085
6912
9472
3403
8680
6610
6991
8002
6435
12028
8263
5159
91
11813
12334
94
8192
4380
11479
5990
7959
2291
8463
10616
4092
4962
10773
10571
8897
4452
3033
9017
3308
7253
974
9767
7280
3304
1857
1084
11335
11622
11102
2746
11565
1160
6010
12205
9014
3231
1605
10747
5530
9429
5988
13335
2660
7126
6350
11972
280
5071
9061
7608
9083
11543
8557
28
5690
1383
11113
10862
2217
9981
10050
4004
7082
693
11928
7117
8092
9695
11760
7934
13130
3699
3087
7668
2359
7489
12037
240
1812
10323
9028
7989
8405
9114
6930
9365
11528
6396
1720
1972
6236
9730
8759
12456
9738
1479
12015
6662
6061
11086
11526
5406
7795
5029
6233
4480
9138
7605
7022
192
11132
468
11424
264
7648
11755
7397
1826
1862
10435
12405
11165
7160
12420
1400
11523
2227
6516
13014
3389
8332
1134
11285
1888
2710
2902
9884
6753
11349
8197
12069
8963
66
4561
3886
1374
11486
2425
590
11600
470
12255
12658
12076
10780
9660
6131
8467
2411
2229
1148
9612
8336
5242
9944
11684
12244
12161
714
7709
2525
721
10459
3608
1566
7891
228
817
4674
1574
1884
10469
7849
12886
12013
2590
2614
3030
6476
1387
4218
290
11232
578
526
4578
3664
6985
6679
11544
4278
10214
603
11475
6385
10011
4148
862
5328
2278
6813
8346
12855
4534
4648
5442
6668
8281
4651
3187
12080
2426
12369
6337
4249
1484
9543
12418
4024
12861
3596
668
136
7766
2212
5775
7635
2258
11286
12350
869
5122
8347
5799
9016
9526
409
9122
3536
5389
2237
12139
8554
11792
4246
1089
10149
2987
7958
12431
5496
4211
5851
1977
2462
12737
12288
6615
8186
6215
7388
10084
3132
2140
59
7654
4544
7718
6538
266
11807
13288
8184
1175
1693
298
5581
13344
11057
2248
3501
13380
12039
10415
2796
7935
12320
11003
3724
5153
244
13316
5992
4266
10531
5470
8723
8054
10983
4100
6231
5746
4897
12262
10176
156
6163
3764
13217
4175
8737
914
4792
9878
11563
2946
7290
6794
11873
5759
2055
3320
2274
2238
12179
2408
4518
739
7180
13282
6196
4424
6393
37
5878
5300
6818
1850
10882
8860
2107
4655
7135
527
11012
3244
12388
7417
10612
3835
6457
8420
6237
9076
2086
995
4788
6677
6990
2948
11560
1268
12318
7202
363
4068
4944
3878
3654
10248
11559
10551
5550
7729
6830
9044
4917
10337
361
2213
8848
9553
4821
7356
10772
9105
2228
427
3858
10753
2844
8194
1216
8741
4104
5747
8253
8766
1182
4779
10952
9189
12965
875
11602
13143
12639
4599
9043
4701
13355
8361
1876
8510
5742
12044
10752
1748
3415
12138
12936
7332
12400
5216
1369
2824
8682
11194
9134
3352
5745
6174
12501
9210
188
3500
10749
1887
9047
3350
6203
8307
5879
10028
9635
10368
7643
11271
5223
9163
6693
3840
12593
5622
6500
2422
11448
10477
2817
2848
11793
4425
8985
169
2698
6897
948
3853
774
10118
11162
2337
7977
8503
8203
9625
9439
3066
9041
8063
712
1967
758
9139
6229
5480
7636
11380
11598
4492
10894
1300
1673
2961
10433
8060
1014
4256
960
7319
8668
83
1337
1031
13338
7057
10636
5544
9170
2165
11144
8053
6634
11680
12212
9681
9812
12761
6885
2450
10799
2316
2541
5197
6441
1741
11536
7250
591
9597
7530
3487
6384
10398
4719
3303
8049
2356
5977
11736
9777
5476
11294
3545
1694
12946
7524
10704
13292
5465
11418
3309
839
12106
2603
10915
11664
4350
10807
9989
6253
10407
9758
11838
3359
6008
12534
1607
13047
3944
11405
1602
12657
11123
2143
5089
114
10883
7917
4514
12748
6135
11969
7163
10966
1827
9687
13002
6298
8016
10188
11447
3971
5131
6752
1935
11081
11322
9120
4212
8907
4184
1246
10982
11346
12050
6710
11550
3985
6262
1477
3996
7279
9875
2685
3040
3793
1948
8941
457
695
8815
8419
6654
7056
8146
407
11826
3493
11171
994
926
3702
7164
11313
13201
9263
6446
7333
2015
6245
7665
552
10816
10637
4483
11910
11469
5790
444
8338
12883
7295
