11929
1316
5760
7837
562
347
7732
10833
11428
8333
6509
5875
11709
7929
345
8248
811
12967
5031
11607
5537
7871
7494
7473
8678
4449
2128
1543
11353
12089
10488
9129
12111
12130
6015
11887
8598
7503
3174
2031
4393
8931
6388
2118
9848
9607
1623
8451
9430
12760
1729
9668
4152
8866
2158
7535
2928
12739
9624
11734
10201
11632
653
4414
3338
9269
11530
7122
11200
11967
3472
12355
1250
1762
6962
2597
13236
7323
5316
4443
1843
5665
3306
9215
5543
7190
12708
1731
3939
2852
9050
11522
5505
7570
5764
9559
2559
13191
10490
11384
7481
3704
117
12365
11703
11094
1004
1496
326
6071
6957
11721
6824
11039
13199
7818
3965
7640
5867
6829
11814
3585
9342
1595
8004
3834
13241
3295
11626
4634
12894
6892
3532
4983
11042
2540
9165
8643
1780
814
7244
2624
2828
7532
5999
2593
11241
10439
10945
4529
9576
7817
8380
7015
9062
3625
730
4444
11472
2795
4024
13014
6834
4187
12867
2075
13015
13140
3747
9235
6223
7893
1717
3070
6747
3536
11623
9233
2032
258
9076
10433
3493
5465
1014
2541
8053
2444
11807
5879
758
10753
1187
6897
10188
1850
11736
8702
457
7319
7960
11865
2302
3448
13147
7531
5194
8024
2747
10038
6787
1364
6096
9182
8050
9690
7140
5533
7650
9727
1099
5592
1934
7710
9053
464
3612
11590
4347
10649
6368
3016
8764
2829
8481
11980
8688
10928
2900
634
203
2622
11016
3075
3017
5605
10888
6451
5721
3544
7330
12056
8553
528
2933
10700
6706
689
9790
9194
8583
3438
1569
6617
8519
1613
11909
1688
11308
6557
2744
3361
1980
5208
13048
7092
3047
7150
1906
12747
3601
12279
6564
7734
7658
1527
8836
11612
3920
11659
9159
4009
12171
4103
2376
3373
8222
13351
12853
10275
8329
7089
7867
243
12109
6389
6879
9333
1852
2930
6402
2531
13214
9022
11064
11218
8319
2259
2954
4584
1330
8757
12366
1660
959
6958
10716
8216
10314
1845
7444
1409
4508
12290
5225
11964
1553
1306
1353
11060
8911
9358
9933
5224
4766
12651
3210
7944
1960
6144
6113
11327
9506
2845
4595
8780
11431
4039
4392
5871
4575
10211
2881
10845
8912
8390
11527
5897
5073
10653
12353
8783
4489
3026
6731
6758
2810
12252
9441
4546
4504
2980
3732
3934
7655
2000
9594
6512
9911
11662
10136
3034
11766
8414
10383
9090
10449
9572
11788
13010
9659
5147
11212
9414
9795
2976
10848
4058
3375
11576
12393
1299
7042
11566
7678
2661
2641
11453
2358
8183
10143
3967
11954
7260
10570
12837
3020
2290
4479
8490
8801
1261
12705
8211
13009
9336
11644
4219
4623
13085
7022
12195
2660
8751
9854
10432
9620
8592
5754
9307
5178
6741
12375
2025
6233
12227
11526
10571
9287
9679
1555
1122
1629
1280
1907
8802
4914
11367
9264
7227
5878
1887
2228
11081
7917
11448
4821
6307
2165
2422
6944
363
8907
2316
8054
11560
10028
13288
11322
3724
2796
2685
5715
8060
11979
9105
5544
12639
8510
7180
11398
11648
5022
2929
317
1749
12782
3908
6128
11718
1918
2893
2882
6718
11141
7445
11655
6561
1787
486
6077
9077
819
5250
3885
10950
417
12768
11477
10156
8044
12893
11411
3734
3484
4237
10615
8279
1408
1237
11022
1818
8404
10682
5602
6458
10594
4306
4812
3160
387
13034
9923
8650
11912
12046
12752
2700
131
8280
127
11864
2299
11872
6281
2439
3914
12674
9301
12293
12088
3890
8198
5446
8671
4255
2420
8311
2612
10645
10009
1215
3398
5682
13022
7488
6785
11720
7401
3205
2130
13155
6633
821
5142
9199
12854
4277
6379
6251
10989
12852
4465
5065
375
8692
3251
9958
4846
10242
1163
12114
12384
8115
4910
8828
3465
8226
12351
8006
11261
10377
8776
771
4476
7850
1463
8456
13072
6488
13297
12133
12124
11861
8026
11152
4079
7513
12224
3110
7979
2267
12164
12554
6318
11963
2573
6971
4829
6107
9297
5377
8017
5961
1057
11535
8003
5629
2416
4859
8235
13248
11941
8884
11309
10977
12594
8374
10750
6999
571
13192
4562
978
6155
3270
9032
3653
6904
5539
4666
865
6047
12464
3678
3569
10282
2888
1770
4115
2106
8439
8855
19
7707
5416
6439
9876
9393
8652
8795
7228
3549
888
1799
8525
9377
6919
8775
7738
11389
10802
2735
13333
3689
10394
8459
11323
4972
4137
7460
9865
4658
7402
3755
10742
3149
11430
4221
13019
12615
4252
2027
6882
3909
3562
2326
11938
13062
2124
1586
7811
4090
7764
9026
6252
4063
6542
4754
11614
9925
3436
9392
204
8790
2405
1740
8465
11168
10522
7264
13063
2755
11601
6600
6805
1747
4885
13268
9885
12051
8136
8051
273
1315
10738
531
11859
1395
262
4606
1916
7487
222
8326
4194
8887
8489
162
11759
3831
2548
8814
9662
7318
4471
3600
6339
5164
12841
4312
1196
1559
1881
9434
8613
11642
10266
10326
6376
9711
12605
1370
8711
161
12541
12223
7102
2694
4210
1348
583
3902
12249
5650
12689
2568
7162
5788
11605
12303
1913
6896
5138
667
13049
1882
830
7726
6075
10832
8310
9673
10125
8141
2102
9828
2392
4440
2671
11203
9295
10249
8686
1269
9819
5019
5965
4169
10509
822
5768
6552
7686
10227
7544
12436
4094
8340
8760
9539
10069
1950
8267
2123
8434
13187
1034
860
2742
304
10476
6424
1896
318
289
597
9376
6614
10041
8586
12631
4590
2874
6749
8089
4375
11254
3875
3691
1285
8935
1448
5313
6344
7211
7024
11139
5262
11685
3466
12033
4472
7284
12535
8066
2457
1798
7349
4329
949
12807
10481
11419
10159
7822
1951
7870
4703
432
642
3275
9753
8889
5034
12248
4789
9096
5247
4994
1422
1218
7587
7340
7018
4108
10566
7226
5970
9590
10151
2808
7843
3076
7451
12315
889
2298
10222
11650
11321
5057
2601
2615
5310
13210
13284
7217
7302
12985
11120
7611
10659
11570
9153
8913
588
4804
7724
7984
11220
10651
12264
2452
4134
6109
8350
9943
389
6738
1928
6413
8875
13185
10935
5008
9315
9480
878
13200
6340
6495
4120
3381
4855
9031
4214
2368
11304
2860
1428
7434
401
6626
867
10153
899
9308
7320
11046
9217
1065
9405
1291
10077
3526
7157
3961
4053
7931
8275
3453
1190
5786
11839
11310
10586
10174
4343
563
4197
1414
139
7702
12371
3105
7052
5884
8604
13144
9710
7245
12869
4166
1384
3713
1368
5953
6005
3837
10565
6676
2222
12843
7199
6689
12672
2786
6998
553
9421
11030
4373
12526
8382
12912
2214
804
9752
3759
5386
6607
8174
10346
9190
4324
6806
12180
2704
7313
11143
9184
1772
9873
3061
11780
2730
5827
8172
4173
11047
11816
9760
828
8392
12881
6195
205
1079
12022
9815
1121
12211
1771
9883
2161
3421
9904
7443
8112
1591
499
548
5672
518
4510
10529
1290
7297
10186
11888
13016
7846
7952
3390
6666
7235
2313
2830
9003
837
11181
11257
8536
3586
11695
5658
11226
884
4690
12490
5456
835
9116
12451
12455
2456
5596
9223
676
9283
1333
12493
2360
6596
5923
12349
3126
5811
10748
4756
12477
10920
7191
4123
7604
9391
5673
12888
5126
574
4033
8036
907
11329
12304
737
11984
13052
10117
4934
8413
1185
7192
1606
11958
11442
4676
5726
2218
1545
7456
5016
9398
5922
9513
4785
7066
11656
2715
5500
1734
5620
12225
3984
5577
1442
4421
1899
12973
2142
6168
3494
9155
1557
8213
6976
4172
6296
6250
8366
6795
6263
6956
8116
10264
6084
6678
9230
1686
2380
3139
836
4717
7516
7179
11399
4036
3936
2781
6421
6841
5711
206
7288
10180
5390
775
8700
13202
5265
8316
12688
10777
8323
7358
6124
13017
3523
11116
7450
1178
398
12686
6290
2750
13121
5818
6100
3564
7467
8672
12808
3779
12238
4966
11043
8403
5655
10197
13245
4035
7831
11645
10826
3181
2770
11425
11390
2183
6425
1247
4164
2463
11273
9257
13312
9959
4188
2300
11973
5666
6052
5750
4536
11345
5487
8927
9971
11555
5203
11379
5003
4769
437
3870
12472
5311
12505
2372
7491
4083
2003
4559
2097
11673
5843
11009
12311
10387
8666
5600
10471
2094
9892
5832
2346
12300
10927
2555
1706
1322
219
1560
8758
9406
11085
2519
12751
12602
5107
12997
3846
10021
10667
13211
12709
7994
6269
12430
11982
8290
16
138
1618
10392
13194
6173
3083
4411
1457
645
6489
3009
8432
6137
4734
11406
4013
2575
2658
11149
1523
12555
3202
154
13037
4208
4938
12108
1540
4973
9637
72
2348
12950
9157
8379
7017
7946
2521
9801
399
9144
8086
823
13169
5256
1986
12722
10884
10948
1201
5508
7571
4712
9548
10595
2247
6172
3973
1205
10106
3740
1460
1931
654
9671
8385
6118
6143
10706
6540
3531
3735
4149
3152
2834
13310
8728
8659
8864
8618
8679
10247
1471
10591
10951
1868
11981
2570
6702
9070
7078
5538
4315
12270
11148
149
2613
7644
10609
2554
11694
12053
11884
10830
533
5009
10465
8808
4143
1267
6554
519
4908
5404
8929
5881
7277
384
1324
8217
1655
4540
6291
7769
5227
2063
3426
5669
7901
2706
8268
8169
11899
12310
13180
1863
8537
1840
6636
1361
9756
930
4931
10947
4878
11990
9724
7053
4689
12920
881
8497
1225
643
196
12217
6917
887
8821
7030
2707
939
3616
7776
1622
5503
11994
1380
12059
11434
10034
765
13149
9575
4317
6049
3001
2752
9984
2875
3432
11383
8292
8928
8028
164
1846
7283
12690
12750
6440
3956
370
5610
4475
10523
2261
7296
4541
10138
882
8166
13247
6437
11300
7344
2659
13263
3393
81
6646
10454
1498
1123
6736
11615
4992
7023
9364
12558
10924
8793
10791
501
8818
9986
2956
5696
8898
3109
6644
2373
4711
13300
4502
368
1077
191
8576
2163
5463
4755
1541
4470
9087
6292
12341
11889
10672
3452
4596
4265
10871
6068
121
1835
10544
3171
425
8895
2297
622
8716
10877
11005
506
5206
9459
3802
10121
12188
2873
8270
8046
11671
9316
6959
5913
6827
11075
5982
6108
8998
11070
4026
2082
9525
7502
6688
9996
921
10767
2748
4720
3798
8529
2393
12527
5231
1633
787
3790
6783
6961
9837
4167
10858
7592
8663
697
209
1561
13146
2458
4505
4617
2934
433
8733
12710
4098
12816
4356
7963
10318
8163
9451
2387
5494
10160
11337
3537
3521
4057
8606
12132
3792
648
5890
12082
12956
4233
8399
12812
5177
7409
498
11835
13299
641
6208
11416
4556
3598
10457
5090
9547
7148
4023
13314
1722
3148
11750
3658
2940
8159
9843
6374
1670
4735
7186
4359
5675
11251
2820
6707
8738
8176
12649
5989
11932
1593
5967
11639
4280
1834
9844
8013
11456
663
9691
6775
10872
7435
10971
13220
13125
5719
5061
118
12911
5228
3179
9060
920
10027
9387
2903
1552
1273
3684
10734
1110
13045
12974
2481
9550
7975
6114
10272
11808
10046
584
8745
3316
9123
12562
6120
3512
5381
6419
3165
11854
3400
1912
10311
13352
2574
1476
4613
7923
2153
10004
11862
391
2832
9102
4158
11708
11111
6164
2490
4253
4839
12105
8535
11857
4724
3330
12183
5353
8955
8508
7425
1341
6048
1609
8572
12771
7617
10504
4573
12696
3826
8012
9504
6406
13188
12612
12638
12253
12336
6331
1567
9291
5627
23
4038
11040
11370
10828
1446
11572
6651
7394
414
8967
9205
9145
9969
12876
652
6911
5307
4046
7216
163
3378
6696
10491
10076
5365
4791
4386
1558
4891
3172
13369
8820
8978
7359
9162
12978
3235
4485
1551
12931
6980
2779
10673
2607
4807
2632
10755
3863
12903
1357
3155
12905
10166
11221
6449
5007
4157
12845
6205
6619
12129
1889
7950
9564
1082
1616
7309
7758
10573
2753
8852
3975
1743
13082
12986
1614
1973
11332
7720
4887
6690
10218
3718
3660
311
8882
5845
380
9652
7533
4969
101
8635
9714
13046
11616
2514
3901
5858
9845
4660
1793
10730
2708
12467
6112
2973
5720
5058
4729
1113
11817
2530
1866
4186
12181
8352
1349
2959
9643
9107
12567
10386
6240
8940
12149
8750
5305
428
12257
1991
2331
6414
2610
2662
4911
2889
12359
10316
6129
6123
8938
1154
2
10995
8930
5021
9656
6486
7586
3845
5667
2391
5850
7128
8782
4420
4847
5701
10424
1536
3757
3259
4367
13160
4571
8378
3729
265
269
3977
12017
9510
11904
12403
2966
12765
727
1819
8767
9395
7198
13001
4857
5586
8496
6522
4832
1996
1331
9522
5391
9312
10103
2353
1695
7755
9592
7231
13026
3568
7782
8133
3125
5608
596
11918
11151
4497
11959
1617
7529
1019
10091
4593
3648
1905
11732
12083
7405
34
5647
2576
11903
1114
2210
13309
2192
10096
3331
10601
142
9741
12564
3182
7812
8710
4964
11619
6993
11297
8823
2674
12644
6674
9417
2125
895
10033
3046
7446
5042
2459
13182
10208
78
9103
6856
9252
4662
6197
1133
11153
4997
2974
2826
990
2869
11397
4594
376
3460
5809
4102
3935
12929
2767
9339
1041
2438
6156
12933
10766
7137
1023
3219
3669
13101
495
10507
3655
9754
8847
11775
9893
4316
9322
6814
10606
6390
3708
13378
1371
12381
1466
4942
1681
12373
4268
8138
6870
1033
4830
3621
6319
10418
4925
12502
582
5333
11852
10384
1900
10887
6
4543
6348
7868
6582
12546
7794
12338
11968
589
4924
8443
5150
7771
3341
12091
7512
1782
9428
3423
5641
8999
4366
9490
5815
10797
5105
2763
7501
10979
5598
10102
9921
10879
8093
6574
5532
2149
11210
12096
12806
11546
9150
95
13060
12137
4842
1439
2549
2979
8158
10112
11352
2862
2078
7031
8957
10599
1090
3801
6483
103
1657
8162
6547
5703
13033
7207
4019
4224
10617
4010
2546
11906
9663
1198
3701
1365
9470
12243
9073
1489
7114
82
12156
6890
12372
4930
7478
7292
3349
9481
9947
13023
13325
140
10840
9108
5926
2577
10194
2262
9976
2688
4314
8100
12412
4259
8383
7058
3559
10638
805
10025
9006
6493
12640
3037
1769
3519
8126
7778
842
2491
7527
1892
11505
900
2528
458
5347
7857
9521
12250
4813
9934
6530
7978
750
436
13360
1173
4151
10725
10709
7578
5108
8638
3106
5571
13249
12895
1359
6087
6704
6926
3832
9910
12604
7575
76
2847
11700
10320
627
12385
776
11949
11594
8471
6360
1108
956
8854
626
8842
11707
12426
7441
13278
13173
11890
11031
10873
709
3683
10163
4407
1503
3502
11582
9972
13301
682
5929
5937
11371
7047
12379
7834
3265
595
4051
1796
11667
8574
9137
1860
2330
10692
12716
824
984
5188
6220
1829
3888
4767
10487
6040
8731
6772
85
1117
3293
10843
13029
8327
1040
4968
13141
766
12267
334
6213
6987
9696
5736
13326
12868
11597
927
168
9204
8084
10342
6755
4441
1070
1716
4289
9048
8677
13075
4484
9211
7376
4012
7691
1197
1372
5931
342
2724
10695
2306
4656
12302
12582
5045
8288
5801
6907
198
5412
3273
923
2675
9734
11568
9080
11388
3120
6511
238
275
11038
6119
9248
11883
1710
5230
10402
10347
10937
10800
5255
2270
7354
2335
12928
248
12735
4567
6504
3922
9443
3301
11741
11534
11013
6255
11237
3883
1704
8970
7193
7563
33
9897
5918
3943
3455
3376
2174
10898
4155
2305
6910
2827
4016
5445
6618
10611
3213
6568
4509
11953
12902
5806
7528
9630
355
12623
7739
4203
4555
12699
116
7229
4659
1965
10688
7701
12777
8108
6873
7832
8254
9106
10525
5957
4864
5400
7752
11802
3556
5479
4693
6585
6722
6691
10054
6498
6864
12533
11770
6410
7543
5589
11681
5824
9051
9367
10382
5180
2352
4570
10549
9501
2498
7731
10030
6305
9622
4340
10997
9585
1526
8484
9128
4867
3325
11492
6526
271
7276
7044
12551
4159
10478
11625
10764
507
5560
3276
8445
10065
897
8364
4144
1773
7155
11575
9314
7813
5578
3560
8637
10874
9952
282
755
3044
13204
9399
9850
1919
12419
9701
1909
5323
5563
11228
655
8482
58
1625
6726
12294
11548
13043
8137
6566
7581
1318
11520
1764
7660
3884
3291
239
4405
6361
3459
12496
1127
7493
1848
1043
3525
6875
11464
1047
11519
12520
8064
7808
12482
2175
944
10776
9505
1659
1411
1274
3760
4894
5114
10792
10363
1314
1385
2272
9100
7770
7299
4193
5531
11669
3140
8260
12795
2246
998
5383
11746
128
5356
11569
4640
10860
7615
1067
4871
6967
2432
9898
8575
2412
8300
4240
11471
2381
12723
825
8505
7411
4775
8621
9374
2537
4990
3107
789
3533
4525
12938
12733
3509
2536
12673
11951
10109
9824
11127
3078
2621
5753
1025
678
8367
2365
10292
11608
9750
8223
6983
7285
63
9039
480
10885
1871
12314
9104
1080
12066
12552
31
3287
8297
4284
7107
803
5511
12485
18
5947
3348
8480
8421
10834
6183
2495
3144
6394
8148
10851
6224
5202
12940
1610
12497
7371
8798
2739
11402
12441
9527
8109
7625
8984
8552
4943
679
1056
10724
12655
4598
7706
10576
10016
11901
494
8778
8322
12675
7490
11253
542
8906
8313
7728
6346
10665
12701
7656
2279
952
12008
4049
10287
8639
2301
7213
13265
13264
7419
10835
6789
10554
9440
4467
11167
5489
13044
4549
11782
3054
11871
10040
10085
9422
478
13151
9216
4854
48
9242
874
2171
6019
5949
2390
3617
1493
7362
7884
4205
576
8718
991
7479
12850
6169
3411
11177
8077
7949
10991
3340
11180
7298
5344
12732
4787
5900
2396
12115
710
12917
8353
4517
6531
4532
12654
148
496
8371
7225
5699
9389
9158
11497
3247
12994
3064
10192
10235
12492
3317
11691
440
9239
706
4591
11114
799
6536
2927
3006
11343
7639
2111
6735
11611
1807
7765
8475
7518
7061
9574
2215
1276
4877
2608
6684
10378
7339
6804
698
12591
12407
6275
8337
9628
11722
829
9651
6401
4297
9025
3404
10625
1992
5864
9802
11853
12848
8902
8694
3038
12450
4067
863
12487
844
202
1277
6453
11978
2477
5337
7913
10818
1662
5239
5651
2935
2479
1044
12038
12422
1456
7805
9905
4435
11876
6166
7222
10719
8749
12635
9859
12239
5289
13295
3267
687
11556
6182
8095
6204
4547
1328
7876
12344
9335
11385
9868
8185
6271
11587
6575
8147
751
12024
962
12721
133
662
2489
4455
744
4831
8868
8558
6658
1404
6891
2433
8630
5166
7218
8411
2233
4195
10917
4209
7325
2664
12216
6310
5981
8262
3435
8850
12904
2475
5120
12395
9469
9866
12282
6218
2345
1718
854
10558
8765
11617
12446
6773
3207
10396
11493
2189
7345
7925
7622
12656
4758
6447
2339
9276
6798
9615
1776
557
6924
5822
2995
3921
660
10148
3842
7800
5176
3441
9941
8209
3209
11506
12770
12409
3782
4181
2835
10869
5960
4560
7646
7378
6438
13272
5495
5935
8302
3805
4327
174
1893
3347
6134
11603
7427
1164
7252
10351
11426
2727
10723
7900
5948
13139
1128
610
1066
6470
5046
12172
6329
1075
1701
1651
10191
10212
1081
10662
5907
8590
8103
12556
4718
12237
6020
10958
7980
11731
5804
4672
5411
1564
9742
5950
12503
3146
11109
3958
4932
12480
9596
2772
5158
9193
9902
3007
12617
1238
5219
2404
6941
13329
11776
9351
5820
3806
8272
2280
10739
2754
12755
6519
11350
10875
3266
6130
12528
677
6355
3086
7171
11376
11473
9063
1544
5272
8426
8785
2703
3911
2850
13039
3675
7243
9737
2060
3582
8548
5728
12991
1841
3022
5634
3186
1093
8632
9634
2991
12036
7539
10371
7762
8845
5000
11058
5099
7112
2442
7553
2562
12908
2986
9960
3775
6851
11104
11581
4165
11897
10768
2598
8683
954
6029
5997
7471
9188
10569
4125
5725
8105
137
71
2177
5744
10461
1470
12941
7928
11276
1183
13021
4512
11266
12055
8283
9483
12758
6986
6004
8917
2014
8772
8376
12789
2823
6796
11588
9692
6392
12057
9677
7328
8440
4114
1263
11155
13018
11470
7430
3229
9021
9151
7470
9176
5632
7307
3604
2464
6792
9136
7255
2806
10150
950
7574
3462
7477
11784
9542
5349
12276
9309
12475
7509
3795
8208
4136
4747
7780
5070
10202
3643
6969
7802
10938
8156
11867
735
4116
8140
5363
2283
2678
4161
459
820
11844
13371
6022
7740
8578
11514
9706
4500
10914
12425
9682
11727
2418
10483
7889
2137
2449
3903
9826
2037
6184
3928
10784
6484
6432
10001
6640
8674
8588
10473
10189
4987
9533
903
10486
7673
4354
3647
2461
6256
6294
2579
2865
4372
5974
9437
7281
7060
1922
5559
683
98
5408
12780
11026
5810
4322
4176
5794
1983
11798
3410
9066
7637
12307
4757
11459
2951
9781
8629
4965
4731
13093
9945
469
1394
4848
1366
307
7034
9600
250
5482
4037
11499
9059
11363
7649
13056
1784
8344
12989
12259
6391
8173
12684
1430
12954
9397
1966
9940
170
1518
8994
10269
11557
7256
3470
1675
10447
1118
11465
3296
5384
10765
6836
5044
10501
8989
5920
11461
10044
11287
4515
7322
7423
11029
1792
10728
9588
1144
4799
6948
1029
249
2349
11744
10048
2193
8616
4619
3508
5051
6699
11609
9914
5340
9013
2818
9379
3772
2749
6472
2310
8189
10940
7407
4526
6597
3940
9086
5475
13327
9604
10300
1652
4748
2775
12190
11677
2526
9915
5802
1226
1791
7334
12626
11676
4927
8437
4952
152
7067
2127
12692
51
2304
6303
4681
2336
3662
10261
7209
12010
9246
10788
3161
7083
7343
3574
106
9285
10987
6266
6357
3473
26
4084
3449
10661
12296
7930
9419
12793
6397
9551
12627
13218
7511
4434
10335
11267
46
7525
3786
3444
11301
2181
4244
7537
4551
6485
11974
1203
6249
8348
9552
3164
4856
7652
5394
12146
61
11537
9261
8580
4809
5104
12265
8986
7918
8932
7727
4978
13235
8454
4454
3136
1631
229
11960
6573
5251
1486
8959
11997
12489
11250
11246
7436
8565
10527
3981
1744
2561
6175
9266
8128
10308
5362
7039
2553
10246
11805
10705
3253
7278
13256
10446
5659
2655
8125
4207
5594
104
11174
4305
4817
9438
5894
12354
12783
1908
9964
1403
13152
11765
6372
10902
6104
7568
6444
3025
581
6518
1979
13257
7546
5092
4358
8473
10203
4631
11435
8910
13120
12232
5001
7124
8947
4633
729
3773
10514
2492
11653
11361
5439
1497
9416
3824
1879
7152
6462
9148
9623
3290
7854
5083
2400
3695
6086
12942
3745
8573
2508
4981
9115
10756
12278
2494
6246
6426
9311
5519
2087
3960
12309
906
12362
87
1849
13107
5431
3153
9842
936
12025
12645
7269
4566
12815
41
10703
6782
5011
2092
2984
3440
13216
13157
11811
6277
8890
5769
477
4374
7154
5936
4495
1969
4654
3315
2837
4971
8015
7746
187
12269
1590
6315
6583
2686
7835
10373
8825
3758
6222
4275
9462
4447
1755
5499
6546
916
8242
11490
12981
2896
9147
664
3788
12610
4213
390
6840
11786
1311
4055
2354
7861
2105
12398
852
4089
5689
11041
7021
4645
182
8446
7005
4794
3128
9621
9495
3797
7972
12465
2077
5613
2617
7614
12285
4258
7932
2252
11740
6587
2221
4760
2023
5816
10711
8560
9818
3711
4338
2249
3661
4520
1822
3334
11502
2043
12308
9474
6465
13083
6858
5448
2493
1921
4177
1415
5460
11001
8045
2152
12175
6960
2797
7522
9164
8221
7046
1355
3929
11124
12092
2447
5542
2650
10628
1649
11328
7215
4048
8178
10184
9535
8021
7723
11870
4
12597
10680
9241
10018
4232
10074
7695
8087
253
2206
9095
1735
12339
1878
5639
4270
8903
7448
1262
5438
12636
7519
8342
4301
8691
9396
2223
12241
3250
2684
2040
6306
9666
5429
3474
10990
9965
7572
11052
3876
3150
894
7955
11875
2126
8918
11752
10079
9908
7246
3312
5461
5341
4519
12408
886
13283
344
10419
10978
12515
964
9321
1507
3104
11008
2759
3937
3062
4239
5374
1821
6309
5785
7633
11832
7538
10277
8509
11314
7270
3584
4553
5707
13013
10073
6058
1530
4850
9770
2147
9806
10903
999
4624
395
1809
8231
7079
10598
1585
762
11977
1363
1358
4432
3224
5459
8486
2609
6312
2255
9296
10340
1733
5545
56
4062
4882
472
9492
1957
5213
1352
918
6328
12157
3706
13167
8594
6835
2403
1406
3425
12900
2840
5984
1708
2172
6336
9993
1628
12646
435
10372
10255
7547
13134
543
4357
3848
4797
1954
6380
530
6502
8239
1656
11848
10464
12245
9381
4460
396
9823
6050
9175
12202
8689
4119
6898
5925
4970
1803
5189
13004
4323
5424
13207
6712
11509
6101
1632
7165
10859
4077
6436
10494
5367
5253
8005
4008
4065
1758
5185
1853
4704
7598
4488
7602
12445
4342
647
6185
812
3986
3722
649
7113
8675
9968
4874
4170
9306
10273
10115
6515
4124
3527
9008
7683
10239
11195
9616
9394
2050
5612
6560
5082
10761
11135
1287
5288
1091
6150
10417
1728
5694
1481
1856
2854
5617
2629
10787
2938
11045
2133
4958
2070
2076
885
11558
7492
1139
4960
2833
8948
1761
3639
6358
10283
12919
5454
9352
2581
1953
4307
8357
4403
12840
3670
7945
9519
4883
10193
3346
2146
13190
9140
6670
1401
10262
4685
522
9426
8219
6433
5199
5590
3463
8264
8104
1265
3913
5115
8014
4017
784
11178
11678
2950
100
11278
2793
6913
9785
9410
12378
12459
443
6625
11589
10936
10416
11771
9036
10547
9632
5933
968
1947
6673
12439
5576
8177
2287
4840
8341
11099
7156
2057
446
2918
12168
3433
4129
2010
2072
3725
7201
7108
7090
4834
12112
227
6274
785
9447
3014
10757
5040
4873
12258
10744
5874
2265
7421
3221
11797
5078
12964
9218
9618
9034
10190
8187
1195
4413
3100
9932
3962
2284
6665
5067
6365
3183
12538
5002
4697
547
11023
2415
6244
12041
1573
32
4034
4916
577
11825
4320
12391
2243
7200
11142
12414
12741
850
981
11661
6038
566
9851
301
1137
68
7387
1847
3813
3924
5557
1153
42
9999
10467
10357
9360
2942
10305
2096
713
6714
674
6354
2178
4139
8412
11027
13115
12557
12377
3191
2443
6955
8099
2250
2170
2611
1284
12504
5702
7293
5121
747
2026
5036
12932
2785
6623
9415
4790
10746
11175
5447
12513
2870
12287
1373
8256
11510
10259
9840
7792
6905
5283
4128
7100
6577
1531
1601
4101
6302
1258
9247
745
11660
5551
2691
7580
5149
12679
5455
10062
6234
2864
9680
827
3785
442
8582
4527
12346
4082
9794
5327
987
1119
12006
5621
2859
10129
4743
12122
9456
3715
3036
2697
9726
8971
13077
5556
8804
12236
2924
9274
5047
11106
9605
7476
2764
11484
10572
13059
8756
3953
6506
1895
717
6974
6132
2884
4893
5080
11006
4722
3090
10779
12618
1248
3116
2773
10517
3454
6766
9645
0
12934
11532
6963
1883
13347
1009
9739
255
7874
9260
7974
7452
12980
8240
13238
12999
599
5095
10836
1021
3339
9863
3217
13291
9404
5889
9511
13321
11216
10280
1049
12890
1230
2307
2065
12992
9797
6073
4622
5653
6811
3917
12174
10629
7772
13078
2605
1095
2587
10175
2978
1872
13258
3042
10343
633
13377
11488
4643
12822
11096
3058
11374
4348
6700
9796
2294
10561
10020
11905
11369
1603
8726
2430
12662
7019
748
4600
8493
544
8067
5940
1236
9141
7167
7883
12516
1719
851
11449
749
5205
1000
13165
4486
4861
1864
6056
8770
6248
8407
8351
2344
9817
4691
3382
8134
11878
7119
1344
12830
6295
8886
12085
2858
3387
9485
790
13275
6013
10760
3889
12380
6770
2044
11500
11666
10455
686
9765
1235
10846
8953
9716
616
6162
7896
3694
6761
10463
5780
1336
241
185
11511
1405
570
3514
9288
11819
8228
7810
7045
9130
965
10431
9078
8179
11812
1650
9408
9101
1054
5156
3830
9528
1516
11783
11988
1332
4118
13129
2417
9002
4542
12468
11199
7384
12653
9375
7577
5752
10053
7964
7753
1233
5946
4583
6642
11781
7877
11234
359
353
6066
8417
3142
12764
12434
7239
1289
11098
12234
2048
1542
11542
5440
3089
360
10575
1135
2045
5872
849
6268
5859
2445
5309
7672
4222
1242
10360
4607
12274
7408
319
1550
753
8612
8018
5023
2168
3539
9977
3938
7081
11231
1017
4980
1438
9007
629
8180
12530
9348
2120
8708
8769
2166
8255
49
3004
1766
9602
3193
2931
564
866
11225
6270
12011
5615
12509
9067
10942
5473
12811
8362
5348
4371
722
7560
1838
2205
351
5776
11663
8393
1062
9177
580
10670
539
5954
2185
4564
12170
6011
11446
1926
10635
6219
8684
1462
6524
6624
8972
7403
3240
441
8052
1936
12193
5025
7032
9894
8506
10113
6850
6459
8273
6228
2640
62
1161
5668
5484
1305
7859
6675
13274
631
13012
5352
5781
6091
5358
4076
6377
1418
40
7898
11742
1015
12863
3809
4905
13356
4568
9409
9160
5848
10168
11417
2282
6423
6259
7258
9725
4223
9146
3551
12280
4611
2088
9998
8056
9196
12553
1642
10793
8846
10679
7055
6452
5911
6216
2033
7080
7416
4773
9966
11412
3887
2501
11827
1074
11504
1141
3978
7750
1508
782
10088
9985
4162
9468
12728
11092
8664
4027
2230
5020
5295
9119
4982
362
1116
1440
12607
11713
5817
8891
3843
4880
12147
4163
6550
8735
3820
3866
5685
1502
10338
10060
5757
9149
9178
11947
1213
6730
8980
7659
8647
9810
4976
10390
7912
7899
5880
5607
7820
10925
5704
12588
6477
8794
2511
12488
5218
3081
10181
2386
9949
1342
12963
9332
872
1069
8343
5975
1256
6409
3327
2317
7856
6297
3629
3644
7054
172
6713
2428
12177
5565
6381
6193
1714
12892
8287
6198
8452
6053
374
1257
8869
8130
2058
5836
5569
10200
9685
4230
93
1027
10511
11244
2871
4346
4961
11227
7317
9983
10732
10669
3547
12494
73
3575
6016
3422
10472
6371
2034
955
10014
3862
11503
7098
8356
5892
11093
11824
8085
11624
7008
1684
859
933
1417
11166
1869
9608
7807
369
6110
10992
123
377
9877
12481
10590
6884
2264
10956
3485
6705
7693
12616
3989
8934
348
10142
3769
9858
4109
13070
7159
10116
381
12727
3093
8579
12814
11692
2134
2328
9835
2863
8951
10317
3241
8713
10144
12872
10395
3566
7257
6330
6171
9573
5132
1354
10597
3571
1663
5979
5257
726
6461
5278
9610
325
12256
11084
3651
4737
1416
9254
6031
1088
5663
9733
8969
9384
119
9580
573
11214
2516
5553
11843
1581
1682
551
12460
1808
6571
4644
9166
50
12769
181
7262
8570
1599
10393
9729
1240
8600
12154
3245
12995
9833
8914
10236
7886
5917
7694
569
2451
12884
8904
8581
12519
7461
3855
3595
9478
10462
1861
6768
4895
6933
11035
12803
4744
4503
8072
3080
2030
986
11962
3810
2414
12624
8779
12358
13148
12891
681
9603
10334
11787
1707
4349
12184
13067
43
327
9950
6121
11359
4020
1166
593
11460
5302
10999
8550
11240
8476
4267
2569
10228
3538
6647
8043
2020
235
5249
1024
2363
1159
3966
12796
5740
3233
9507
1534
9298
10324
2582
3946
7426
1712
10024
3279
8915
1522
10939
5502
6621
3230
1398
8514
6188
11898
5527
9240
12746
12545
10963
4715
7585
20
6288
1687
5207
13231
5898
10811
6069
9531
893
1511
5409
9566
3907
1753
8862
10563
5985
13170
9449
9234
6299
12070
13359
5232
6800
2002
2925
2804
4030
12231
11845
12325
6265
8896
4127
10852
9755
10880
9482
5876
6455
11082
9361
2756
5636
659
9334
11521
1292
2240
5674
6264
13345
3762
4506
971
13003
12661
5915
4523
13315
5043
6861
4007
6430
2682
12704
1745
5032
2293
4002
1130
4112
2939
12443
2341
685
2513
6762
13131
3302
1244
5547
5059
10344
64
11292
11658
9027
12958
5241
9228
6316
3482
10002
12729
4402
5169
4580
11409
1637
2289
513
10881
8748
9094
8202
6206
7111
6157
7552
9099
9423
3386
10328
1381
4936
2670
6133
7534
8943
12461
6982
8625
3048
5113
10677
7895
11103
4630
665
11272
2792
6866
1974
1036
3261
5738
8853
12927
259
7189
4456
10080
8858
5296
1208
10489
5705
11245
7767
1563
9135
1061
4364
4531
5743
3756
10017
5626
11377
5980
3591
1298
2801
8773
11965
11749
1737
6351
8057
8719
3079
11773
11540
9350
12331
12352
12361
2992
3796
6638
10147
8220
7768
10589
12474
12544
6006
7508
4714
1459
10759
10230
10524
7548
11886
5833
4291
9338
5857
5331
5174
715
4928
2288
7429
3808
10310
8754
11989
8462
11260
9431
13229
12856
372
11894
9683
909
3119
10998
3542
12499
12335
7176
10685
2506
8296
9631
2983
4287
2366
3844
4006
5413
9174
11774
8634
10470
6826
5385
11779
669
6170
8243
2325
3649
10714
144
8246
9286
8619
8436
3495
2743
5813
6871
5415
5235
1155
8455
8746
2069
1162
11209
7065
7888
6719
9294
8062
207
7582
6081
5410
9896
628
7006
11324
7745
1500
4182
2071
6708
7998
12145
8373
1636
3258
9686
3650
4902
8892
159
1691
6916
9046
6045
3847
10072
1525
11320
9243
12819
11633
1917
7303
12447
3697
4014
9330
3750
10468
3147
2505
6478
8865
1736
8249
2024
13073
2898
8644
11891
5452
6300
497
9636
9270
640
12484
2583
5382
5767
385
3659
10375
9413
1278
9916
2711
1444
6012
8247
9258
10619
9324
9931
6416
6931
8398
2813
6326
2194
5097
7700
5648
13103
2788
13242
6862
541
9740
5580
3053
2762
9131
9221
9811
1608
7071
10556
12030
4360
550
5100
8110
4641
912
7254
4257
3980
9386
9293
2967
11922
8040
4726
1886
8122
7468
11705
12725
7170
12275
367
13
8832
11296
10409
3681
6147
7316
6852
6732
6254
12972
365
786
122
9355
7542
424
3239
12952
2378
10095
10578
6373
6496
9841
12078
2584
8720
4362
4332
5630
12100
6311
3060
9088
10224
9881
12442
7629
9499
1323
12860
2911
11128
1002
5378
4319
3520
5996
5825
919
11643
10213
1219
1677
4796
6995
11299
5405
10185
5513
1308
2379
1224
1210
3770
12836
2842
10350
10981
10196
7177
8546
10552
10656
2423
7549
13357
8743
5652
10057
6628
8168
10778
8617
4627
5226
2179
7391
7472
155
3516
12700
6097
1204
5075
1097
10325
2910
3343
4948
6043
8837
2963
3216
12889
8438
7682
11147
5797
9512
1778
7754
9168
10985
8372
6650
7556
7144
10567
10798
6037
2909
6404
3727
6362
12637
10781
11229
11347
6103
11050
12707
592
545
11224
12135
12736
11640
4242
4457
12060
1241
10933
8962
11584
6260
1402
9922
10579
9385
1880
10993
1320
11869
8806
13106
4957
412
4491
13370
6778
2906
2599
11333
3416
12360
7996
286
6906
1911
11856
8381
1933
901
11763
12191
2776
5758
5972
11693
7789
7093
5681
426
2564
4309
12150
10510
8507
4713
2004
5030
9809
12901
3068
4330
11799
12566
5512
11950
13262
10650
1443
4657
1086
2586
3676
6881
1568
8944
373
3497
2994
5927
3991
10022
3284
12014
6918
7084
1423
1689
7589
8019
5485
639
11282
1823
6320
8761
2663
11885
10152
10119
10965
9647
13128
6764
4066
3949
4095
781
10741
6825
2567
4286
10870
2872
1039
7634
720
728
1885
5783
10996
3667
4337
6398
9906
8107
3635
7
1851
11739
292
12641
12153
5417
4780
7993
12374
8271
966
7127
3102
3947
6345
2242
11192
12194
10260
3897
10007
11263
7606
2276
4419
4060
8753
8515
12261
3212
3954
13104
2009
11275
7014
10891
10905
8291
2281
9279
9772
8113
12169
3721
11529
221
12413
9888
12826
12462
4682
6017
12330
11924
6641
12570
10823
792
3353
6492
3534
10420
12820
2460
10124
2665
10210
8826
2388
1125
10256
4022
2563
7466
7777
6848
13353
10056
323
13368
7819
1455
2049
1698
8810
11654
11934
8431
9446
12521
5419
7664
3558
8803
7251
5706
9498
6908
11634
5624
7667
12762
6973
3368
11517
3256
5591
2717
6745
4183
6968
1386
7214
4345
4430
8055
10183
12603
11743
12804
7591
7881
12984
6779
12724
3679
404
10968
10428
10722
1842
8425
10182
10094
10593
8732
1963
5749
7118
12206
10702
11842
6630
6407
3189
8214
8975
2108
11547
7939
1310
977
5722
10623
3263
6949
5155
11422
4003
7381
11067
4279
7775
2266
295
4406
5322
8762
3957
13337
11858
4820
8555
3838
4304
7204
283
9464
150
3763
12213
13367
7721
4072
11483
5093
10359
6217
6828
11100
284
4768
8068
5762
2687
12548
9825
6832
1763
12345
12121
9860
7431
3933
1786
4113
11706
10297
8466
535
10257
3
6742
3671
5469
4196
716
10408
3328
9928
8096
6007
3505
7173
7360
5805
13379
3850
6076
5887
1594
5849
12305
10922
4132
109
3043
5765
11907
12818
2375
3997
2729
3008
2588
4733
4618
8981
12049
6819
2487
12754
5625
3637
9383
3151
13280
11268
6952
6243
666
3976
12002
7773
10863
86
9268
296
11970
1981
1217
7599
434
1480
12295
11467
5660
1924
3915
5561
5273
6405
7966
12592
2943
3280
9401
6023
6686
10839
12
125
4199
8701
7690
834
3868
4122
2323
1007
11421
908
12563
4940
7311
10496
1661
2890
813
2476
5748
10285
5258
5995
5971
7139
6692
10179
7987
11011
12117
9354
2322
2424
8384
419
11809
2816
3506
8540
13213
11933
4776
7337
5488
6947
10857
4801
8673
10381
7486
5294
7787
2885
10082
9561
6859
413
4416
9072
877
1726
2556
4904
3535
6280
7266
11996
4838
11420
6225
5588
10786
475
8885
670
7890
4458
6024
1752
5770
7131
4000
10907
7132
2846
6473
1140
10127
10708
1156
1997
4530
60
5541
1083
969
13111
11758
3646
3783
4426
2545
8415
3121
12817
3124
7109
5345
9791
3063
5978
3815
12317
3257
7375
7377
7000
2714
11652
10790
483
10327
6001
8792
10627
738
7210
110
7506
9609
8585
7312
4684
10059
4742
4146
12580
10865
7025
3345
6807
10364
6937
9388
12176
6092
5152
12348
3674
10051
7233
961
9856
8339
12663
11252
13177
5096
7458
1360
2883
7855
9520
8669
8627
411
7232
3364
10039
11088
5677
6322
7841
3932
11365
6592
5966
6179
7584
1958
2184
6951
10812
11015
6469
9676
8596
7990
4043
8695
9955
12838
10231
10929
6242
1465
7785
10440
3489
4381
8624
1378
703
11034
4417
5737
3371
10923
2103
7741
13343
2602
11628
10962
11222
3686
10819
388
5398
5271
7836
848
5492
4663
7194
8295
10513
5664
2705
11071
9599
9871
11833
8149
9581
9890
11561
3113
7049
3242
10735
12099
6247
12001
5854
2879
7136
3590
11725
4154
5151
795
8153
777
12438
5165
8995
8954
5529
4939
11119
13215
12962
7809
1759
5842
12828
8304
4919
7389
1788
7880
9967
9563
6363
8705
5812
4588
3504
7793
896
13079
12186
278
13304
2169
12068
6278
4302
3192
7483
1388
8533
12363
5942
11610
2604
3379
8649
12090
5371
11017
7454
12416
6943
4121
12160
3003
13196
11599
5368
4493
297
11698
8345
7507
10329
5112
12087
4615
826
3573
502
12951
5375
3605
9792
8939
11917
4858
7221
1653
7666
4837
1295
10238
7906
214
10090
489
7847
13234
12763
4746
9058
178
2639
11804
3999
8591
12152
10506
708
3882
2778
3318
1725
7357
8817
9331
6165
741
1085
10974
7823
5863
2182
5909
12444
523
3529
6877
8477
1107
5266
2905
3458
4498
8973
5472
780
970
10281
12118
3173
1312
8083
8556
10078
4247
5619
5893
11762
1302
12898
606
3450
8423
7027
7670
10640
4052
13150
12021
12126
3700
13223
1739
8608
3550
2268
12977
10093
285
5157
9556
5079
7938
8714
2471
8368
4632
11735
10158
8607
993
12421
1640
3968
11249
10678
11172
942
5993
8306
8160
3630
2446
11668
12508
10699
13318
5192
6878
11583
2990
8577
13042
1399
13354
5793
5109
1874
9154
5012
10366
5010
857
10582
12839
13008
9869
12093
13267
2164
7735
10955
3272
1520
6341
7848
12110
12009
10167
11066
12878
7026
3892
9709
3123
2309
2944
4581
1253
5186
4468
7991
6200
6682
4740
6317
11105
11375
6591
12745
7028
6964
3852
13164
6889
2006
10309
10005
4863
9200
6853
11391
11344
8937
491
2355
7438
11983
10298
2757
3513
5441
1432
9784
9489
9672
7001
1382
12312
6711
9245
11849
2208
5037
11593
9780
7970
3163
10596
10853
10829
10736
11061
2634
3156
4653
6466
10564
11414
13228
7579
5017
5209
3471
3765
467
8428
12368
10624
3336
7474
6733
856
3541
487
4707
3869
4679
8813
6797
2917
6994
637
7590
5432
10890
3015
2619
2725
7879
4462
6070
12677
5727
8563
1517
8888
5450
8921
2361
7623
657
4586
5698
1339
5510
3761
7521
1672
4378
13057
1804
8501
11235
1854
5523
12040
11921
6065
724
4383
4262
5536
6499
7447
339
2857
11095
4438
11204
6754
11206
10438
13127
2676
779
10434
6751
1923
12292
2437
3413
1282
4377
1020
4650
3377
2436
11900
5467
29
9433
6823
3579
165
10542
8797
604
8857
12871
12042
9362
6578
10911
3310
9142
4610
5584
2484
705
2141
9703
12074
904
1956
9082
8534
9560
6728
10820
6780
4191
1742
9853
11689
10785
7070
2552
9004
6085
12027
9068
12659
3278
5777
6899
4915
4466
3583
5076
8494
5548
2805
157
5959
11284
11920
5422
10441
10206
2592
13096
11956
2782
11325
12785
11945
13076
4070
4281
12054
1805
1514
2838
10621
12299
8633
5116
1894
8706
7096
3717
6637
12791
4422
10067
6698
2512
7681
9071
5716
10071
5299
3344
10089
7588
10783
1158
4975
10926
7142
11122
12517
13055
7338
980
3112
36
2488
13038
4180
12975
10560
9805
13000
4047
6367
218
567
9281
940
2571
6934
7094
6744
7353
6083
7363
270
3488
7029
4728
7594
2081
10358
10731
7370
6620
9864
12218
10146
216
5847
8919
9917
3199
9344
6613
8696
3690
9055
1647
1038
3563
12778
1760
12790
13080
12576
2712
9954
2656
7919
11443
10165
10631
6979
11604
2256
3673
5888
11549
7554
6940
3200
2616
4784
8789
1037
1757
1646
3222
6199
13222
13255
2241
11247
8435
5991
9669
12731
6579
11265
7703
331
3580
7954
8787
7146
8230
8448
11368
5771
3633
2159
12779
8829
2257
3437
1433
9834
5756
11895
2117
6923
10696
4368
9715
10683
10953
11080
5181
482
3737
3570
303
7696
12628
3286
2053
3486
2791
2156
10850
3663
11159
3184
10806
7936
3204
3804
1096
1222
8029
9839
4091
12086
9722
9455
5081
1060
5133
7692
7697
213
9318
2904
9558
403
8822
7395
12367
11454
5462
12668
10771
915
8408
4353
5782
1254
6929
11429
5466
5423
6801
386
2115
10291
2723
11545
279
10006
2790
13373
11952
5930
11881
3511
4759
1993
2209
288
1575
12549
1985
2768
7915
9649
3051
4639
5807
13118
4494
4548
6145
9467
5603
6079
8523
3360
12449
13178
4576
8517
9012
10288
9920
3554
10237
1338
7566
9705
8564
3018
6412
3597
11010
11507
5366
7504
3369
11696
6671
11243
5661
4138
6860
4667
5052
7364
9487
7091
8562
75
6648
4953
8599
2434
2054
4947
5789
12140
10155
9179
8900
5483
9284
1702
13084
2321
92
12387
6669
6283
10480
7610
4979
694
9517
4778
13124
6140
8305
11935
838
815
13099
3114
10808
7873
2815
12561
1351
9787
3456
2957
1073
7020
5574
11198
11747
10299
3243
13193
13109
10960
4335
4206
2690
572
13007
485
9768
2551
8061
5418
556
10452
772
9471
10503
4086
9688
4745
10676
4382
9769
1147
3024
818
7774
2150
937
5518
13363
1754
3274
6422
2039
5986
8027
294
12075
3710
3748
9259
8722
4251
3817
10733
2286
6928
7439
6895
9961
12957
3264
12058
13294
6400
4442
4852
7713
4179
2937
9173
10495
1528
3335
12020
6551
4513
12432
2324
11277
8871
7983
11154
6837
8142
2001
3592
4572
7751
5397
615
3249
9186
2803
8151
12230
4105
11053
8170
6443
9213
10482
5934
4450
8704
3059
6514
4721
11822
6849
13205
4271
11036
13102
5823
11606
9641
6239
4993
10336
763
7203
7063
4117
913
3771
10475
3446
9018
1176
5457
10849
12648
11452
5102
12007
4811
10809
5564
11021
12215
12671
3787
2200
12226
12583
11160
12004
946
8402
3623
11478
2618
9867
3982
6338
3872
1087
8595
3237
5281
1533
10026
5535
7828
10986
8566
5908
5951
7626
7756
3970
7143
10603
2734
6180
6136
7287
2666
6653
6507
6282
532
4141
6258
12463
8863
6429
7669
12629
4321
11688
7887
231
8729
105
3246
2098
12201
11995
1252
6431
4688
2843
12829
8391
10226
861
1667
10216
2631
320
5684
3092
4698
9582
4390
1050
281
4313
5195
11525
25
9571
1260
6301
4642
1519
2923
12666
3517
10789
2499
10198
11097
12284
1952
672
10243
11591
6802
11018
7869
504
111
10450
3781
11733
5763
2766
6569
7101
3002
5566
135
4093
10376
8106
2695
9493
6276
10980
10697
731
13232
1549
9382
7013
3741
4879
7968
12914
2975
2913
3439
8527
12772
3118
707
11396
9862
11629
12565
2566
5904
306
5343
8839
5609
1188
4647
5956
199
3409
6149
4918
3260
4245
10896
7730
9557
3964
5162
9054
1005
2091
10909
4423
11169
1578
5968
6945
5215
5521
9541
5853
3158
10365
10710
11791
12136
9830
2472
11283
8453
13254
7779
6501
3811
9929
12879
7187
13036
12614
4537
619
9407
7514
1202
9015
4229
2083
12298
736
1407
691
6335
5514
5110
9584
9879
9799
12061
11971
2968
2399
2578
12756
3122
3992
13303
7062
9113
10794
9614
2235
7662
3916
6843
7965
10315
7550
11258
4569
2600
1151
6082
12906
2716
5204
7842
9371
675
6652
12800
7414
13252
9229
5198
9562
9749
6261
12155
2220
13324
1192
10715
2538
5688
10172
9035
6497
4226
9613
12598
4075
1976
8406
11004
4178
4999
5870
12518
1777
2880
8238
5549
4849
2853
938
8396
1565
2207
8011
4803
1537
1288
6942
8547
10519
11444
11908
8236
12473
8008
1375
9872
4311
12029
3818
10512
3372
2199
6643
6356
9343
8424
9698
6720
1132
8117
5921
9349
4579
5844
1231
13136
1129
10943
7661
4875
13132
8667
9038
7234
1898
7804
5649
96
3588
9736
13035
3332
2079
6111
7922
2333
9720
10436
5885
10813
9244
7971
5645
6734
4499
4793
846
680
9816
1671
1169
11054
6920
10426
11915
8389
5161
1109
7133
10967
10701
11726
8171
11834
13156
1487
5049
8532
10528
5628
11331
2012
9586
13365
6067
760
11916
1512
2517
12730
6308
2625
9347
10008
11508
13296
2926
6177
12327
11298
2620
10274
4889
1668
358
3329
10296
9208
11211
10304
4261
10161
6369
8303
8512
2271
11515
11630
10233
7853
10681
7784
10904
10518
6978
456
7475
132
6036
4732
3262
3057
9836
3445
3696
9980
3857
12142
3898
476
176
1654
7826
1483
8495
2964
11893
10664
1929
12165
145
233
4074
10379
10630
8225
8058
11145
5841
7449
8916
12342
5361
13273
8139
8544
10042
12411
1170
11137
6880
7926
684
4538
9675
6399
8207
614
3974
6490
3825
4469
3632
1168
12801
4860
6532
7342
6581
5861
10369
7791
9587
7806
9011
4473
12428
1491
11939
12457
7141
3483
1212
5359
3406
4678
2680
6448
7803
408
586
8561
12595
8982
4635
1227
1596
9719
5091
2867
394
5593
11342
5697
769
9454
7336
2836
11468
12608
2550
8670
12630
3742
11044
4616
6353
7914
392
10726
2783
4822
4628
1063
1028
3399
3627
3645
1589
13230
11961
9926
12506
4552
788
5035
7593
146
3012
10404
12471
4896
7097
11002
1
5103
898
2080
7894
873
8358
503
5317
1865
3891
8499
11679
3768
2751
7815
8199
12476
10052
2522
1413
2064
3045
3807
1940
6434
267
11571
617
6833
2314
6975
11657
5274
7206
3703
12827
12832
4439
8120
7567
6950
9648
800
4872
2941
1152
2496
511
2427
4963
1307
12875
39
11586
1588
3097
3685
6009
6366
276
453
10743
2113
11
4130
8076
4288
5515
2188
7860
5819
2269
12031
11373
10219
11796
7361
7457
6622
11289
2892
10689
8709
5214
4535
5964
10557
3572
492
1249
1206
6808
3618
3385
8132
7607
10795
261
7716
10803
12125
11647
8285
3726
12182
12896
8474
6467
8721
7645
6844
1030
4189
12766
13374
67
7647
2407
11944
10330
8799
12650
10562
8232
5148
1243
4937
4081
5540
7749
4370
5902
12123
4201
1234
11355
13269
6214
5646
4909
13246
8648
5260
5339
9457
10130
5436
112
11129
11764
1309
9606
690
9852
4950
8269
4415
6078
7440
9224
6286
493
190
10690
7294
7986
6349
4336
12185
12676
8601
2677
3959
10740
3094
973
6324
4577
13137
11942
11340
9092
4428
2195
4160
12667
7824
1239
13135
11338
5914
463
7392
1435
7497
7383
2503
6523
6034
2008
5901
4481
3746
7385
2839
4668
12098
4399
13226
3522
9861
10137
9650
3490
6777
9642
6672
9626
2988
3952
1474
5616
2099
4308
7130
8949
3784
13168
9707
3289
7988
8441
7940
9152
12660
13064
9212
7956
8377
200
2589
8175
1275
9994
3851
7174
4131
11201
7569
10775
2914
6105
6059
5717
7651
1228
8188
13181
4661
2922
11675
5119
12297
1571
9253
6099
2953
10534
1245
858
2211
1473
2160
3069
2908
13346
12539
6508
8768
12281
11255
10332
10120
12947
6977
10546
1454
10421
767
5862
5761
8119
9712
12102
160
8022
5064
7715
11115
10063
10430
22
12753
11498
2315
8883
957
7469
7237
4059
10717
2157
338
9237
10220
9938
4325
1904
5329
12523
12048
2502
1836
565
5962
2915
10502
9206
3135
4991
11998
8977
4851
8641
598
5570
2385
12119
2011
8961
6595
4913
1304
5710
5430
2866
9201
12410
1932
12383
8401
3881
13336
7380
1539
8157
2202
8165
10013
8245
8979
9390
10164
3428
13090
6226
6915
2780
2831
3941
1961
4298
4727
4107
9761
4614
1016
11316
13366
2155
1732
4283
12511
7399
7981
6816
4135
5772
5449
9323
7396
3052
11877
13161
656
10263
9497
8843
8964
10508
11415
8605
6521
4637
9282
6033
8042
3292
2295
5298
13348
5259
11948
10878
754
8827
11841
9290
5497
2196
9001
6812
12939
3638
10647
11578
10643
2485
471
10805
3194
12702
13123
3269
7301
11711
7866
3374
7757
3154
7263
4318
237
879
12064
3606
9450
3839
1844
272
8284
7161
10460
13361
5342
2473
1115
12189
7902
10754
3611
4582
10626
1209
4705
4935
5708
447
3642
807
12792
13032
8070
6559
11702
10354
3819
8593
6463
11976
7404
6267
1723
5657
2254
3682
6608
9097
7942
3188
7035
10931
5234
6663
5787
1120
10029
11083
2594
2369
3904
3300
8958
12831
1721
8071
6781
3593
1494
378
2448
5379
12242
9992
2384
11270
5734
11364
12127
9991
2504
9328
6716
10605
3288
7564
9222
13285
9524
11518
4699
6655
9577
2702
11450
13189
4781
4574
5741
10838
2038
13251
10388
7151
55
3227
12286
7267
12005
11186
8000
11207
9918
10825
9880
1678
2067
462
1855
11305
3000
6063
12652
3528
9748
13172
2971
10861
12734
6327
9198
10195
8849
3972
2251
12682
9731
10385
1524
12993
10270
6687
3032
6106
9514
2074
10484
9619
11785
9591
7985
5882
7967
9544
1968
10036
12773
11699
12268
3419
7068
3620
11262
1177
6562
24
3117
5183
3479
4496
7455
7495
8651
525
11063
8870
2547
10973
6141
10397
8191
8926
13341
5301
3168
9629
6241
7627
12678
13358
1193
7620
12273
4763
4700
7685
13212
9937
12219
947
13302
8073
7104
212
4396
12870
902
5631
12427
5919
1521
11182
7175
6900
12703
7224
1053
7540
6727
13112
10707
4892
8699
2774
5360
38
9304
5306
7076
11646
12685
6510
13114
10023
2769
8660
3540
11846
12642
328
8584
9975
4140
7366
1562
5837
9277
10031
3321
11704
12924
12522
3926
1774
10425
11315
12131
8603
10916
6074
9699
3176
11851
4431
12272
3873
1103
9702
5393
12291
6893
7352
10492
9978
10265
13330
12071
8636
10412
10555
2993
10893
7129
1570
11336
891
10770
3477
5723
1167
8909
924
2692
3443
8997
6664
10892
4625
11187
9093
1251
13239
3021
3185
5732
11562
1469
3208
1679
7286
6567
422
6427
1397
602
7077
4300
7997
12988
9717
6703
5987
12786
8502
4110
701
6146
1032
5691
3072
4706
1641
3195
6527
11140
5912
8786
11242
9033
11351
4621
2347
10648
3480
11302
4463
8386
147
9670
3143
1452
4351
9813
5687
10574
13266
3799
10171
6649
12584
5167
438
2876
11946
10604
7618
11926
618
8952
13088
9029
12611
1572
6921
195
2470
10289
9023
9195
7748
2059
12332
6194
9064
13162
6035
6590
5395
5276
10154
9488
2419
4331
4299
5869
515
12670
8375
5568
10718
5014
490
9901
5369
4903
10821
2234
11649
10355
4097
1286
2998
607
4050
5179
12141
15
1421
9942
3576
10313
13279
7197
8936
752
5952
1703
11157
11476
9289
7074
3478
12209
2389
10646
5905
4638
3268
9303
6284
7814
4649
2198
1785
1820
794
8809
5614
11874
10271
4241
9109
12897
1506
2518
4986
4080
4429
5370
11185
1621
189
12382
4363
11512
5509
11197
4836
10642
5069
242
12693
1995
10493
9694
1424
8833
608
7676
2653
3854
6334
8161
17
11552
2899
5642
8807
3730
8127
6025
7335
9982
4670
5308
9895
10713
4310
3434
4646
11290
455
1746
8567
3496
1104
1410
5520
5175
1624
3995
3407
10
5808
6946
688
6525
5969
4923
5522
9589
7369
6932
1092
3408
8318
1939
10769
8111
2351
74
8831
8976
8469
4388
6788
7158
9515
371
225
11134
6287
11618
10205
10135
8330
13050
5354
5350
4029
3652
8908
7386
11637
10209
10608
6632
5618
314
8812
90
11574
6784
8204
4694
9098
10801
8988
5125
3615
5041
7920
4202
5211
1335
11850
905
967
4516
6487
113
6230
7291
11150
11580
3614
6383
10341
12151
8321
5784
11837
305
2689
3728
9697
6057
12394
5963
742
11366
1938
7350
197
10994
1515
2891
5939
2877
1989
12356
5916
3594
4227
2996
10097
12271
5679
975
5724
11815
4087
5800
5191
2535
2035
5471
9700
3418
5821
7314
4835
8990
5791
5579
11991
8252
4272
1042
7275
10003
4604
12847
11161
2110
7863
2989
4901
7510
6122
141
8851
10837
1072
11925
10854
13328
2329
4922
2962
6051
743
7916
5731
256
1697
890
2319
7840
2851
12864
9638
2129
8286
3354
10413
310
5662
10232
3561
7911
5713
3900
6656
9974
6041
3138
7300
6953
3990
12599
6989
6347
6293
8861
8234
12849
1157
4823
2758
8114
12240
2672
11341
10961
3167
12364
7903
534
7882
5292
3613
8551
13244
10721
5027
8150
10526
4686
1011
8075
8781
8541
7059
7536
5086
10886
11686
7500
4949
9773
6481
6018
6153
3236
5604
13030
6902
12726
10252
6599
346
3931
12072
1346
2468
11777
9251
10868
2765
816
9484
5396
3023
8840
1713
1627
1111
868
1313
6894
8905
3362
4078
11790
7742
8697
9020
4294
12577
2285
3190
10100
7612
10456
5264
287
13133
6914
9900
5516
6765
985
6370
321
2809
2116
7786
2693
3129
5831
5245
2999
4810
9838
12634
7613
8155
402
4886
7801
8190
10639
9219
8422
12945
12283
2263
7195
1767
11836
1962
10856
6729
2825
7110
322
12386
3827
8834
1191
8145
10061
2085
12531
7671
11215
5873
5055
9935
7624
340
7829
12683
10668
2151
7183
9125
7415
1674
10162
6167
4884
4869
2894
8740
11714
3923
5830
2652
3859
9746
11024
9953
932
7453
1903
13158
9924
8196
2737
7943
3905
7398
8265
246
8359
6534
3238
8656
10352
4545
9516
3234
12144
12862
512
3668
4071
12251
12877
10600
9132
2981
1279
658
11110
4150
6763
11354
546
4673
2203
4665
2982
1389
11672
9751
1325
2651
1181
6359
12833
9661
6863
579
12959
2119
9847
5534
9962
8774
831
5635
13237
4453
12158
3214
8653
12738
2364
10658
2131
6535
5774
3311
1098
5829
7865
466
12712
8257
4045
6639
9118
7172
1873
5868
8872
2523
12458
10141
12774
5145
6661
5006
943
3091
9424
11810
7555
11303
9627
7115
10258
575
5587
12077
11585
6776
1978
6159
13331
1779
5865
6598
7761
1264
1604
5085
2958
11840
5261
5798
13290
630
9045
4680
7674
2507
997
13020
6695
2497
883
4843
1783
13320
4056
5883
11112
6332
2292
7432
1789
2176
917
5938
10804
8945
7037
1800
8956
5190
1001
3720
11636
5683
9783
9049
625
11138
2019
12937
7181
11049
6799
768
1696
9345
12846
8662
9460
4974
9747
2377
9325
11288
13040
11687
9353
2312
5932
7663
5792
12399
194
10068
13025
2731
6790
9126
8488
1813
6117
2789
9723
2970
8777
11879
2524
1223
2985
1094
12960
3170
8101
6645
11880
10403
2636
12260
5896
308
12821
2327
5846
10234
11723
5941
517
10644
1914
7844
3255
9225
52
696
6997
226
11121
12000
979
4025
8031
843
7418
210
3634
7012
277
2560
11205
12948
1891
6602
2018
12922
2062
10064
2367
4044
12404
6820
1199
12714
343
10169
13097
12695
5575
30
1949
6417
9436
3351
6456
6609
1634
382
356
12759
8811
12859
10545
5826
6176
1431
773
5201
11130
11269
8388
11281
3641
9299
5297
7565
10110
1970
291
7212
8500
7845
11055
7036
2819
1897
6847
7247
8876
9280
1356
2382
6323
10687
3137
1582
806
10944
8430
5024
13209
8320
4782
6544
6160
1529
8642
12173
13091
6667
4361
7273
10177
6743
7601
5263
8124
6094
4243
3631
8542
8703
8543
8294
9463
10976
12665
3906
8974
11748
1982
8033
11184
1579
11062
10126
2645
7858
8966
11293
11372
13259
429
4739
1058
11481
11188
9359
10901
6594
3134
4806
8880
4954
5835
5039
8631
8299
10276
10087
4985
1790
9202
13306
179
183
10321
12429
4708
5018
13159
5643
2811
9735
5852
7230
1828
8410
7315
5814
10374
10406
12953
4204
4898
4042
13176
9891
10602
4391
13186
10515
4477
12073
10585
7933
175
11441
12166
1685
177
8873
8796
4800
1392
8409
880
12718
10762
251
9432
352
910
7737
10043
13340
13071
5243
7248
7905
9973
12192
9578
1420
10535
10081
11394
13311
12220
11683
5637
1221
5303
8129
12923
8121
1810
8135
12585
8965
12470
3657
1146
364
1999
9357
5403
3833
8626
7289
6039
2332
9857
5407
6192
8123
8363
1875
4828
10348
1035
2669
3812
8609
1055
6972
11753
6939
636
4522
4602
10250
3930
6936
5700
12357
13208
5128
5443
3987
9250
8212
3672
11806
1379
6725
8078
12787
8193
11073
11501
12043
11794
4235
3794
7368
10215
7973
3402
12717
6232
274
9010
10295
2955
7123
10691
12536
10422
7095
10217
2921
1620
8923
7947
6187
4890
6420
10075
8282
1945
2595
3085
8538
3998
10353
9534
4400
9995
234
12809
5338
383
832
5899
6659
10139
451
11339
3665
11818
10286
11931
2029
6211
8009
10253
184
2952
4200
6375
808
9704
4558
11408
12097
13307
1955
9427
5324
11433
4664
1214
2469
9951
2591
764
8549
7953
8569
9465
10294
12609
3979
6418
11911
6191
4752
5277
11986
465
5601
7995
1867
11538
5773
3822
1987
9713
4770
12337
8079
521
6186
3865
6272
12023
1174
646
10824
7169
2626
6965
3680
9899
9466
3029
89
9807
1207
11091
7348
2455
6556
7999
845
5739
151
349
700
4459
2878
11868
855
4841
12569
313
10370
537
3384
5585
12540
1296
1136
3468
9445
2186
8102
13153
5526
4174
10864
8693
7464
6543
4900
1944
3736
12498
1648
13166
7038
6517
11404
12575
9275
1839
12590
757
7763
11213
2371
5154
12390
7688
3201
10405
3019
4292
7103
10610
3333
7166
11761
853
929
9970
1611
7961
8118
864
13122
247
8530
406
2628
2520
9776
1317
6767
5170
1419
1658
1644
3028
9948
12776
4145
6151
4692
11919
10577
2912
13260
554
9418
13145
3395
11126
8661
7406
9803
5944
2148
7265
10908
2225
11382
6046
1171
5160
7736
5137
3994
6635
12581
410
1145
9236
13154
4750
9326
193
8478
2741
9779
4344
10727
2932
11999
3071
10520
12507
10170
9882
6093
1184
12221
11025
11458
4959
3206
5555
12495
1990
2095
3607
2720
11496
4533
3305
3692
8983
1665
7675
1283
12885
9444
315
11193
1925
5924
2822
3457
5335
7798
6454
1412
10301
1946
6450
13375
7428
2231
5088
2949
293
6537
8457
4427
7321
10540
7120
922
7632
6697
4996
1535
5458
11312
9040
4269
5184
4015
12143
11829
2718
2887
1817
11992
11056
6088
5320
12329
7520
13066
12574
10969
7515
10178
12263
12976
5280
5729
12479
7459
4565
9503
9172
5279
1271
1768
11936
4862
8739
11462
8992
3178
12103
9617
7885
2016
5958
12669
3919
13142
1495
3587
4501
5240
746
10306
11356
9831
989
2017
9763
6901
12844
12081
3948
5038
3530
13198
8444
7799
7562
2028
4474
10066
11724
841
5554
3277
12524
8933
420
6588
102
8628
2224
4956
13317
13068
5351
11028
10423
13095
12453
8215
5680
5573
4765
10105
11930
9411
11239
10356
9523
7105
651
6838
3055
11108
11163
5606
2245
8048
5676
7630
2972
4761
7541
10675
5886
6681
3254
9646
4955
12799
9537
7638
11191
3084
5595
10339
7040
12510
13027
3751
10827
10613
12340
3553
8365
21
10652
1472
11754
2728
11553
9473
5567
12397
620
988
3248
3636
723
8816
245
4369
10693
11913
2673
7268
8244
524
3096
3141
254
4539
9693
2056
11223
1232
1138
4389
12065
10331
4521
6387
1131
9370
8370
11400
12887
1959
941
1396
9569
9518
5269
798
10550
12606
10474
11494
7609
13061
9568
5048
11176
8360
9903
10988
4437
11638
9678
1915
1189
8143
7595
3103
2005
7616
6603
11274
1150
9075
673
8010
6565
13195
10889
5501
3469
11620
12045
2799
2421
1937
1390
12529
7712
2812
2338
11427
10098
9056
4088
7711
300
7698
8620
1984
2167
9197
1450
5033
4710
9798
5839
8461
7480
12579
10910
12512
5477
2580
4899
12915
7760
6382
4273
10758
5246
8788
1467
2721
5275
1172
13174
6411
1142
1705
8920
8397
12613
1824
4786
10058
7864
982
10918
9005
11348
9721
1255
1301
2965
5426
4274
10587
4401
13293
4805
3010
9532
5141
7329
11334
9689
10964
4334
4339
1630
7087
6984
126
7699
2500
7825
10855
11413
6903
13227
35
302
9509
9545
1451
2431
3370
6142
11516
540
1811
3050
510
3688
8074
9169
7816
8200
5200
7033
7355
3743
840
2232
10632
3867
11074
5392
10584
11937
3719
2807
11621
6442
3356
12370
2253
2509
12396
2052
740
2466
3013
9540
4171
13219
5321
7484
10251
3723
3342
10312
2308
5695
5994
13372
11307
2350
12423
8429
8032
5054
7482
13081
3481
4153
10361
6210
1738
65
8081
12306
2534
6529
4764
11019
8094
4395
13298
4296
10686
2154
12113
12813
1801
2041
8657
9555
2510
13332
10134
6520
6314
12907
931
7184
3298
3297
7208
9272
11866
8259
10959
10497
4554
9185
3896
8559
9238
7088
11592
9664
220
5599
12955
9227
12323
13065
6482
5072
2109
11674
6883
13277
2802
3821
7523
54
11360
11573
10810
8088
2474
7308
10592
1343
3749
1297
12749
8144
10485
5139
12742
4608
354
12664
8195
11107
9403
9633
7272
10367
6548
2798
3391
12990
3283
3065
11248
1964
9203
4040
3731
4482
11513
3803
13289
10055
3363
2654
11466
1180
7704
1597
3427
2637
6127
7147
1920
8645
12016
6694
12235
3515
5860
5315
3380
7714
4216
8047
11020
12210
2021
4933
1319
2907
6746
9191
6739
11482
8080
2633
6125
10796
5973
12167
2532
7725
9990
5778
8224
5144
4376
5050
2529
7412
9085
12805
5005
3169
8874
7003
4984
11831
11065
10671
13100
1220
3228
8468
5026
7240
4410
5468
9327
8325
6604
3498
7327
5834
11264
4671
5304
6313
11319
4669
2480
4675
9529
7499
9192
1064
9273
8315
4723
638
7365
4073
12647
1680
9292
8623
3983
7004
12187
6821
9256
2138
5678
366
11362
2868
10641
8277
10614
8487
5558
12968
2784
2668
7400
7687
460
11539
2646
10401
3175
120
9329
6089
10035
1870
810
2374
5130
4099
5718
12913
12767
809
10010
3447
5268
12982
8511
958
10657
8690
4096
11401
3326
130
6003
12197
3877
9249
7875
5172
1509
7064
268
5582
2320
4341
2565
2201
11118
1513
2679
6988
8395
6721
8418
7747
8023
1639
357
3599
9265
11089
12620
2244
5028
5766
5434
4061
10970
10279
7641
4587
13110
3461
4220
84
9420
5796
5346
7043
12987
791
3005
10537
1106
5709
8571
1690
3203
12899
1930
3963
12247
1715
3133
2440
6116
69
3323
11437
10284
8041
12873
3177
3893
9300
2647
2013
12572
8968
9744
4749
5654
4524
9486
5326
11769
7717
945
3145
12694
423
10399
201
9778
12062
4231
10157
8266
4409
3552
8097
3733
7009
4126
12698
3108
8665
3197
6815
13179
6002
6227
8522
11236
124
1186
8298
10411
1211
11554
484
8658
3442
3752
312
7496
9849
8210
8317
6822
1259
8206
8859
3492
10240
12107
2145
7341
9181
3709
5795
10663
11407
10442
5236
6817
12214
6403
2318
4217
4926
309
8676
8800
8387
12389
2638
6343
27
3319
13092
10774
4285
8712
6611
6842
13041
516
9317
13074
8470
8685
1832
11957
13024
2370
4507
393
10114
1367
3800
3307
7657
12632
10410
9402
10538
5357
6139
11927
11291
108
6178
8727
7862
6115
10108
8830
10712
6333
47
3622
11670
11048
7951
10290
1010
6098
10822
1059
5755
9820
13069
2402
10229
2821
452
2112
12289
3816
9536
10391
6386
612
11665
3567
8293
488
4238
5435
8755
702
7621
10842
2713
4995
6090
2732
2406
3698
3011
3610
1901
12909
6304
7485
2277
7125
9764
4845
5464
1458
10333
9171
1437
10437
3609
8960
4397
6428
12794
8925
10132
5140
5481
5066
11395
2667
12560
6062
143
8449
711
1816
10207
12983
2558
12601
11635
10451
6992
1112
13206
3111
10092
2296
12333
5074
7833
3791
9579
6867
13058
2648
7583
561
3950
4433
1461
7249
951
329
5312
732
12784
11772
1510
11381
1584
4293
8251
9870
9037
9271
6803
11474
3337
10694
10187
5478
1485
1334
5552
9919
3619
10533
7561
10906
9278
770
2275
6563
11715
11392
7677
8261
7326
11432
1101
6954
1797
5877
11801
6555
13184
3503
316
3955
11716
4921
224
8182
217
1837
12711
6996
5402
2543
2897
3828
12035
2084
12681
12246
568
1046
5118
7442
7892
8946
6715
5955
12743
11403
5421
70
555
13270
2190
6014
7759
10104
2047
1468
5143
10479
10684
2340
12680
13138
1802
6201
8464
5733
1587
3467
1730
1751
7106
11217
5187
5427
3776
4478
6576
8763
12625
5336
761
12052
3780
9804
1006
11259
5193
6657
12067
9674
6872
11541
4603
1425
12706
8867
12198
5474
4816
10012
6846
11179
10634
5425
12200
11311
9653
3294
1447
7705
45
8877
1505
4677
11051
1441
7168
7680
12316
5364
5775
4865
3823
10322
4696
9112
12910
6181
13350
12013
10536
12161
4031
12926
1160
12949
6930
7718
3687
1592
11357
1068
5828
8646
9708
12301
7051
3074
2719
8038
3925
13281
2357
10445
4282
9939
6629
13308
8922
12970
12420
1148
7072
9743
2649
1750
4620
6605
1045
11208
9667
5856
11230
6460
6285
7969
7796
9461
158
3767
11133
2401
6927
11985
3366
1988
12842
11101
8611
7603
7388
2614
9310
12916
11086
8394
400
12880
6080
3581
7781
11295
9956
9655
12095
4248
7306
11358
1574
9083
7708
13203
10443
8602
8492
7261
6886
3864
5442
11955
1293
10954
6209
2606
3215
8250
2936
4962
9884
8427
6337
12205
7642
9822
4825
4198
4064
4818
2394
7259
11789
12802
5087
2068
8460
10913
3507
9472
3417
876
3099
8035
4730
11697
4741
9730
11641
6912
8680
4870
10133
10934
2397
6922
5623
12159
1134
3367
3130
7393
2462
8369
5906
7684
10223
12788
2977
5196
10111
7138
9220
6054
3705
10278
12491
12740
6553
10268
11386
11651
5504
6061
2144
13261
1720
3565
10083
5656
8589
7304
7597
7041
129
801
10543
8687
240
12433
57
11892
699
11170
134
11975
3589
7766
9771
725
2760
8597
5146
3157
1862
12229
797
2969
9912
13322
7016
3951
963
7545
10674
12417
13113
650
4597
5838
3664
11767
2740
4888
454
13053
11551
12537
9110
6616
8824
4225
9981
1126
10900
4106
10049
621
5866
1709
11183
3861
11928
5056
3431
7976
9788
5690
1666
8841
3491
7253
5217
9214
1971
12026
3187
2101
11627
6570
13287
3396
5611
10548
1998
12452
5238
2334
8805
2291
3383
99
8838
337
11613
9267
415
12834
12288
9808
4808
7002
10568
1102
9979
6021
11189
13126
2856
1340
12547
6887
5117
8002
10037
508
4032
3777
6538
12658
8354
8301
1884
7689
9855
10032
3707
1018
473
1124
5325
6839
585
11125
5998
5229
12961
9907
6757
5525
12713
4001
1387
9654
10516
9583
8281
11524
12619
3281
5376
418
10435
11132
9639
7852
215
8472
2997
9016
2342
4446
10780
7219
3714
7007
5988
10045
12406
3095
8521
3166
5803
7241
12347
11523
1303
13094
3753
11479
2945
10011
3988
759
2217
9052
9500
3789
11164
13250
6032
136
7797
4412
4394
9412
6494
520
12486
5730
13253
9138
4771
6207
7374
9508
5106
2237
11577
4881
9380
445
4111
8098
10107
4998
3087
8654
8878
6042
8504
8531
2104
5318
10015
1478
2061
9660
1830
7420
5136
13349
4774
4988
10245
7149
869
1626
4408
6516
10895
8640
12128
2478
4751
2483
587
4387
6148
230
11622
3049
7910
2901
8065
7821
9057
6395
11823
8879
5063
4290
6026
7600
2761
4866
1664
1329
5062
10745
10899
6215
1645
3814
5
2630
4156
2362
2227
5291
5290
11987
11863
9782
11393
290
2226
1436
4018
173
928
4250
12435
11820
9944
12550
6468
6760
2699
6539
7559
5293
12069
8025
4651
5388
6131
3414
11830
1484
11778
7305
5498
12969
3829
8237
12405
5284
9476
8218
11914
11682
8614
450
6279
5068
8186
3220
3035
11457
13376
12979
9732
330
1724
10975
2542
5903
9187
7498
8734
1492
5124
479
5572
7924
1942
7631
5693
11000
5491
7744
13051
9161
12440
6549
7551
2187
3894
5287
12865
3198
2046
6631
1326
6709
11349
4511
4005
397
1008
11486
9475
8
7897
12034
12886
12944
9567
4977
5507
5319
10847
4379
9757
2486
2644
9302
6572
5779
6612
2642
3451
11451
1692
1943
2173
6909
1143
11993
8747
6236
3602
5248
409
12943
2425
7465
2465
12857
6445
9305
10293
8707
11828
5486
10241
8539
2042
9946
2229
1100
9372
3073
9183
5328
10389
2073
12855
4585
3397
7849
1200
1488
996
9366
3077
6748
12196
10466
1321
4276
324
10541
12621
10047
8479
9065
12500
8715
3628
7413
80
6724
6925
10844
8312
4853
5244
7160
5222
7878
2657
594
9658
9114
12228
5546
2132
13108
5983
107
2733
9369
6584
7838
11966
11455
2590
4215
733
5428
2066
1149
3082
2278
12415
7872
12996
11710
10101
228
11565
11728
4404
7573
5399
12343
1683
6505
11335
2311
3271
9612
9143
4945
2410
13175
7904
2239
1812
6717
2383
8554
6235
5490
7410
9028
9346
6679
3546
5891
6935
6769
6723
5597
4544
661
252
10414
7390
6350
11279
10521
632
59
8752
10616
8082
6027
4234
12882
529
2398
5334
6190
7827
2212
1089
9887
8001
8730
3476
9766
8167
11445
8229
1449
7648
9121
5692
7351
2710
11007
7223
8154
4557
13005
11318
6580
538
7830
10946
3969
8263
8622
1347
7783
756
5111
5943
7679
8516
1105
474
4605
8724
3603
5163
1266
5221
9657
11156
2343
8467
12032
2089
12543
1700
3420
1504
8039
79
5129
11136
10140
12586
3252
7274
1281
9363
7992
4753
2359
94
12757
9262
11306
9061
12322
4249
12148
449
10941
9337
6028
5168
12697
5123
12028
5355
97
6586
12921
1179
192
5451
4612
609
7011
7238
1377
8987
11090
500
7069
9084
2413
4148
7733
2623
1972
12866
10782
5686
10086
4920
2738
6627
1482
12255
2627
8308
9927
8587
796
10729
3031
5453
5414
186
1699
1071
7048
3039
1775
7526
7989
4629
8007
8289
5098
11943
1576
10319
3365
13240
1556
12571
11882
8736
8258
11014
10539
8347
13105
704
12418
6030
6774
2273
8450
9530
4695
5101
3596
8491
11923
3841
5159
3510
10214
11600
3429
263
536
4702
6257
3357
13089
5633
11317
10498
10323
7982
1464
4652
9207
9987
13335
8346
7126
6991
10815
1532
11117
3405
7331
8034
1619
8526
13163
8227
4418
8274
2681
4452
223
9874
4398
817
13119
3778
153
3392
3162
11712
8942
10444
4833
6869
9957
9827
793
4736
6662
8400
3475
10499
12162
4464
12207
11233
4907
430
4528
3030
7346
6888
6189
5990
13323
3180
4218
8784
778
6396
10841
833
5134
5751
2557
2920
12578
10123
3033
6464
7605
416
9167
11756
6683
7082
6606
3232
6435
4041
3394
6970
6589
11896
2258
9378
5004
1547
7178
4147
4352
8197
3314
2121
5233
9598
5437
6158
9122
7010
12861
1833
11087
4192
11567
12687
3159
6615
7153
623
8856
9988
9846
7962
9554
8405
6810
3879
2709
8336
28
9117
4168
1806
6865
8819
1669
10814
12483
6541
2814
6855
1902
13028
4355
983
10084
1612
953
9762
4246
12469
11847
12244
11690
7619
1826
9458
526
9601
299
6072
6221
12448
10919
481
11738
7433
2426
13117
8844
8233
12080
13334
10244
11190
3927
6668
6966
7382
7373
11424
2683
4190
5060
3754
1294
11079
12775
11489
8314
2260
9368
2525
10751
6793
77
7185
1910
3766
7271
5210
12079
8201
10698
5285
1941
3196
10204
11768
505
9
6831
1490
6480
10583
9774
5282
11438
2895
9546
11423
12431
13339
8520
5267
12781
12319
10149
9255
2122
11485
2777
12810
3132
6321
2643
4563
1362
9814
12084
7347
12120
2726
8276
1877
5638
3543
4142
10221
421
4876
2746
12254
11684
7437
11232
11821
7367
13305
10099
2303
11596
7628
4674
8241
9997
12334
11717
3656
4461
13221
6202
9081
8091
1600
7851
8181
3945
3624
12047
12998
5493
6479
3430
2771
12643
12139
3101
12424
7182
10633
5583
12600
11495
10505
11173
8328
3880
10666
10429
8893
2596
2736
559
12163
1453
5330
6273
11280
6759
871
9079
12018
1577
1327
8416
7788
9491
9091
6152
11196
13054
1026
11701
4303
10532
7635
5714
605
6238
1003
7379
6756
10302
9453
208
461
2236
9570
4011
12266
1272
9356
10459
6740
53
4648
2216
8498
9111
1765
10876
1927
4929
7134
3693
8759
7196
4967
3557
11792
9373
12587
6845
9452
12478
167
7941
1393
1781
9320
1501
6528
332
1350
8897
12003
8278
11803
2395
9889
9930
3231
1165
8442
8447
11544
5029
10866
5237
714
1795
8090
8324
13276
236
2136
8717
2861
4777
8901
468
12930
11631
4228
2533
13086
4092
7242
10500
2219
9665
7608
1975
9800
12437
2135
13006
802
6513
5332
1052
9365
3738
4385
12971
9156
7116
3699
9124
7282
8192
8771
783
9718
12966
4783
8950
7145
9231
601
925
115
7937
6325
3313
8963
3088
6771
13243
5084
560
4380
11440
8458
3712
10019
1078
1499
719
7795
10930
5242
11202
8483
8924
2093
3895
5851
10580
6138
8349
10720
4278
1445
11730
12178
12037
7220
10949
9793
578
3098
9745
613
11219
3127
3424
4815
9913
12532
10655
2007
1427
1383
10957
2849
9728
13011
8513
8092
4490
635
2916
1546
12204
8152
4295
9611
4054
892
2180
9593
11757
4436
10131
9400
7372
4814
10654
10267
3304
264
3131
5071
8681
3401
11564
11737
7517
10932
350
13224
10620
2696
5380
2800
5976
934
11860
721
1554
2036
11795
13342
2947
333
8993
4028
6102
10553
5671
12222
2022
4589
12328
6660
11902
5401
12744
13171
13225
13197
11078
5127
8131
4592
13319
644
1051
12720
9963
4326
13031
2204
8164
11531
1888
4868
11813
6558
5406
2886
3578
6610
7075
10070
4254
5496
12012
7422
336
8557
4798
13233
4333
5389
11972
4487
10622
12326
5712
9180
1676
11069
4709
6938
171
9886
5910
7959
12199
9448
3027
8433
1605
12568
11487
8334
847
11855
12925
9000
6060
12825
6985
1977
8463
5094
7558
6475
6010
11286
10660
5314
4906
10581
12116
4626
11326
10831
10128
8899
5013
5254
1012
88
341
9640
9565
2114
3355
10737
8655
10747
7236
10912
4683
13313
9496
3899
10763
5670
2090
4211
992
12063
1756
166
12874
1048
8725
9595
7719
12851
7085
13087
12622
3942
558
4762
1643
1814
1859
379
1400
9829
3389
1538
6161
3626
2722
439
1858
6868
1583
7576
8069
2902
12324
7463
3871
8615
7489
2787
11238
10050
9017
9909
6737
11158
2162
7188
7462
10225
6415
1391
5182
8030
624
7921
5015
4824
8059
6503
6385
13098
4826
11475
4795
11491
9684
4578
9644
2527
448
9786
9936
8568
8545
3548
12402
7709
3388
8742
7205
5524
9069
6874
7654
4021
1376
9226
7927
4004
8331
8698
232
11800
10254
2635
9526
4534
7907
5053
9024
12369
6809
2140
4561
2191
12392
12019
1890
12596
1076
1475
5122
11256
12559
4328
8205
8894
4609
3464
10427
12350
7958
335
3308
12633
3499
4480
4185
3225
7505
2411
8528
6813
431
3285
9494
1084
8996
2841
11077
9543
11940
12514
11072
11378
11032
10607
9009
10921
9549
2855
12466
7557
11480
3218
1479
6044
11729
8518
10867
5252
7424
611
693
3524
9538
3608
972
1580
1638
10380
6876
12321
11755
1825
3716
7668
4264
6854
2139
590
5077
9209
1727
9030
6533
280
1022
4725
12277
7310
11760
211
66
6095
91
12918
7086
10345
3860
7790
3067
976
12104
13362
10817
10000
2482
5895
11037
6786
1345
6476
10307
6378
12313
11076
9341
11165
4951
8355
9019
2197
1548
7397
7909
671
2467
1374
603
6055
6593
6857
10458
5562
4772
3299
6601
11579
935
7908
5270
470
11102
3918
7934
5433
5286
12203
6491
12454
9313
12737
5855
9832
1566
2745
5945
11113
1229
6791
9014
9232
13130
11543
12573
1635
9738
2987
2960
3056
1194
2539
4384
12823
12824
12076
8309
1794
405
10453
1013
6685
2794
9767
9789
3774
6212
668
7957
8037
8610
10173
1994
4550
5220
11528
600
6753
12935
4716
2435
2453
6981
6750
9759
13364
5840
1270
6064
3577
6126
260
734
6701
3282
11131
4844
10862
9775
8332
4601
3518
6342
7948
9502
6154
7050
12835
7073
8524
3403
1426
5799
718
12525
6000
6408
3226
3739
2544
12456
11059
12015
5171
9695
11463
1429
1615
11033
4069
12797
9133
4941
4263
8485
6364
10362
11439
4912
11745
2409
8744
10303
3223
6471
10469
5444
7121
8335
3836
9821
6289
3211
12134
7891
4802
7743
692
12208
8020
9442
8791
11285
3849
11595
3993
2429
9042
2919
11330
10400
3666
8991
5530
862
10349
974
10530
7596
4133
2515
5928
5644
4989
3910
3912
11146
2572
5373
9127
10897
6680
7099
44
180
3677
1857
6545
10773
12719
11533
12101
4085
5640
4448
12798
3856
4445
7722
12589
9340
5135
7653
10145
2454
4946
10559
3322
1831
12233
2585
11436
10984
514
3886
14
5528
7280
9074
5212
9319
911
9435
2441
12691
9425
4738
5735
7324
7117
9429
3358
3412
10122
13286
9479
10588
257
3041
4827
5420
3640
3115
2051
870
4819
10972
3874
5506
3744
12094
1711
5992
13380
12320
2143
10368
169
2213
10982
10636
6163
1246
2015
6446
427
10772
4655
3324
1602
13338
11194
12388
7524
2337
1300
6298
12534
8848
6990
8881
9681
11793
3066
8338
10966
9477
9878
3971
4425
3501
12761
6352
2701
9189
10398
6135
11418
11751
3244
9687
4260
13344
11410
3352
2824
8503
695
9120
10248
11664
3309
12039
3040
6818
6885
2961
12212
6710
4483
7977
10118
7636
10894
10477
1741
9047
4236
12883
4518
2107
5387
7530
12715
5747
4068
114
8307
1948
11123
914
3555
6393
11447
926
10551
11313
7643
960
839
10816
12376
1337
3415
10618
4212
8860
11405
6008
11346
552
10612
1268
4917
8737
4514
5300
9170
11910
8668
7356
11550
6196
5216
10637
12401
6752
11057
995
13201
8741
9043
5197
6237
6794
10704
3654
7290
13316
10407
244
3878
8420
6229
37
5622
11012
6203
6262
12748
10199
6384
6500
11469
6441
5745
509
4788
1434
188
10915
5480
4424
298
2100
1216
3545
13217
3359
3320
6174
1369
4365
3764
2698
6830
4266
2948
4897
13143
6677
712
1876
1748
7250
9041
4599
1607
4792
4350
1673
11559
10807
10752
9439
10749
3350
10448
739
1694
11380
10883
8146
774
2844
10415
1967
8985
948
7935
8361
8063
3702
13355
11719
11680
11068
444
4175
5746
3500
9044
13183
12106
12542
8049
5372
83
3835
3853
4701
361
11598
5173
7417
4184
11003
1935
8815
7135
8194
6654
3858
9635
8682
11969
7056
10882
2946
12044
11171
527
9989
13271
5759
8253
10799
11271
266
10983
7665
5790
1477
2274
8016
12946
5581
11144
12179
11387
12262
11873
3944
549
13047
2086
5131
2848
11294
1182
12138
12400
12593
875
9263
12936
9875
4104
11602
3487
9597
11536
5476
1175
11162
2408
9134
2055
12501
9163
7279
9777
4492
9210
3793
2817
8184
5153
4451
7332
2356
12965
7163
5089
591
1031
12318
8203
9812
5517
2238
5550
9089
6245
1598
6693
3303
3996
4687
12657
4779
12858
994
7164
9553
6457
13002
7839
4100
4944
8766
11563
10337
13116
1693
7057
6474
5742
9139
10531
4256
5223
3840
5470
13282
2603
11838
12050
10176
1815
156
3985
4719
6253
407
8835
9758
11826
6231
13292
8419
6634
8723
2450
10952
4636
2248
5977
9625
1827
7295
7729
7202
7333
8941
