12224
12351
10242
12852
1057
8044
10038
5416
821
11655
6318
13147
2420
6971
10594
3914
1237
486
3908
12854
13033
7812
13160
11111
13046
3655
4289
4373
13043
13026
2270
7946
5884
5881
8046
1991
13369
2457
138
1123
557
1776
1807
459
4372
11459
11104
11253
12789
6948
10212
12487
8588
9915
3435
13329
11744
9677
1081
8173
8231
2105
12285
1355
11805
13216
8342
11502
3104
12362
4009
7835
4519
4794
5431
8319
7436
2609
13120
4258
5545
3221
8014
812
8689
9519
5213
10859
5040
13207
2840
10314
8264
6515
1353
4017
12378
5925
1761
3725
3763
2582
402
7173
3240
10298
11315
10555
13252
11739
6106
7204
1213
8058
12819
13228
5010
4822
4650
200
12712
10602
11636
5443
8004
3672
3134
7761
5637
13311
5128
6790
12922
13071
1978
8643
2985
12960
7663
10321
3469
2095
8960
1987
12575
11395
452
5654
35
12210
537
12524
12694
4217
7268
6418
929
7711
11716
2277
2260
7654
11923
8897
11564
520
1303
9016
2204
10581
7962
611
7718
11738
13362
8504
3070
3405
12120
5401
12501
10966
11979
7332
6830
12262
1741
11057
5465
8702
5476
6500
1300
2086
7295
6710
10398
3840
3303
12534
2267
19
8525
10950
6096
2893
12384
7710
9301
1215
12088
3612
5592
7929
4829
5031
811
6128
5065
11941
12046
7140
6999
865
1799
13297
9923
2612
11872
347
11009
5531
11043
12672
1205
13200
4729
4992
7923
3046
5850
5600
2577
11759
6674
1905
4475
9969
13187
4155
8913
10054
8403
13352
5057
76
154
9116
11181
1840
11499
1394
2304
13056
12591
3842
6658
698
9136
9737
1791
7925
8103
7213
8095
12008
10875
4560
8778
8674
2772
12626
4152
6004
12758
2442
950
952
10625
4547
7972
11001
852
729
7538
10335
10277
7568
3473
7089
2181
10073
7930
182
11041
1969
7122
3224
8560
5341
8986
9806
3695
9261
9462
6462
11832
2493
11301
4305
6358
1656
6670
8357
5225
10757
3986
9352
7108
8948
1960
12112
4508
4488
6274
9394
3639
4883
13167
543
1845
4834
7683
2403
5078
2559
6502
7090
4873
9785
12993
5036
10923
5614
8701
11819
1241
10431
2680
615
13133
6569
10986
3941
9245
5119
2485
3189
6324
12898
11015
4346
1252
10823
2881
10093
12679
259
2926
2989
7845
9126
9359
8124
9578
5941
1604
1999
9891
8642
8294
11372
7012
10406
9661
3311
5814
9225
6892
2382
5145
2507
2131
8299
7230
7368
3375
636
10177
1783
3133
4521
13317
5324
6093
864
3248
10918
5026
7825
7105
11432
4539
2167
3065
11553
840
3019
3071
7951
1665
3145
13227
1802
12329
13179
1211
11403
2565
8380
1910
11113
5838
5242
11117
756
8001
2036
12842
3414
3159
1479
2410
6589
6095
13108
12867
5063
10957
5071
8698
8725
12824
6909
11595
7498
7573
8098
1436
8082
10199
8053
2848
10749
12039
8668
11410
11910
11294
13183
4719
7319
6174
7524
6677
8985
10368
739
2356
5581
10618
3853
10704
7202
10882
1815
9625
9597
13271
12936
8652
7738
10750
1316
6633
10649
345
8226
3653
8235
1787
6458
6379
13333
12124
3251
4255
3890
317
3549
8795
11398
11141
2573
2700
9727
13034
4347
11477
978
5602
11929
13155
10977
4252
12967
2929
1463
464
8006
4465
9876
8828
8404
6509
4137
4476
11411
1163
9032
8026
4221
8050
13072
2882
12133
11865
8311
6785
8884
8776
7401
9377
7850
8650
8333
7488
7531
11428
3149
6904
11323
7445
11535
3270
127
11648
9077
10742
7460
4237
8692
1818
6107
5682
2130
11389
9297
12615
9199
7732
2302
2416
4115
4277
7837
11861
11709
562
4079
12893
6919
11152
8456
6787
7979
3484
2299
10009
3569
4859
5629
8459
9393
2888
6488
3398
1099
5377
10989
3465
13022
8198
4306
6155
7960
7707
8024
888
7402
3205
3734
11590
5194
13192
11430
12464
9865
4972
4846
6281
11718
417
1918
8439
12782
4658
11720
2106
13248
2439
10802
4910
5446
3755
8671
10282
10682
8374
6047
3689
3448
5539
2747
11607
7228
4812
11963
8248
10615
6077
6251
11261
4666
12594
5142
9690
1770
3885
7513
571
12164
9182
131
12752
819
13019
4562
5022
9053
1934
3110
771
10645
375
12674
387
8115
12768
8280
2735
10156
3678
8279
6718
2027
11022
11309
11912
9958
12554
12293
12114
8003
10394
8017
1408
6439
10377
6561
11864
5760
10833
3160
5250
5875
8855
5533
7650
5961
1749
8775
1364
12310
2330
10860
11973
7044
5720
6124
3832
1557
1606
4159
5400
6164
3393
149
5627
6864
3509
5818
6618
8572
7578
765
1798
11656
8159
13141
1273
9211
6976
4693
12482
3984
9155
10755
10481
11707
8270
1866
7691
7456
9031
10595
2306
498
8066
6052
1082
10591
12225
5177
6896
2498
12105
4386
4659
11075
8254
4807
2570
3202
5701
12881
1368
10491
11835
6197
11149
8621
6360
2829
5806
7501
5918
9996
4470
3977
2353
5311
3144
11434
11616
2519
7114
6368
9443
6814
311
8086
3291
8750
2767
2537
5947
12253
9102
10342
1047
8793
7313
4804
6255
12137
1371
7358
1793
5456
3009
8790
4284
1734
8711
10599
6704
10509
10776
3621
9892
9026
13146
10522
6827
7186
13049
6068
10186
12419
6596
6626
10065
3348
7216
2391
6959
31
1973
1023
5203
4046
7843
737
13188
6926
589
5255
6015
6911
11619
1591
4440
2808
5811
1197
196
7813
12777
5890
9756
1348
6263
1928
3381
9205
10924
5126
401
5596
9539
4769
12451
9283
4864
10030
1722
7832
1133
9230
5967
3148
12978
6522
7078
12053
3139
7581
11958
12928
1782
8300
5532
12869
12750
7931
11013
595
1079
282
6340
9564
12493
3598
5061
4502
4224
518
11379
11040
4724
6319
10672
1218
12722
8399
10418
9315
1919
9405
3975
9910
4134
627
1681
3708
8378
6296
10478
7276
4755
13060
8366
12412
9801
3120
2536
8116
3174
6678
11700
5571
5058
10363
13301
9824
5390
5383
8148
6390
1190
8327
9734
2128
8434
13121
6783
2827
7192
13063
4405
6048
5673
6421
7822
8413
1471
12986
6118
11938
11273
881
13202
8864
4197
5323
128
1560
2752
7309
8340
2456
7450
5391
12716
12302
9714
4964
10218
3172
8586
2261
4536
2973
1551
238
12223
8928
12546
11370
11203
3837
3845
6087
118
1545
5262
1772
6119
2372
11575
1846
8379
2632
5605
13125
9051
11681
13210
11226
4867
5608
3140
10971
1848
9925
7066
7162
9194
1899
11601
11016
2748
9248
8480
4172
1314
11770
11371
7191
8814
1586
4717
8508
4367
1331
12689
9096
7617
4596
6600
3494
11310
8678
2458
2750
9103
6084
5034
3179
682
12270
4149
12845
2959
12250
12709
425
6143
528
12379
4754
9630
2674
2675
8297
2786
2063
7739
8635
4203
6504
4485
9986
9252
13045
12132
5641
9395
11388
8767
8638
12723
262
2149
11650
12843
7349
273
583
3701
142
6722
2097
6114
12612
10709
7615
548
11673
2933
11990
6168
3669
8875
9003
1372
3544
5138
8382
8733
11741
3802
8820
4540
9592
4871
2365
3961
3349
3376
13263
7512
8172
7494
9048
3109
1931
11932
11959
506
6749
4123
6374
8738
5310
6607
11852
7284
6890
6220
1773
12895
4942
9107
8598
1541
1291
2779
5412
3075
582
1185
10549
5586
4098
2704
3883
10617
10208
2820
6195
6269
9137
12710
58
8316
2246
4894
1819
10872
9711
11887
9421
11210
5150
10249
2662
3757
1290
11906
3888
7302
8999
82
1743
10311
7755
642
4885
2481
6205
6707
6998
9815
1618
4036
12876
8686
1625
5016
13360
11120
4541
1543
4340
1395
11918
7023
6690
12211
3213
6376
5982
12341
7516
6291
9522
6511
6614
1460
1871
836
4559
12973
9547
4484
11228
3973
11732
7571
10874
8136
7211
3276
8326
8618
6568
10247
3341
11949
1349
4934
168
11816
4010
11254
697
6224
5247
12649
553
2658
1489
11953
12477
921
3526
9752
2432
9671
13378
13249
12033
23
11597
11903
11546
12149
8535
11425
85
7950
9943
1411
12806
1617
7502
7024
7764
8133
7493
1428
5265
6305
8126
2247
3037
10688
9145
9374
3083
2326
7563
4366
8898
11605
10027
8576
2621
2847
12249
5202
8574
4938
13144
248
9724
4208
10979
10347
10096
1559
12091
6806
5107
4930
8465
7344
5598
1198
7811
9585
9701
3016
5560
7870
12089
2706
2956
6585
63
7148
10706
4734
3740
10951
8782
5508
8940
2755
1324
8967
10387
10112
6805
72
4057
2161
12129
10898
5009
7952
1561
10106
648
2348
10764
12956
5353
1025
1498
8529
7720
12903
11047
10109
8012
12940
384
6486
667
907
11139
3790
1704
12217
9459
4878
2153
2753
1552
5957
10076
10887
9760
5164
6419
1526
1446
8927
5307
1370
2979
10077
6540
3735
2
6706
750
10884
626
7030
9104
9710
2549
9087
12974
7283
5511
7491
9398
7425
5333
7031
10601
380
12733
531
11555
12066
1117
8288
3935
804
6574
2142
13029
6882
824
3165
9984
1178
10830
12467
10858
2610
433
12602
7543
10948
7473
3760
11548
4969
5929
1439
12056
13052
11321
3902
9819
2262
596
10272
11645
7731
7660
7478
9367
6676
10586
10777
1863
4016
4813
8162
5610
5228
805
3568
9387
4019
6526
7752
8166
3265
9123
4990
655
6726
7644
9622
7808
10160
4421
8093
1110
4735
9144
7978
2528
12582
2671
10937
12765
10457
5105
7235
7994
1868
1108
574
13268
7770
5675
1034
4026
205
6173
2548
11614
8700
4259
11419
11046
6651
3423
10069
899
7017
842
920
1043
9976
10748
3684
12294
355
4359
588
11220
3106
5858
12911
2491
5666
10828
1442
10673
4375
3125
12605
2770
4051
12552
12336
4660
7155
8108
391
787
8808
11257
5827
4931
12623
2875
10454
6983
10947
1080
10138
13062
4094
8292
4676
10832
10826
4033
2607
480
10424
437
7726
9883
11582
12130
8716
3466
1835
828
8666
6040
9753
2405
2974
3331
8323
5658
12304
9308
597
12816
4471
8930
1357
12527
10997
4720
3660
2174
10651
9106
6489
4312
2387
10266
9525
6440
11883
18
1414
7846
13001
9376
7794
121
5305
12264
12555
5647
5180
269
10797
8659
9406
428
8760
8392
8176
6208
7217
9844
3531
12017
5913
2826
12311
10504
13169
9504
2082
10573
4166
4013
6339
8537
689
7963
6547
10738
837
11568
3713
4847
8163
1896
13101
9162
9971
3378
13037
13204
1740
10041
9845
5045
4193
10121
11780
9100
13312
2830
1422
11968
9470
12083
2297
1269
6331
4194
4509
7487
5503
4316
6129
9399
12735
1710
8084
4157
3901
10791
13220
5463
5108
7586
368
9521
219
10194
7604
4973
7018
271
6875
1706
4167
4830
9947
4411
13082
8445
3936
9150
6636
8677
6987
7871
8260
9663
9153
10021
2763
12403
1090
9691
654
10920
10871
3453
10034
11492
7857
239
9006
6582
10566
5500
499
10885
12096
3452
8432
9129
12436
8854
6290
5227
11808
10386
4210
9392
9898
3691
12111
9257
10318
12938
3061
3759
10659
6424
10222
2218
507
11143
3564
766
13245
34
2123
8955
4767
634
12349
2568
4317
9893
1622
11520
8350
9204
10667
7340
2934
5696
370
7299
6075
7137
7296
9921
9843
162
4053
7320
11708
10227
7264
4233
12673
10800
4968
1916
4151
8889
2495
930
5832
2862
4756
7587
3729
878
5019
867
2869
5786
5445
6437
7128
2575
2380
7047
33
882
2900
10692
3171
4280
3259
755
7776
4891
5750
9481
3107
8217
8496
10928
3436
889
10180
10888
8137
6292
3519
10004
6666
12430
11332
1380
12562
1913
1889
1523
4102
6554
1950
4265
9223
11337
10292
6108
11695
376
9490
8290
11888
11982
6530
275
1361
9548
10316
7052
1892
8267
12638
9828
6493
12238
9696
6109
7107
7443
7409
12929
95
4640
6956
3943
5815
6873
11775
5231
9741
3078
822
4555
5650
984
7435
11817
6112
7441
9190
11456
9790
1616
8929
12505
3875
7611
12526
4253
4314
3330
9656
3648
4911
12950
5620
1274
11005
12188
5719
12564
2125
4590
7575
12485
10402
3126
4789
4593
663
11572
6361
4158
6005
7359
4510
8606
4449
9316
2554
3798
6967
8138
7533
7229
1113
13300
939
6406
1114
6917
1670
11980
860
13180
2373
9108
10995
8028
3017
6907
11639
7901
803
5753
12696
8823
2874
6775
10544
7446
4775
895
5926
6100
643
9643
1225
3275
12841
11984
10166
10103
7467
12372
11085
2438
8352
5256
11070
203
10792
1476
6795
4791
7207
6644
10025
3537
1764
6213
1033
6566
519
12371
823
641
1019
2222
9295
4525
8013
8064
11899
1540
13309
3559
8731
13299
4711
2530
12640
12243
318
4855
163
12541
9428
8385
4832
10326
10766
139
3390
6841
4690
9322
11862
4268
7198
13185
13017
1065
10033
8604
3525
8481
2708
2834
3683
3658
12771
8367
7058
4543
10565
11859
1900
3801
1041
4407
5090
12359
7231
2966
1315
789
8174
1318
8364
12920
4497
8223
11237
10695
8613
7771
11416
5931
2183
5347
436
2452
10197
2412
10834
4966
8141
2574
16
11345
1860
8275
3155
3512
4472
7179
2393
12558
342
3562
5188
10611
3556
7701
11251
1077
1040
4012
3432
13211
12051
2903
6689
2313
5563
884
12267
9873
900
458
2163
676
9550
1201
8998
3616
9080
584
6755
10525
8842
9673
2832
2730
7975
7405
9157
6961
6425
11127
7782
8443
6137
1267
6413
12985
5313
8758
10487
10465
11904
2781
12644
3523
12472
10638
9073
5479
8471
9070
887
3846
9505
13075
6156
11038
12631
5667
13247
775
12490
10725
12338
6172
11951
11168
7434
7226
9513
12455
7503
414
4689
652
6688
116
78
8112
4505
6552
3560
4617
1657
10609
101
3181
11030
2707
4662
11608
1448
8536
10174
11889
4420
8100
13173
9434
12931
6250
1986
11750
2381
11352
9364
4994
2003
12807
5989
1882
8421
927
289
4324
6495
2860
4857
209
8688
4703
3219
5042
956
5965
3863
6993
10392
7297
13278
9312
11471
3586
9039
5788
4329
11442
2742
4063
6738
825
8497
2331
6344
3870
11667
265
10734
1614
1457
8882
4842
2352
1593
8978
6410
13016
7984
6870
10843
3779
2521
11857
2514
12257
6542
7193
2940
12795
5824
2688
7318
13194
1558
4567
161
7831
4571
3293
923
4173
11615
5672
6049
8505
4573
1909
11839
10606
11505
1686
949
11406
4035
7758
1747
11397
5356
9934
8268
2335
1247
7394
5021
10700
7834
11300
10935
9575
7053
2715
2659
10117
5381
11625
2272
1771
9501
944
1503
10151
6240
2214
10873
5538
12520
9451
5114
10471
12551
3922
622
10346
2298
13284
12108
9904
8383
10529
6619
13023
12059
5669
11353
1951
5953
5003
2601
6691
5577
11802
8887
11669
6348
4120
10264
2210
204
2724
3287
10488
6414
8745
4343
2459
10102
9850
3521
727
389
1333
6394
9314
9128
8728
3455
3502
304
7868
10877
11569
11534
3426
4214
998
11464
8818
2694
5703
4164
1609
7330
2360
1912
2873
10091
8957
12902
11329
9417
563
8482
12381
7277
5721
6772
7411
9391
12868
3105
7199
11297
8051
1655
3460
7102
1796
4315
12300
2305
4839
4785
10382
5768
10767
3044
3316
1466
8764
12812
11642
7592
3421
432
12567
645
6696
10320
8895
1127
10840
11116
140
9060
4083
4143
11570
10927
9480
11221
4240
8089
9972
9750
10851
12022
8935
11594
2346
12535
5711
164
5923
10523
8484
5365
11694
206
4038
1341
9652
12248
5970
3792
2622
8575
4188
4186
1385
8169
3600
12533
6702
12699
12905
9885
2576
8310
6183
3884
10476
11519
1659
4090
5736
4908
1567
2300
1067
5487
9339
334
12933
2078
103
5206
9662
1154
12496
12997
3152
3533
1536
2463
12385
3001
2094
2490
13325
81
1965
13326
533
5843
9510
3826
6910
13314
5655
3831
2546
12303
8852
4570
5809
4108
1173
4606
501
5537
11153
8679
2613
8213
12156
12808
7288
2615
12082
12912
4925
1834
13182
12690
8553
6252
1996
6
3301
11148
8970
11746
2192
495
5494
8036
12315
9897
3235
4924
3273
6856
9217
12688
7245
9291
1881
776
1695
11151
6120
6498
1829
4441
12180
3459
2102
11854
10159
13149
8158
399
7157
7285
12604
7769
9637
11304
1359
6980
11981
2031
10153
5937
830
7544
7778
198
11685
11884
8663
4556
1384
1121
5008
10879
1633
222
835
11383
8710
1285
6451
4144
1716
6123
3718
7292
2124
6449
1365
2368
10125
3076
4023
7702
9952
10046
12181
8672
897
12751
12373
1196
5007
5726
5801
7376
6736
1322
9837
4613
5589
2889
11399
5578
8489
4997
7527
5230
191
4356
7451
11890
2175
5922
12686
11994
12183
398
2392
9184
12314
3909
8938
11390
13310
5404
3325
8637
3956
10507
10384
1769
12502
9754
3400
4656
678
709
5845
8847
9959
3182
6483
12888
6646
7528
9590
11671
11031
4887
1070
10730
4712
4169
12426
8821
2555
990
7354
7686
10163
5386
7529
4594
7724
6851
11114
6355
11609
2396
11287
11276
2562
12848
5794
1569
2678
1688
8105
11506
1701
11876
11155
10739
7255
12239
10287
3209
249
137
12172
1404
4731
4049
10869
5099
10501
9389
5744
12739
3601
7471
962
7477
11909
12409
2479
7256
12675
4181
13151
6204
11493
3047
5804
3508
12850
12770
2433
469
4209
8519
7092
7734
11026
3186
7876
5482
2749
6184
2489
11853
4500
10040
5272
3647
10371
7307
5632
7646
7061
11167
1718
4114
10958
10558
10085
7427
2703
8185
3317
13093
8208
12503
7553
6271
7328
10991
6575
13264
6969
12344
6182
6346
744
8302
9276
7209
2215
10300
12480
2850
10554
8718
2835
8683
12422
2283
7673
4681
4927
4512
9802
1164
4136
7535
9574
7112
7171
5802
3920
1493
9945
1066
4799
12908
2193
8283
11029
7407
4165
4854
11461
1544
5699
170
2608
12954
8629
12760
12237
1652
8868
10148
7740
576
3361
478
2598
8322
12024
11556
2014
1906
3903
9940
1518
9615
7639
8866
2336
2404
7343
6470
5960
9351
13018
5725
9628
3462
706
4787
12941
3146
5239
2233
8989
2477
1075
9176
12989
1277
10202
2464
9905
6310
12732
9668
5864
7658
1610
3582
3617
3782
12556
10396
7378
8262
854
6453
9013
4965
3772
9216
7656
12279
7706
3921
7067
2995
11611
11581
6891
5907
8313
751
5051
9651
11266
677
4748
1922
8917
3604
10940
7625
10914
7325
991
8616
3267
4877
8437
11402
683
4297
8906
2526
4591
11978
13327
820
4932
10788
5166
12038
11734
10261
2279
6941
7281
3296
7649
8440
4393
106
10048
4354
1056
12057
1128
10192
9285
5289
51
12010
3038
12259
1263
1675
8552
7928
1430
1527
11470
10723
2823
11308
4672
8994
3340
5158
1980
10461
10269
5981
6294
8632
10191
8694
6392
6796
11612
496
5411
9588
9960
12475
10765
2928
735
2349
2475
8578
6684
5728
10719
148
6564
3006
1983
11871
3054
10569
3775
8426
12055
3438
903
9914
7637
8931
6432
6735
6357
5340
2280
3410
10001
2744
9309
2345
9682
1841
7479
9440
10728
4435
6169
3574
6019
8902
2461
13048
13371
7243
6484
9848
5935
9246
9781
5044
7252
6447
12395
7800
11465
4515
12492
4747
5950
7765
11363
13265
11376
4532
2171
3911
2935
1029
2301
7470
2177
8558
11497
11659
9469
9527
2991
12655
8475
6804
13295
7362
13039
5475
6472
3441
4943
1093
9151
2449
6218
4455
9193
11784
12994
9742
8785
12190
11109
10938
4848
3207
9437
4987
12497
6640
7780
48
6166
10189
11180
2727
4619
3662
7419
3086
4831
6275
6986
10483
3411
11588
9604
7490
3266
4327
10486
10768
6401
12991
4125
9902
9239
10818
3404
12425
7980
4526
7034
8765
6391
2158
2951
8836
10724
9624
7802
6789
12115
4205
10917
11731
8077
5997
8548
12755
7430
7339
11782
6519
7150
3022
10662
5820
12904
9706
8749
9242
7728
8353
4067
6597
8451
6536
6029
9859
1893
9600
11603
3795
1144
12307
9868
11776
5489
662
10987
2818
71
2806
9021
2418
11557
1623
7345
2189
1564
7518
10351
11901
8984
7889
1784
6438
6836
4517
4176
3675
799
8344
11676
5948
12617
11587
660
12635
9422
13021
4952
4598
6924
307
7222
2754
6617
2037
8147
5349
5337
7083
440
2127
687
5408
11727
1470
1238
13272
4549
11426
98
7218
5208
2927
7762
12407
5559
12917
863
8772
9826
11844
7334
250
1118
5949
12747
6699
4195
3928
6256
11385
12656
2739
7884
133
7298
2390
3643
9086
8590
12780
6773
1226
9542
9533
11722
5651
8376
5384
10784
11677
10576
4757
11514
6134
10473
3347
10835
4322
13044
12684
7322
10447
11691
9607
9158
3229
4467
7539
6792
9941
6388
4758
2060
6130
8272
3470
3940
2339
679
12276
610
12450
7949
8798
2865
5176
1366
1328
7371
3806
5634
9483
1966
9335
3247
13139
8583
12036
11473
12701
8630
5219
6266
2986
6557
2664
1651
5344
8371
2111
9692
9063
11867
954
8156
11798
5900
11343
2775
9059
174
2118
542
8337
9596
9634
3007
1613
844
8109
1662
12216
10235
6022
202
9379
6329
11177
6020
1992
8140
4037
9430
5822
9397
2137
9066
7423
7805
2579
7509
5046
11058
8411
4718
5120
3161
11617
5974
5920
5363
12446
8189
1456
5000
6303
3958
12528
7225
10378
3064
152
11897
5495
7622
12654
10044
12692
10665
4116
829
8845
7060
12721
6531
5070
6798
9866
4161
7574
8209
1276
1792
3805
7900
10016
5810
710
1044
10150
12282
9188
8639
2310
11350
8850
1183
1729
7913
494
12441
874
9025
6309
9159
61
12308
8222
3876
12627
4055
7269
11653
10079
4978
9269
12265
11124
7955
7854
3981
964
10680
12610
12109
2400
11328
5894
1415
12645
9148
9623
5374
9164
10703
13214
2686
1878
13107
6573
1821
5769
3786
4432
7270
906
344
6277
5439
6175
7546
7046
1530
12489
10756
9321
9416
10275
9147
4213
2617
11765
4633
5499
12465
12408
4454
46
9095
5092
4856
253
12339
11490
12815
11977
10903
7932
8446
3472
3290
2492
2249
6587
10527
12354
7448
4177
10203
5460
5251
4239
3253
7215
11250
7695
1755
7614
8580
4809
4981
4089
4244
229
3661
6426
7519
2797
10308
6246
6518
5936
5459
8329
6960
4301
2255
9552
12515
4495
2223
12355
8015
8947
3449
6397
3745
1250
4275
13257
2494
11200
3788
13256
5001
664
8486
3373
1358
26
10018
12025
7154
11875
6583
7525
9419
9842
11870
1921
10705
4
243
2553
4358
3474
6546
7079
8691
9396
2930
13013
1822
10661
1735
7727
894
7511
10990
9474
6485
1908
2152
2259
4760
3960
10373
3150
9551
7746
7537
4624
3128
7246
7021
2023
4850
13351
13083
9770
8125
2040
2043
2837
10598
916
6879
12146
4434
10514
8473
1631
8178
11052
5613
2354
7039
4374
653
7652
4584
7124
6465
2531
10201
5707
4817
3797
9818
2508
6086
4103
12597
1403
999
2650
9964
8565
10711
5394
5011
1762
2087
3250
4645
13236
7572
12942
12981
2376
8128
6372
11435
4553
7152
8959
6058
9296
9333
1486
8910
3164
6782
8825
11267
13235
11361
11974
11997
5362
3444
2092
4551
3758
1590
11064
12853
3824
3062
1507
1585
8454
6315
11740
11314
9115
8903
4447
10902
11218
4048
8918
187
581
2126
3315
8021
8348
4232
1809
3312
1852
9022
395
7918
8509
41
5429
5083
2561
4654
13283
3929
2655
3153
9535
2147
9438
8087
9965
11811
4443
4971
8242
6389
4084
8045
7323
11008
2252
12636
12175
2684
9621
12092
4566
3937
11246
1311
6312
2896
5519
10074
11174
4207
11537
12793
1497
5689
12398
2206
4338
11632
11530
7723
9666
12171
2221
1849
3338
13152
762
5438
8221
12241
2984
2759
4631
12278
1879
13157
11786
8890
5594
2597
6444
5542
11960
10978
5104
5316
8932
12296
5448
6222
7861
3711
4270
5461
6840
9495
5639
3136
12309
12783
1363
12232
5816
7867
12269
6402
7005
3773
886
11967
10246
936
1979
11752
5659
5785
6858
1744
8573
6306
13218
10628
1203
9908
3334
390
104
4520
6104
6962
9266
1649
2447
2077
3025
6249
7522
7633
87
10419
9311
3440
1262
10184
7278
2954
477
10446
4414
9241
3584
5590
10716
1139
12919
13134
6185
7156
10547
5367
9036
227
11797
530
6144
11509
5576
6913
9823
7444
4062
1091
6958
10115
9050
4704
10490
12840
2833
1953
2076
3706
6328
3014
4170
2072
10787
10464
1954
5505
11195
7492
1803
2010
9306
7113
4307
11964
1731
6150
1856
6835
11522
12168
4460
6673
2133
12646
10417
4960
9968
9933
6712
5185
9358
5424
8104
11135
5612
12445
885
10936
396
10193
8216
12459
3670
4403
5082
8219
11678
2854
4840
11771
522
10262
3346
2793
2918
11558
1632
8675
443
9559
2070
1708
3306
4124
959
1728
6625
472
3210
11278
3463
5454
1628
4342
7190
1957
10372
4882
12366
5874
11045
12157
7944
11848
5224
2050
7165
5253
4958
56
8005
446
5764
1265
12290
1758
5617
6433
1853
10494
7945
4357
2629
649
9492
5543
6898
9175
1947
9993
9632
12900
1306
11384
100
9410
5694
13190
6436
2852
7547
4119
3433
8757
4323
10283
7602
12245
968
9381
4065
6380
11060
5288
1401
2287
13191
8239
1409
647
11589
6050
2146
12258
9426
1553
10340
10744
9616
5199
1733
1481
2950
6560
8177
784
5189
13004
6336
4129
12708
7598
5933
3527
5665
6101
4008
10761
9008
4797
918
9215
3425
10273
5115
435
12651
1660
1843
3913
11178
1287
8341
4874
4685
2057
9140
3848
3722
8911
4766
7570
5984
8594
10255
2581
4077
7201
9447
10239
10416
2265
1406
12439
1352
7421
3939
2172
785
11099
4970
1330
2938
12202
11504
1872
11209
13073
10280
6848
2792
10552
8291
818
4575
593
11420
12002
5283
8351
5043
3811
1288
11762
2434
3715
1550
2424
12932
6492
6671
6788
9467
9097
534
2992
5064
218
12822
4663
2552
7081
4503
10113
1381
4370
9985
2437
9573
7820
2505
1151
8339
745
901
8570
13274
1007
1410
6953
8822
11845
2924
7429
6801
2913
9998
3023
5152
12951
6034
2470
1219
189
3278
6945
12147
122
8562
5780
8534
10721
13266
10116
2634
2511
9999
12682
760
5396
9929
2012
328
12153
9746
1156
5789
4160
8436
10896
1062
5969
10404
11799
9685
10330
525
11586
331
3839
11066
11886
7618
5260
9584
11182
3679
297
6230
4615
8110
4364
10352
13373
12786
11476
6308
10669
6345
8168
113
10732
6400
10999
9895
6705
8708
2159
10579
1323
3550
5483
11154
11743
1515
4957
4087
12261
4423
6455
5819
1418
10856
942
10646
8732
11282
5423
8423
11898
754
8265
10460
10434
9234
5551
2729
2328
3592
7476
6687
7070
13059
12856
8807
2909
826
4348
684
9344
10256
5978
9386
11894
9872
12358
5095
4298
11498
13357
11093
9629
9901
1898
10526
7251
0
471
9853
5354
6728
7659
13280
12616
4498
13124
1305
11924
11351
7672
3321
2366
4697
12549
6299
5561
310
1104
9619
12240
9072
6902
1568
11668
11704
993
5030
691
2085
11713
9268
10904
50
13229
369
5917
2691
13251
3043
13128
12368
2004
11071
3439
11510
5880
7536
8359
3869
4272
6162
4300
8964
3642
3866
5737
1865
4299
359
4000
12461
6894
9924
5410
441
8912
5566
2476
6477
12193
10853
10852
541
2473
3413
7742
7922
13273
221
10168
8713
5800
1240
8768
11540
8321
6551
3234
12481
8401
2993
1191
5776
7801
5892
3538
7100
3194
10953
408
9839
6853
13135
12730
5306
3652
2967
7303
13132
6349
3999
3059
225
4392
602
8916
2906
2891
8142
10502
12729
3742
11255
8285
10158
9330
12361
9769
3344
12650
10821
8139
8303
6763
5968
6036
12040
8735
12914
1956
1712
8343
11527
570
4047
7671
8393
6452
8664
6590
10624
11187
8599
10626
4304
10436
11571
11842
9221
7098
8022
2518
8603
11905
1702
8944
7506
8425
7508
2120
9390
5032
4537
9328
3445
2351
12252
5727
6758
9686
1302
7127
10495
3957
10236
4950
10556
2496
12668
10120
10519
3008
13
7888
4308
119
4583
4072
4043
3122
10769
5618
2923
9809
2399
11450
10397
6638
7859
3243
639
7159
2289
1981
10916
11468
8601
5930
5971
5382
11574
13226
5662
8179
1599
955
4803
5625
1719
1646
7104
288
12561
11011
3
7564
7836
9974
6716
2266
12972
6711
6429
1578
279
11169
12704
5156
8096
5942
7594
1060
10961
3900
4647
12516
9560
10379
10786
5198
10428
3881
10926
7189
3623
5916
3374
5679
3887
7381
2695
5358
11545
9955
1416
10517
7032
3147
3249
4706
9146
11518
6051
12345
1231
4107
5195
199
9712
9433
6399
5076
6113
9581
3566
1861
13181
8441
11511
10315
6074
502
1360
10285
12875
5652
10783
7954
9650
10605
12011
2199
1212
9243
11874
1537
3261
3387
3671
7749
8961
1462
6035
1028
10506
8740
4093
10430
12818
11039
4641
6322
12386
6496
13262
1976
1147
9571
10336
2103
1542
856
2281
4744
10409
3048
1572
3336
6951
11580
4922
9520
10327
9173
9408
12977
1119
6066
7342
2471
1242
7237
7377
10146
6079
2202
11242
8238
5653
1338
10421
11652
7403
12042
6373
2611
6288
8055
8202
12122
6508
8153
11342
3697
3478
11725
8857
1170
3676
5471
2963
1938
2361
2908
6808
3952
2263
3454
2088
360
5343
8150
6859
3542
5704
3310
10329
351
11507
3593
5995
9149
4066
8466
7257
4070
2714
2451
10511
2325
2379
7438
4101
6778
9675
4776
12641
2791
4130
1989
2551
1063
8787
6264
9966
10955
1539
13296
2430
9982
12603
8381
10129
9388
4241
13285
11098
7942
7779
4332
5549
7469
11449
1421
8770
5767
9953
7682
7556
4422
6038
8008
7842
10475
2108
904
1637
3852
7398
10510
9498
12365
748
7014
10870
11036
5540
503
11933
9880
4835
1282
1608
5512
147
7882
12785
6982
10805
3756
1516
4580
5339
1120
6063
2677
4707
6219
3855
11542
7195
656
5485
2378
1132
12140
10690
2705
7440
11679
861
8990
12693
10868
2682
12093
717
13366
6708
8633
7741
3163
11359
3142
12897
2535
110
1661
10992
9088
1405
12796
1496
3576
10717
10313
338
12927
12041
4759
3728
6963
7853
9715
7232
9478
9894
5378
8127
10893
9700
5151
8305
2414
6812
7667
144
4564
3851
5570
5962
2981
1402
5069
6045
3540
12145
5215
12957
10760
9791
8113
637
7803
6097
10472
5521
9879
7144
5292
8056
2769
68
306
2788
2240
9098
13158
5295
7991
9862
10413
4402
1407
2870
5847
12779
6523
4330
10785
8976
8563
2778
5757
12356
6811
7521
3089
10512
6267
13365
7080
6591
5831
13242
3954
11508
3646
12659
2689
1531
2944
6369
12727
11391
6327
11998
1004
703
7369
90
6469
8826
6592
8806
9799
8769
1512
7109
1244
4638
11790
3917
3659
8915
8269
6011
9703
5472
4940
13102
7590
10642
6719
8114
11375
9038
9360
11995
8132
13269
10683
8951
1234
5912
6943
9670
6226
11661
8644
834
11733
9577
6577
9431
3959
11624
11299
3882
11452
6506
2639
1256
1085
5413
8515
6524
6133
7028
7696
321
2790
322
11105
5462
12151
9195
9647
5417
617
10697
5565
2428
4588
10650
12801
9219
10270
9055
6571
12029
11050
9497
3682
9018
4360
12566
6490
4182
9343
5350
13050
11552
1158
1923
6023
11634
6663
3479
8863
10575
12421
13129
3289
160
1855
353
7681
55
10181
6653
10640
10563
7111
7753
10220
7510
8304
6931
8564
2656
9253
2880
7293
6351
10911
967
7210
13294
1534
6918
3262
8029
8236
3504
12064
4469
1188
5951
569
3080
5294
3588
4727
7848
7569
11100
4705
10865
7183
12598
3727
3372
4279
2341
2195
957
7669
694
1417
6170
937
13354
1413
1668
8914
7132
9254
9867
3710
3681
11809
4481
4399
2285
5636
10578
346
10003
12595
4363
1021
932
3982
3004
12662
1642
13238
2389
3644
8660
5488
5603
7694
9719
2899
872
986
2257
4892
2443
12522
3024
13321
6621
10171
5059
5927
8544
12945
178
4715
708
3892
4679
7548
394
3176
7912
12283
8546
1777
9092
7775
11777
8107
5859
3327
295
10886
1654
6381
12884
5914
135
5510
8634
2160
7626
6121
463
25
5706
2294
11926
5975
1135
5887
7886
11296
11192
8356
10357
4740
2957
1940
12273
6398
5663
2996
8748
378
5273
8892
4889
9385
4949
10508
539
795
9064
6669
11749
4700
9726
6900
4118
8506
74
2002
4699
13150
9274
11721
1974
6921
3092
2091
545
327
9740
12001
4371
4642
5245
6287
7613
5527
4429
2044
10677
7585
838
1239
12618
6422
10455
13055
1228
11885
12272
7414
1869
281
5419
1230
6914
1009
1588
6069
7146
8072
6407
1027
11147
6698
7206
12286
371
5322
6136
6744
9485
4915
6147
8245
2904
10051
1257
9698
12488
1286
13361
12663
9900
7364
2910
2235
10736
11764
3590
2583
1304
7566
905
5908
1000
9286
7174
12661
6141
7514
296
9589
5797
5093
2009
6837
3184
3237
1596
4851
3482
10393
4686
3114
777
10812
2384
6041
4780
4737
12683
666
5274
2427
3119
1243
10956
12634
3263
11004
10770
11340
8247
9736
2783
3606
6448
2220
5205
11207
9515
9284
3406
9012
9303
3238
4763
1854
7661
2284
13196
11500
7895
7906
13057
11893
7903
3620
3343
6270
10288
4823
8075
1958
6473
10425
11961
3292
6367
8286
231
10385
287
1459
2785
13096
11825
5329
8220
9222
6334
4611
9906
1310
6824
10341
4206
8612
2863
7118
7916
6521
141
11467
7214
8762
3113
7453
8199
8721
8829
7466
3477
5836
2857
6283
9729
11083
9247
11714
4610
6053
8188
13348
7599
2347
13222
3488
4201
4271
4953
8435
13067
1320
10200
2858
11034
12804
3637
1502
6595
7791
8883
12563
11106
5691
11584
11763
987
497
1549
10097
4861
4916
11976
13231
6514
4535
5685
6056
12004
10968
5777
3932
1309
1842
10973
11224
9825
11952
11525
5631
5110
10778
10993
4242
4390
2743
6025
11159
10943
9375
4860
1933
1042
4784
1253
13042
10205
965
4581
6920
3741
4112
4836
4586
3199
546
11175
1086
5954
1193
4325
1332
2207
10489
1061
11054
11956
5067
8214
13337
6727
3924
2725
8255
10090
8624
6278
4838
9067
13363
3256
11675
12060
866
2386
4030
9119
7793
4081
8431
6356
3058
10480
1015
4936
4646
3547
42
9200
940
10359
10052
7971
11647
2388
13318
767
404
11945
8462
3318
10082
11895
1455
5889
631
5103
13178
1433
1388
3613
5882
2468
2831
6081
5813
731
12474
8390
490
12607
4014
5648
424
4191
62
2241
12791
2845
2717
10670
11549
3422
7997
11283
6844
1206
12811
3258
6899
5366
8794
1011
2096
6623
7915
9748
2116
3968
9179
2566
8608
2599
3217
2890
12872
6354
7988
10395
938
9259
6320
2563
1236
438
2488
2864
4670
7855
9125
728
6682
933
12281
9224
3216
4426
11094
7399
2578
5299
11415
10590
13347
4318
5791
12410
10470
12006
10165
535
6365
6145
11881
1760
7996
2917
8134
13165
2801
4637
9950
9558
5385
3771
6895
5749
10779
9468
6770
8161
1192
6527
9541
5080
752
11262
9833
6006
10130
5497
7130
1952
9613
8453
3233
7863
1594
5732
12838
1752
3651
6216
6017
716
197
12511
715
5112
11082
11018
1640
1514
3000
4335
1517
11137
2773
3898
10759
2571
8043
8995
2587
9349
5266
7560
7911
8171
7993
2054
8561
8099
11950
1581
8494
7815
5360
4150
924
2876
5872
12070
6177
10795
11010
1397
5615
3627
1985
7593
4027
4310
7084
3946
10468
11478
9830
6105
12725
4261
8696
8438
9835
6816
4913
10623
2631
8833
8011
3541
4999
8019
6091
4513
9697
4682
2757
2067
3272
6833
2157
12828
1874
10257
1689
9493
9141
10589
12126
3571
12284
9488
12736
60
3804
915
12592
4644
12648
12671
769
9977
8175
7620
11698
11185
2293
3021
3418
86
3746
4154
9154
2640
7063
9851
4684
1111
657
9772
12878
453
786
3354
8605
13077
10546
8042
2008
8729
11354
10596
1140
2768
1737
6871
8595
476
3815
6768
10647
4582
10881
3980
9338
11290
6950
6823
10829
10020
2810
3703
7670
5996
2914
977
7363
3535
7898
1924
9602
9407
9401
11654
3124
10438
12995
7000
75
9816
8295
9755
12820
6567
6784
10925
5014
12226
4616
5359
908
7275
10071
7019
13177
278
4416
11260
5979
8803
3597
3360
7096
12061
5302
3446
10708
1886
7468
8130
1312
12724
10080
8834
4003
4993
675
11851
9334
3810
6180
4071
6037
7804
212
3872
10365
9409
7883
12352
12565
11692
3339
8517
3185
11774
10608
4698
11630
2620
6532
10846
3926
6316
10806
96
5081
9733
6825
374
11841
10922
11706
5379
9001
659
1525
6672
12509
5848
6330
5862
11773
13302
12142
13244
8831
9027
8891
9834
4388
5162
12827
9450
5710
1378
11705
6193
6713
3156
8754
8145
13345
1667
12348
504
4105
12599
6800
985
11373
4251
4618
674
1235
1487
10408
586
10715
8149
365
9765
11628
815
6929
155
4189
10195
4180
5518
5825
2584
9068
8501
13291
12892
2419
2716
8792
3694
12745
1339
11336
2369
10343
2765
7119
11027
2859
1520
3268
7745
5763
3667
9896
2423
7094
5405
6300
3053
4796
6431
11199
9954
13267
4773
1647
11965
6200
3964
482
13223
7610
4722
7880
12174
12141
213
6652
13168
8756
9861
10863
10094
7841
12432
6777
2853
12870
11305
12707
2592
2506
6065
12176
4714
13036
5580
7552
12769
10137
13356
1687
10355
4230
13368
10135
5241
11934
5873
10005
10029
12219
11128
12703
772
4462
8982
1204
4721
3057
2098
12367
13030
12189
11483
8477
9561
2194
5020
190
323
3437
5702
7076
11142
5681
686
8726
2151
8684
6206
4909
6259
13079
5264
5449
3966
1672
5278
1168
9773
12460
6405
6599
4331
5073
2415
6140
1210
1894
11374
4875
9318
12136
707
1785
411
8057
8954
8980
1469
3843
7045
11742
12342
10299
8870
2998
4127
5309
7361
11316
373
2185
2045
9992
3862
3570
1575
3072
9920
1002
11791
185
11140
1786
12877
7027
11240
13070
9282
5167
5863
11948
2184
3480
10710
1624
10441
8256
9507
5705
3649
5079
9858
5548
6915
749
11409
12231
8783
9441
3563
11035
1805
12952
3236
5298
9260
3990
2813
235
11686
9130
12135
713
13136
9455
4179
6427
3399
11080
13161
9082
6714
3245
11547
12871
1698
6362
10574
2288
10271
8448
2894
4600
8579
4923
9606
9731
8813
782
5898
12413
10124
3970
5591
9840
8988
7391
7177
8953
8402
9557
8904
9890
4901
5281
5436
2499
10089
1307
8071
7291
3188
2751
10317
3783
12325
5741
475
7936
10962
4139
5547
10452
2871
5986
1037
3097
2517
4020
877
6510
2937
7497
1573
3785
2113
2230
12144
1473
303
7151
780
6923
10147
10808
5861
4383
8330
5169
1823
7143
11908
13114
8196
8507
11660
2209
1097
1275
11693
12119
7773
10676
7662
1736
2080
11699
10600
11935
12608
1096
6578
1678
1911
8619
5035
1153
4713
1746
4309
5161
13303
607
8067
7481
7919
8345
2512
112
8843
12831
9978
5738
6007
7964
6225
10179
10653
4516
11618
233
4688
2975
10714
2164
1713
10664
9471
5724
491
11247
1766
5661
11298
3173
11804
12741
7312
6686
7645
7730
4131
9277
10463
2567
11092
9805
788
5687
13254
1279
4223
2547
7829
10334
1763
5901
9293
6937
10390
5723
3368
12068
5514
9514
5398
3257
1354
7074
10542
10167
3770
5055
11834
6761
4288
11364
8962
4886
2892
2322
12295
11702
9198
6828
5002
12102
1961
10211
5125
12519
9454
10061
5473
4733
447
7055
8232
9852
13234
9768
5985
1563
5911
6260
1095
11258
3520
5787
1522
10630
9512
7840
10754
4919
8840
7715
4074
10462
13359
3200
4948
12766
2323
7807
9355
12463
8207
5588
11822
8809
1847
6409
12256
7967
2839
3300
6665
5249
4678
11512
145
8720
1851
12544
2309
4311
7386
5469
1524
392
12901
4022
6366
3768
10809
5027
6979
4029
10238
3972
11907
3222
5393
3274
1480
4621
7338
12416
10838
9836
11824
9811
8577
4778
3844
255
8773
10561
8827
10344
2911
372
8551
7457
10305
5430
12476
6416
3135
12763
6766
5919
3269
3118
7869
1627
11244
2988
9591
5520
8975
12513
5133
9298
1141
4247
3379
3916
2166
3204
8027
3991
3060
11396
3117
1993
3227
5630
403
8973
13193
4227
5513
10965
9237
10960
4918
9787
598
3280
6643
3551
7142
9699
9877
13370
3674
4319
2663
8958
9270
8862
1032
3638
848
11562
3704
6311
467
5748
4128
2990
10696
5191
10196
11265
599
9869
1997
8083
13199
11368
8743
12889
2693
3904
10746
8997
5646
2487
12754
3286
2877
6649
4349
800
5905
9813
1465
4667
7591
12652
13118
5492
12287
7818
11344
2766
4649
6499
9240
1227
12014
6198
5361
12058
4431
12611
9603
6057
5369
3497
4494
8246
7065
1636
10388
11063
8909
8076
11850
8952
10572
7651
550
3561
4745
4473
3923
10008
1703
7447
9638
11837
3673
10627
1500
763
13038
6732
11836
9967
2780
3242
13115
3419
9348
3572
5713
4121
2099
10289
11946
9331
1521
12506
7751
12182
15
10164
8669
4226
10142
523
8641
3506
11235
13230
6720
270
10233
2723
6157
7692
8170
7542
2484
3434
8781
690
9323
1759
9201
6228
7059
9794
7167
7449
5522
12332
3854
24
12975
29
512
909
10513
3195
4530
4743
9054
9078
8779
12020
961
1511
6779
7623
12449
12980
11377
5432
1017
7370
2522
12087
4286
5541
6934
10260
5761
5756
11216
6258
4050
9926
6430
5867
12242
12800
1159
294
8225
2150
3730
10072
4895
377
9415
388
9683
5331
5972
6363
5116
9631
3818
6650
5830
4790
3382
1233
1161
12177
580
2687
12924
11561
1491
1030
12677
8625
9354
11211
6613
8073
5765
4122
3193
10219
4337
6995
2134
4267
5516
11843
10006
10310
4657
12653
11088
1474
6083
9609
2653
6852
11044
1039
3302
12049
6122
8581
7
8412
3737
4579
7068
10056
8389
11366
11365
556
11225
6880
11779
4893
1109
12360
2501
1589
1107
7314
3784
12428
4086
6525
9015
207
8532
3933
7881
11422
8234
8243
1351
8939
7267
10707
9131
10890
123
1778
6729
5963
1562
4006
10325
3012
12518
5717
3158
5418
9382
256
10740
150
11277
11446
7352
11521
2315
564
7301
12292
893
13353
6018
3579
5535
10023
3750
10836
4801
1308
9449
10825
6916
13239
3516
1864
12297
1176
4486
9218
11515
12523
5457
11292
3635
7452
4643
4980
6942
8921
13156
724
5854
7787
3329
5375
5841
7197
6071
11186
1601
5722
2156
5557
4976
4146
3015
10845
7408
5097
2867
902
12152
1167
1820
12637
2271
13000
5628
105
2324
1929
8648
3409
2117
8705
12165
4982
7983
11856
2734
3514
11325
9614
13103
2033
11983
6978
1072
705
5440
10259
6745
7025
1005
10053
11229
10631
12988
358
6370
8596
2254
2939
10013
6412
10518
8120
7789
4382
5214
4396
969
8373
2516
4059
8804
1757
2737
11
4531
946
5207
5204
6317
2697
10839
10309
5165
11815
8230
9094
5352
10996
8417
1222
3443
7786
7785
5327
8600
13090
10154
13170
10798
10185
3820
2564
6067
13279
3868
8541
1494
43
8372
9516
3799
5849
1020
11532
1038
6467
12457
10837
4493
11347
5209
1926
1346
9610
13035
9669
8061
10296
8318
7588
4961
3615
11355
6861
10743
8117
9484
7176
2168
7136
1073
6819
9101
5348
9404
6247
6559
10291
11869
6973
4793
1444
319
5371
681
8714
890
8656
2905
10228
9983
3102
12548
5183
10213
7262
9524
515
5271
12484
2943
2079
5758
6642
11962
10232
489
4113
2962
10819
7647
2825
9208
5624
10619
5808
11097
13374
9991
1438
4245
3093
9810
12074
680
9212
10492
7203
8699
10183
12201
2756
4491
1904
13212
3974
5441
1129
9645
3345
4937
9784
4080
2445
2885
7629
7750
8228
4694
3573
7716
3830
12335
4417
742
9244
11711
10
9347
12864
2034
117
6781
12896
3629
2385
12447
7110
2053
8151
12291
8533
10534
7311
12494
2026
7899
10891
12380
1435
3686
5871
11503
8018
1726
7985
11846
7141
5833
10366
10022
3168
4007
8455
7612
7139
485
1963
92
3123
2329
3915
12444
2035
4896
10741
9487
6280
7974
9166
2030
13088
6146
9975
7294
8424
487
4884
12624
1443
7926
13162
12517
12670
9586
7713
4140
7735
6293
3458
9864
3761
2872
8885
12123
3063
919
5584
7316
12170
619
7461
6655
12826
3850
3997
1260
1570
6632
6850
10781
1251
6860
1697
4630
5817
9506
736
9132
5100
3847
10210
12530
493
2208
3978
8547
9563
3575
10699
9371
8797
3953
11640
4986
2155
6335
12048
2074
7784
10967
7404
6878
8861
2198
1917
195
10467
971
10358
11243
12576
10775
10226
4545
2141
12778
2994
5844
12863
5149
12331
3825
12521
1249
5226
1424
4450
4183
3965
4229
4653
10820
2702
8190
8474
9152
10639
2692
1452
7956
9002
7943
11599
9258
10701
743
10643
6031
738
7026
8919
3151
4742
12557
11947
6239
5276
4353
747
6353
10635
7940
816
7439
5888
7133
419
3827
385
9362
10985
367
3781
10562
1103
1289
1774
11222
6179
685
4879
11747
4732
7627
8502
1571
11920
2758
5897
4163
4097
1083
11110
6908
1519
827
1723
6214
4078
8180
10155
7097
10794
5959
6092
1663
5174
9020
5192
10603
9642
2594
10567
7666
4576
8908
10484
3100
11157
1677
2666
4568
9582
6009
665
532
2964
6016
12353
4872
6478
5619
1398
13078
13099
12642
2843
9304
10801
1036
898
3618
6265
5909
4904
1202
9749
6268
9720
5812
5893
6624
5102
547
1092
4430
8846
10939
4039
9361
9672
2282
12473
9937
9599
12934
6012
3496
8969
7550
11488
1292
5232
5556
1155
973
1895
3191
8273
970
11593
4052
12213
8971
6099
7431
12394
3450
8949
12275
8550
12630
12236
11115
13258
10621
3495
5447
12438
9544
11666
7035
11633
11785
9446
8673
9636
12443
6347
1714
8428
8647
12462
12958
2319
2059
12614
7887
658
3595
9688
2264
8722
8888
11096
1258
7455
39
8249
13012
1130
9841
5657
4458
12984
9289
3486
8972
109
6534
8567
10304
4614
1208
2616
7697
9702
1883
7879
4768
11833
3905
10718
5086
9935
8165
3036
8252
7823
12117
9949
807
10354
12363
12194
7458
7224
6762
6877
8408
1745
4903
7380
246
7814
8865
3522
6501
2446
5096
12726
701
669
5940
13205
8155
7748
1245
2205
5553
6641
1254
3583
12110
6033
11275
857
2931
462
12570
5991
592
7579
4439
11369
8837
9007
7968
11327
7774
13215
741
8407
868
3889
40
3873
12071
9863
672
2846
11578
813
12964
3079
176
11996
6893
9648
10263
1162
849
1679
7866
7357
2836
720
7266
4413
3645
12814
6889
4428
10528
12274
12700
6171
6243
9178
10172
7221
5569
7366
8187
3528
11606
2363
2670
3558
6968
12731
12251
10880
413
12792
567
2762
12312
4281
12298
3859
573
11234
9961
7966
2375
10735
12155
6295
11971
5939
9281
850
606
12580
305
6244
12830
9722
4627
9058
12299
11917
2941
12531
4837
10980
1767
5716
1653
4438
9160
9994
8780
3138
159
11529
5752
8070
9113
6977
6905
5743
12660
9464
896
10243
8523
4595
9332
7300
4313
5857
3068
4506
975
11268
276
5564
12471
10482
7809
4979
10252
8670
8851
5467
3260
5025
7483
2809
11134
5132
1721
5450
4552
10231
12772
4991
618
1621
9938
3949
10095
1157
7254
9229
11689
9932
6955
3897
13008
2276
125
11939
3817
4178
7874
9796
1936
1284
8000
10929
6862
9413
1125
12169
1152
1049
10297
873
5593
3529
12127
11922
2170
12027
11231
492
12746
73
1050
5642
6487
12427
3907
64
4548
11201
3042
1335
5664
11915
1169
3328
11249
2039
8068
8617
6933
12947
4880
1506
7873
6656
8905
13064
241
5616
6070
8746
6248
1399
6832
12584
8651
12499
2407
7577
4569
794
3769
2269
7101
11417
13007
6608
12939
5902
242
6664
5772
4302
4863
7896
2618
9881
7589
12054
4162
6286
1115
8052
3090
2355
6733
9168
8900
1753
2513
2776
10597
7824
5821
4849
3726
7582
2286
3995
9605
2711
8697
1603
12100
2690
2883
4546
1373
10493
8706
2619
12803
5609
12031
1483
10100
3505
2200
2953
12383
12271
11444
13084
4661
9196
3762
12860
6241
10813
1054
10496
11023
10078
8386
11991
4442
7554
2672
2058
5649
11021
10067
912
7454
7233
3377
5529
7772
6620
5301
3490
7474
5660
2604
5175
285
1344
5395
4117
2804
8514
11429
4076
7580
10849
13148
237
10119
1508
8111
6463
8296
5181
6734
4538
12072
3838
4196
7415
3650
9457
7049
7013
3094
1295
11024
301
12007
10088
2472
6630
5452
6622
12678
12391
2838
1707
10564
7981
6964
11006
12734
9517
1224
320
12676
8817
11204
9279
12305
456
7721
12906
7567
10656
891
10702
947
12078
12434
3407
5853
11198
3809
483
9324
2064
2915
6371
10039
10237
1248
8667
5684
1885
4523
8869
2625
5956
3517
93
4628
1386
9528
6906
10281
3385
3051
49
3026
6940
11657
12442
4109
5466
6562
3167
6628
10974
214
12118
12702
2866
6675
12891
4463
7286
3554
6242
4858
7902
292
3408
12098
8812
11900
5037
6731
12021
12186
1382
3241
5604
10629
9922
8937
5980
3787
6165
7200
7504
8719
11227
9004
5966
5793
10963
5012
1137
5621
8979
7194
5783
4632
12773
2169
1691
9709
9186
6764
7549
146
6199
22
6404
10560
12085
2774
5823
8853
11460
6073
9035
7693
4351
3513
8106
9029
8761
7986
11150
13304
7353
7383
7006
11320
10182
4635
7624
10017
10350
6111
8896
10689
12508
3190
6989
9888
13189
12387
9251
5885
12839
4199
4527
4456
6383
10036
5762
5708
12268
8391
10062
2925
7336
4746
3813
5697
348
8204
3931
11421
11758
7384
5422
12628
9928
11812
8943
2550
12125
20
7777
11783
7634
7077
1209
4975
4947
4963
8886
1725
4820
8240
5235
7939
13358
5515
7685
7395
11787
10265
9135
11916
6423
6261
4060
11206
13172
6884
7970
13379
12234
1788
3938
11341
12539
790
7998
10198
7131
2803
2115
8977
10557
5579
4075
7703
6730
8695
11252
9705
1844
4135
11925
12847
11891
4082
10190
11172
8556
3045
11989
9482
2545
10942
11591
6149
8636
3081
13111
1932
2295
216
565
3353
13076
2321
2242
5179
12999
412
9618
3456
7792
7472
7385
5536
10152
4321
6132
9587
11454
846
7091
5091
5574
11696
3369
4002
10582
8858
6461
11270
2251
8627
10059
4132
6881
7071
157
2001
12790
38
628
7387
4362
11517
5342
10604
3594
7239
5502
8582
2250
11988
4419
7337
3632
10014
9680
12185
9916
6013
10328
1804
11324
3539
980
3332
2569
2344
12346
614
11944
5211
12963
10503
11878
10369
12209
10057
6843
13109
7890
5876
5964
7757
9942
9093
7914
8375
3386
10731
8422
7767
10412
2234
566
7768
3212
5870
6765
2256
7317
4345
4138
6078
11443
4622
8753
3891
1313
513
9531
13328
8926
9761
7350
12685
5047
2081
6637
4377
5052
339
8157
11663
2065
5771
6751
4291
3765
8358
8934
1074
12753
10324
726
4336
2665
13213
12327
9566
1116
8871
13032
7607
1995
10162
792
604
1808
12005
2538
8499
3246
3668
8566
4496
544
10722
2024
2815
12666
9499
10031
2268
9174
10790
11484
11688
7170
9641
2129
3663
11263
10206
12382
2805
4368
6826
10230
3112
2038
5186
4257
2588
2816
779
8839
4095
12411
6975
12009
5807
3633
12756
11245
6742
3183
12206
10060
1962
12317
3121
2898
5113
9716
753
1016
12364
7258
616
6947
9046
12762
455
13127
6459
7664
12538
11061
7486
11942
1682
9780
7008
2652
4604
10648
11414
10426
3032
8704
11629
1087
12992
12588
2178
9626
781
6326
5121
5993
4668
8377
5740
4202
4283
13131
10907
5869
12075
5731
9980
12829
3807
5397
11103
1836
2110
362
3362
7158
13324
1
3288
5345
8271
10679
3129
12374
10998
7584
9456
11431
8527
7987
12191
5257
4939
2188
859
10668
3796
4222
3591
13343
10733
8649
7754
7606
2417
4542
12504
8936
6434
9383
3371
2006
10224
3239
6301
1671
5934
3489
10420
2314
1432
3428
11649
7847
551
10593
1880
9099
3614
10026
13246
314
4905
325
2436
8396
12184
10127
2605
2211
11604
8799
8849
7810
13123
4574
12468
10376
10905
4572
12962
12218
10803
3485
8287
11289
3230
3511
2317
7129
8384
8981
12629
5509
7396
5904
5921
6579
5148
12121
2712
6949
8585
6234
12764
10878
6974
1177
2503
2983
11122
9489
5805
13346
2333
5157
10850
6254
13164
9649
9288
2071
10175
3717
4294
6703
9676
3992
13137
1375
5677
851
2942
6802
1069
10440
688
7700
2307
7187
10450
6647
5370
4499
3748
8540
2448
6581
12215
3116
9511
7507
10678
10274
8085
7360
8284
3003
9023
3483
1336
2589
7175
3534
2999
3685
10002
7416
11849
286
10931
11643
7894
1423
426
12890
12667
6932
340
1454
11272
7819
2676
572
12086
11338
7392
1342
67
11877
7860
11002
272
8406
7375
6297
13112
10524
4415
6217
981
442
6466
608
181
8709
640
10789
1754
11129
9917
11160
6338
6302
7287
5523
13255
6507
10364
422
2011
5155
172
12030
10857
12728
8832
10375
3002
9717
1939
9011
10456
1650
6167
11858
6194
11827
5782
10933
8512
3690
5409
3154
6754
11781
3630
12879
879
6550
8306
4141
386
6059
7540
5645
4489
9918
3819
9423
267
8476
10713
12150
9290
1298
11197
11145
5668
6341
8119
7161
3471
5781
9931
3976
5607
6024
13232
1024
5218
12230
3808
11302
6648
2764
10209
10726
3696
13275
2971
5784
10161
1217
2586
670
511
11735
12836
11703
3611
7756
1838
11970
10994
3580
10144
9860
8591
7990
1278
11166
11095
2602
10909
913
7828
5017
12832
4902
3284
1739
9071
3143
3052
5915
13106
4869
6807
8607
326
10381
11796
1732
2069
2048
7500
11284
12553
6928
10360
7806
2922
5952
7965
7877
12862
32
8062
8362
2182
1903
11119
3947
10981
1565
3962
3857
6082
629
4811
6284
4935
5484
7389
4287
12377
5568
9206
3989
2020
10793
9817
8495
11214
5698
1742
132
1641
6780
10771
6994
11331
8810
2502
5075
7826
9725
8415
9856
9294
8160
10892
4625
12154
5946
9034
6866
6829
6849
3264
8368
4726
3700
12849
11215
4607
5626
1533
3364
6481
11658
6946
5674
10042
8493
12545
5770
284
5234
434
261
1674
10854
13104
722
9580
13367
633
5259
8786
9694
7020
4852
4639
10024
9033
11726
6443
7335
5455
11637
2243
2968
11646
12577
12
9384
4110
11583
7690
9109
7234
13336
7263
11333
3279
9556
4691
1528
8398
9792
3605
111
9871
7534
4378
6497
4781
7856
9707
12099
7640
4728
3416
4091
5041
11017
6797
9838
6001
7676
4320
4673
10681
1440
4466
12280
2460
9608
12330
7475
7426
6043
5308
381
6110
5296
8122
2504
3192
966
12817
858
3069
165
5317
3721
9739
9562
6188
7938
4381
8040
4810
10063
8584
7093
5258
6076
7001
2196
8593
4034
6700
4577
283
3335
13377
10338
17
13080
6276
5415
13315
11610
7054
7029
577
11412
5842
3018
11053
4457
6103
13003
2978
12583
2049
7062
2600
5368
9350
7920
6153
8191
13341
1053
2842
2851
11084
1088
6952
10811
10332
1166
12131
10861
2556
7495
6282
13330
12414
2782
6377
4406
2179
10216
8452
11067
3208
9142
5109
2879
5049
5734
8555
1968
4262
1684
36
2884
6085
12160
12090
5688
11161
11921
10685
8469
5987
9797
2083
5023
5837
9177
8789
4468
6957
6692
1195
10007
9213
9228
4928
12429
6863
52
5846
7565
2000
7858
9735
11814
806
12043
9357
3934
6232
8409
6939
9325
7432
4983
1529
6820
8033
1634
2540
8414
883
2332
6456
10545
5774
9299
814
13186
5635
4828
10126
8388
6323
7115
5835
11748
5883
8542
11723
4522
1897
11501
429
575
2176
2958
11138
11810
773
8956
3834
1780
1696
12000
1058
6192
880
7905
11683
3214
5024
12759
7655
12158
1392
10976
9911
6176
11269
13208
4708
9594
11840
9962
12470
13040
5190
1813
10585
11281
12192
9424
6997
1779
8135
5587
1389
6667
6743
11788
8631
12923
2645
2523
2970
5829
10110
10383
10081
12357
8945
13340
11806
3930
13241
2367
6512
997
3034
9345
4665
7289
5896
9342
6661
8121
4044
13097
2524
3532
8965
6117
10687
2497
7037
5261
6417
5006
5403
4898
13331
2669
11184
9118
8653
5792
2819
625
274
3794
6695
11879
210
7273
291
7418
6598
1949
9436
1582
10087
2327
12695
13025
5643
10169
5575
10535
7737
11687
630
1325
13290
1685
6602
9280
6359
2119
8796
1800
8609
12846
13020
5201
6639
9165
9049
4680
5798
12665
1579
1379
5852
8430
768
8129
5297
11441
3987
11288
2292
12821
1828
11130
6094
13010
11576
10141
1001
356
9747
6594
8880
11394
1970
3351
11766
12399
8966
11880
11303
194
308
9627
4806
10944
277
2976
2731
9414
177
10064
579
5263
5243
6936
4634
12166
1790
11753
8488
12260
12717
8872
843
11112
12787
7674
7555
12937
4453
183
7212
696
5865
10515
9857
3732
9045
8212
9090
6609
12833
9353
4739
4361
10658
11672
9202
1035
10215
5018
6544
13159
8031
9463
4025
12220
226
1875
10043
10848
12404
1199
4235
1595
4204
13320
2377
8410
12894
11794
3812
364
8974
7315
7973
9572
13091
11188
7844
1810
2364
9250
10403
8703
4504
8876
11062
13259
910
3402
4042
3906
8662
5085
4782
11055
12458
9973
943
11121
3657
6039
1789
11049
8123
10348
1055
1264
8320
13237
9783
11585
6160
11293
343
2811
1094
2651
11212
1356
10068
3091
8626
1431
8543
2312
251
7172
6159
9847
4974
10449
1223
5932
3720
2018
6725
7181
352
4391
10804
12953
5039
2789
12859
6776
12959
11662
8078
5938
11073
2203
6332
1146
917
7933
3295
12718
4954
3641
4800
6799
11481
2636
7247
6847
979
5700
466
2062
8873
11042
8774
5147
12585
10136
8257
2560
4056
4843
10644
12077
5683
5534
10250
8363
8193
517
7601
5407
11626
2980
8500
3137
3631
2982
13176
6972
9723
7248
10374
3833
179
7865
9795
4045
3255
1181
8811
13209
9659
12738
11205
6535
1982
1221
10762
831
5826
382
3634
12073
1420
10258
2019
4602
5303
12714
4058
9751
175
9432
13306
10276
10234
4243
12948
10901
3585
30
1098
1891
5868
3170
12774
12173
6645
8777
8101
9460
4985
1873
1914
4477
7036
5755
798
5172
9370
7496
5877
4369
9503
1186
791
4664
12198
922
7799
8102
4710
1184
9444
7088
2543
9721
8559
8080
4862
6403
6090
8816
11496
12625
8569
11339
4099
7329
6821
3896
7638
6867
10290
2932
1990
2558
12698
7698
12574
8478
11930
9532
4220
6903
7087
3457
5860
9465
2013
11382
2624
3384
11516
10104
3005
1232
3723
1450
254
4587
11644
9292
13153
6520
8549
6089
1451
8200
8992
5160
2654
7015
6846
7038
27
1944
6442
7327
2290
2017
5582
7621
70
6576
10187
8293
1425
10970
5709
2469
13110
3254
7480
3822
1367
8195
9534
3085
9191
4376
5458
7406
5144
12495
10889
5595
1112
11462
9010
8623
1390
12067
9763
6211
8685
8144
13027
9203
11670
10301
1945
1816
1006
11291
1837
9005
3610
4786
7272
7265
2047
3498
6411
12143
4478
8739
3103
13095
10855
2510
12913
2029
9951
9336
5346
11048
4524
5680
10010
3743
11539
6115
1495
9273
9576
2466
9509
10439
10964
4088
11311
10370
1419
10550
7632
5464
8079
8418
10691
1801
6386
7040
6588
1505
11179
989
12235
5335
8538
2807
12743
12333
5321
568
11191
4096
7678
9411
6454
2912
12396
2667
9948
3084
1299
2244
10294
2532
11193
5139
11573
12809
1690
2732
5351
7249
516
10969
2921
8009
3468
9403
2431
12035
5585
8763
13122
7892
12711
11259
9518
11913
7184
1920
6201
6842
4073
13219
7004
3607
6815
6127
11638
6420
3013
6822
1172
9169
10312
313
7953
3323
10686
11163
9617
8081
3203
460
12512
13195
12247
12907
4623
10614
6529
8657
4433
12423
12187
9778
2822
4749
7244
268
1437
12569
11769
12837
6721
3363
3821
9555
12200
3050
4410
9903
1458
1214
12023
8032
1189
8571
1510
12045
12784
9776
5526
9473
5312
521
8511
10108
13372
4921
1955
1870
11362
9227
2646
1867
12167
9275
5280
5973
6178
5072
3625
6313
832
8620
10253
3461
2374
11466
2721
4274
4397
9327
8457
6003
1220
12601
8365
1334
8530
10497
4900
1296
11348
13154
12052
2637
5170
7862
7043
3816
4344
2138
9075
3665
10945
11831
5478
7499
11213
10240
7705
3503
12340
12664
5392
11074
4200
1611
12113
130
3680
9271
13289
12337
5899
7760
8665
423
9540
9529
2201
293
10906
8282
12706
5357
9803
5236
10827
3983
12805
9326
3688
11400
5435
9713
3111
8690
5054
11566
5601
702
6191
13206
11541
4765
11665
7759
5338
6984
4145
9236
3515
730
9633
12705
7704
5573
2802
4608
982
2028
9536
2580
651
45
7541
6304
6954
11715
6604
2633
13061
12983
10058
8266
2907
2318
809
10217
47
10367
11126
11051
9545
2500
5733
761
89
9990
2661
2275
2595
12813
8325
3342
2480
451
10577
12572
7798
3867
12620
9870
673
10092
10170
2713
8925
10012
7687
4126
1271
8259
7003
12982
8277
1317
5304
3177
4770
4040
555
10796
6746
10391
6333
2673
12632
1283
12065
8859
13066
10842
931
8370
9185
9744
3791
1915
12987
11107
2231
3893
11056
3141
8210
7947
7169
1797
8048
357
1441
84
7885
12016
10613
7677
393
10451
3427
11427
11801
1964
12536
6965
7321
383
5426
4296
2190
3010
9181
7561
10437
3206
1171
4400
11936
11217
4444
723
5481
4558
13307
1301
9899
7532
1946
8800
234
8088
10671
2828
5137
11264
3395
10474
5552
315
10675
5326
1255
4529
8183
6803
184
9056
7736
5140
5187
13074
5315
2965
8712
11911
7412
7725
6187
1730
7817
7120
10306
11319
8923
2593
10610
1485
7123
4533
1467
2371
4752
11992
2520
10339
7442
9569
7355
11474
10035
10592
2648
1180
1630
3553
11028
770
7208
3169
5477
6387
8968
12289
740
7717
810
217
9831
1587
7961
8727
3567
6186
1046
13375
4339
11307
12507
2245
7484
6543
9085
11931
8983
5839
11334
11118
9804
316
9300
6517
8360
3749
8464
9197
1584
3692
8047
11381
10520
7348
5048
3619
11513
1136
10178
5695
7464
10634
4984
6375
2972
10066
2529
2534
4238
10533
6014
3326
21
4409
1343
9249
12669
12794
2232
10538
10758
3307
11025
10442
12062
7125
9798
4723
7595
9486
9418
11408
8023
8449
1658
11433
7609
302
6062
988
1639
4401
6142
10908
6548
12609
4955
10584
8522
354
3492
2421
10251
12081
5038
5141
4482
1174
5886
11404
1131
2679
3733
11239
13024
4959
958
3752
3391
6482
7763
300
7260
5130
8395
5421
8182
12397
8661
11954
13260
4956
7616
2145
7326
5606
4015
4845
951
6739
5028
10652
4933
4996
12590
8468
5275
12103
5066
700
3994
10279
12581
8676
3719
1101
1513
12680
4153
4341
6996
11401
11392
5427
9646
1059
12873
3698
6139
7999
7515
6565
2308
9537
7240
3333
2638
1396
5154
12479
5678
2338
7864
1468
3622
13100
102
2728
9445
12915
1597
54
11620
11413
10098
8933
2041
7482
11829
11724
9820
11360
9523
2154
10132
4671
1738
245
620
4389
1138
4061
3967
488
11674
4675
2795
6697
8628
5193
5050
3029
3877
2406
5200
12887
4501
3828
124
11223
13277
5074
2402
11937
6603
12323
11437
9272
6382
13041
1447
5425
3530
2641
7520
6715
7833
10684
2887
6611
7485
1959
1509
3201
10295
3319
3277
13092
8251
5336
8946
10410
4334
12606
9192
9919
13085
6272
12955
7103
10105
5468
5434
7341
8315
7147
2591
6555
143
5795
13058
5246
1472
465
3294
3298
9329
5088
12097
11482
6694
746
9427
11866
5279
9568
2647
11592
12393
10207
13198
6767
732
3011
6428
9265
4437
6116
6556
151
1751
2718
12767
7400
12263
2812
1984
6450
7009
10663
8658
8470
3919
420
2474
841
2005
10229
5999
8244
13332
5944
12560
4269
4427
2052
12681
3803
2741
3283
12613
5555
2370
309
2628
6659
5676
9678
4293
10810
312
3108
10540
8801
4764
1648
4292
5778
8490
12390
2720
2798
9664
9317
764
126
8010
12990
3337
1145
11089
13142
1715
6151
108
10537
1925
12316
201
12529
8206
6343
1705
11091
5118
13270
3020
11312
8830
3731
11248
2668
2021
8074
10286
2455
2253
2225
13065
11356
12540
1811
10694
11635
8041
10864
12498
6988
5994
13009
3297
6227
2897
12885
5501
5268
3955
1142
366
1930
3979
10587
120
7630
1150
10632
853
5567
9882
7365
7747
10333
349
11772
3552
10075
13069
11236
6125
9689
9238
1535
3963
12742
410
4507
8874
1644
8387
11754
2878
3599
2296
13166
12899
9172
8224
12453
8097
1839
1824
3948
7523
11019
6901
12246
9037
11999
193
13138
7459
10693
4474
9171
6098
6838
2626
10361
10641
6088
11919
9278
855
5143
5796
406
9995
1817
4995
12749
2952
11986
10479
524
3636
11927
2440
5924
2016
12844
8211
1901
11407
2821
5269
2056
12197
554
4603
9764
1937
5739
6657
7064
224
5599
12976
6537
561
12510
13081
10411
3356
4890
7657
65
8429
11494
6872
8143
10353
4285
1259
247
3096
4395
7583
12909
8461
7875
4761
11957
7033
2358
7168
7675
9970
9402
12214
3228
9704
11274
757
5184
1319
5240
7562
9040
13184
12647
13293
4231
3467
4926
1461
2320
8094
10727
8788
6992
10134
3736
10824
6883
1010
6817
2350
7308
3865
11818
7428
8298
2109
2112
3751
4171
12221
5005
11108
7816
10331
3305
3055
612
808
2955
7995
3709
10399
10910
9579
540
10657
12799
10485
10822
11868
2949
5277
3998
941
5773
8118
5955
8317
12370
6002
3587
10423
3380
11554
3780
10570
9256
4750
8920
3950
4219
8444
11621
1412
10712
11761
2186
9849
10055
4459
10422
4554
8487
7166
945
638
2148
7042
6681
5364
1207
2224
1261
2509
5718
7699
3447
4816
4692
646
4805
11458
12107
4669
2868
8693
10988
9653
9062
4565
5958
845
4216
8397
6210
12389
4677
510
12968
4479
12579
10114
5729
5834
5402
5558
3481
5033
69
3370
13174
13145
5320
7714
12776
13068
5554
10139
3609
1680
8867
7712
11020
4899
2340
9674
10405
7106
7641
6314
11472
3197
1106
9466
10356
1620
8755
10401
8215
6563
11065
1768
11453
8877
711
3776
3800
2084
6046
10284
11538
220
2784
1064
6635
10959
9779
8261
10774
3175
3178
7680
484
329
10157
2799
7688
11241
4841
1832
7095
10143
5474
1297
4174
9807
11176
3442
4273
8645
12306
3028
13298
9693
5766
9420
7420
7238
9340
10302
12196
1026
621
2395
6378
6966
5252
13015
3033
5238
11914
1376
13163
7274
2401
6385
508
7153
12095
6202
13313
171
6747
2462
88
5196
6503
5428
3589
3282
972
10780
1326
1068
10932
793
6026
3131
2425
6207
7462
2856
12229
13261
5
11131
4605
134
3225
13086
7969
12596
1927
5328
5891
4702
7011
8250
5229
12525
8640
6235
5084
8681
10469
6285
6757
12431
12244
4024
12998
5414
10622
1293
336
8427
9759
12222
1013
11232
10747
8742
12874
2227
2660
11233
10133
6991
11800
11892
4977
2411
6601
13197
1907
9214
5775
12350
1826
4461
13287
3365
1592
3753
1812
8324
1720
1692
8237
13005
2736
1329
560
5221
5990
10543
3252
5168
5101
3211
4290
9530
9337
10323
9912
8034
3581
13011
9167
5284
714
12440
8491
10934
8405
4198
4798
3308
6042
5318
1377
4379
6209
12080
3132
10499
12208
12205
10539
11729
4480
9133
3383
13140
11335
6364
8433
5945
8707
53
3747
12392
6662
10817
2542
7134
13240
10941
6054
2920
11125
9827
2362
416
6927
7576
11230
1350
11728
6549
8369
11358
12658
10083
7766
9655
11896
8724
4250
13203
481
5399
5437
11423
8844
8092
10101
1683
7878
9808
2398
9738
2359
13286
2303
12587
3157
4085
2273
4585
10516
2139
1538
1666
7437
8838
4709
223
13053
5451
9183
4041
1580
6181
9927
7489
13243
11170
11567
6321
6032
8186
1383
9583
603
1391
2936
3557
10380
1902
4824
7790
5332
5287
12643
6627
9782
10782
8442
9601
4814
5504
1347
2585
12084
3666
230
11077
1280
3829
7182
7619
2719
8526
661
8007
415
2977
7628
7957
11183
10140
11357
12943
6126
208
7904
448
6072
6586
12775
8518
2483
11306
333
12347
4907
9718
9368
10011
12619
8460
12288
12961
11526
11613
4920
2777
9479
3357
3951
6855
9448
7041
4404
9821
12944
4355
10949
11208
11165
3314
1576
11445
5267
624
11795
8996
9679
3871
10633
4328
1988
2760
11189
9287
11882
1100
11631
10588
13051
4248
2465
9091
8717
8167
7505
9745
12966
13319
5406
8400
9657
6668
7347
9684
12910
3027
6580
9997
3918
7117
7188
6759
1504
7069
11032
4777
12788
3396
12514
4142
5530
3281
3874
129
2046
10912
3073
12207
7373
11295
9112
211
7937
4945
10720
5988
7082
2135
7433
13276
11966
8314
12233
11813
6516
3856
6834
7149
11830
4826
9884
5528
8347
10913
11596
4092
6887
11847
11863
2794
12195
8611
11393
6629
10459
10984
10536
3836
699
9981
9944
7526
12825
13364
5282
11101
5210
3220
11987
1393
13094
1387
3397
6342
8602
12026
3417
7086
817
9084
8467
1750
10654
5640
13281
2454
526
8805
8987
9660
232
9083
7684
9957
9887
3880
718
10607
1340
10831
4452
8771
5910
11078
12328
7852
2738
5220
11651
3166
3087
847
12094
2902
7910
6593
9570
4651
12744
9014
421
963
1165
9762
11480
4445
5004
4534
11757
9667
4394
10541
1345
11860
5222
9079
9114
11745
3099
5693
8752
11579
1488
10729
9939
8309
10815
4295
9793
5117
5233
9209
1362
80
13006
1008
12823
11485
6606
13335
3565
8597
3912
876
12435
12375
7305
778
8258
3115
11641
1709
12969
9909
7422
6215
7372
5013
7631
12834
6810
11133
10049
11219
3841
8227
7413
7557
4881
4234
4148
6616
10930
2557
12600
5444
11455
7253
7959
1048
8950
9988
2761
4408
12301
1676
6570
7908
2901
7827
590
97
578
6912
9187
6874
3077
3271
6970
13031
6769
6395
332
9854
10571
644
8030
1546
11279
4819
6868
7743
911
11523
1669
12012
8734
4941
2527
7635
1148
3035
4951
9065
3687
3895
12547
12254
8131
439
8002
7010
4228
9500
9658
12971
4106
12159
6886
2162
12949
8744
13225
1484
4333
1499
1084
4648
3861
5248
2104
7121
9232
759
4031
8233
12255
3067
2357
833
4725
2997
12417
12882
1051
7982
7424
7382
2007
8346
5611
9695
13028
12797
3754
8458
6538
6221
12204
4168
12139
8646
12015
9305
5491
5159
5506
734
1445
13098
1794
9708
9502
5111
8037
2969
8416
7976
7346
3536
2630
5270
1160
8450
6839
870
12013
8308
5490
7304
180
600
635
1775
7851
4563
12128
3039
5293
2486
7608
13334
11457
11928
5237
12343
8557
10866
10131
5015
11565
5388
3430
1229
1475
6786
13014
8893
6289
4069
8922
11789
3475
7722
12500
2710
4772
1615
6774
8993
5442
10047
9435
3705
8038
10954
9156
10214
1400
9640
3389
7465
6854
10037
3879
4561
6479
650
6337
4762
11069
7145
400
5928
4967
9612
11975
9458
4601
3988
9526
3626
3231
1482
12851
7219
3187
3714
6138
2090
11577
4225
9494
7388
11164
3367
8479
7719
4487
3392
2960
10737
2237
5244
12321
2042
2539
3429
13305
7259
6869
6809
6584
6683
263
6740
8592
3849
8447
529
8520
335
8615
10553
3299
12437
8263
12469
1605
8879
9767
12835
3412
13130
3624
585
12454
801
1071
4028
1449
12134
9378
3777
2066
13350
976
28
11238
4004
9057
12227
6152
9138
1124
3285
1547
7374
12324
6701
3031
8899
8274
4683
3524
4808
559
2258
12589
3744
8878
1756
9233
6044
6605
7390
5291
1858
324
12930
9743
10267
7397
11533
11014
1862
12737
4352
10841
11690
2945
264
3127
12069
9800
5217
10773
1427
2696
5334
3640
7948
10616
733
6680
9567
3095
5638
8
4946
5094
1833
4853
6930
4398
3162
12116
12483
10445
11318
8059
5087
558
9000
1577
5856
5127
7410
6494
5124
6723
9319
4032
3074
66
4597
6750
3778
8747
7891
6190
10145
12266
1078
6396
6513
3322
1464
6539
7138
7241
4888
5671
10568
2191
3546
8192
7821
4652
3313
3226
4795
12326
11768
10000
8655
9774
5493
3420
5895
6572
11196
11463
10019
12063
7099
934
11007
4264
10086
5178
6445
11424
10362
632
6925
13087
4005
13171
1645
3699
3196
4626
8218
7558
2627
12433
7463
5319
2644
2101
9987
6010
1971
12452
2919
409
9814
10084
6857
8065
9546
6717
3394
9121
9207
983
11190
12178
3431
5290
4833
536
5212
892
3082
9111
928
4054
1566
11285
228
3774
8090
5633
3223
719
7016
1942
4578
430
5433
9889
4620
10844
4528
8331
5623
7178
9341
6257
6791
3388
8513
1089
10244
9565
8278
1126
12448
236
5373
11697
1877
474
1998
2533
7909
12691
13224
6233
2740
10400
7559
11543
8784
2343
1294
4187
12578
7893
5692
8614
9074
9593
12037
12573
2453
1492
4215
5129
862
721
9069
10123
8963
4436
4592
13117
7185
9554
5254
2022
5389
4783
4254
11202
2722
12018
7223
1825
11378
3358
6756
2197
7282
2122
8349
4736
4218
3628
4774
5507
8229
1018
623
11330
2426
12456
12079
10897
8715
5136
6922
2699
479
797
4185
3927
5355
9042
5380
9310
12369
1548
10583
8025
7958
8589
12418
9220
9412
8181
7921
4696
3578
10389
609
450
10293
418
9475
12003
11136
2572
3499
11256
9846
10521
4815
7849
7227
10814
3739
10972
12402
10660
9855
5285
379
5906
2643
5943
12028
11173
7941
2841
59
8802
11451
8751
2544
12740
12996
8205
8355
1179
783
5171
7838
10149
11037
704
12886
11033
10070
9620
8901
6528
996
10862
10319
12466
12622
10946
2114
6876
9255
10204
2861
2383
99
9226
57
7051
10429
11820
2596
5840
5453
6030
8531
1600
8332
5182
8154
5597
1724
8680
9472
6028
3860
4544
260
2409
10900
4962
12586
3767
10349
1806
2136
10225
2025
9429
4988
3789
7603
9508
12916
9235
11102
4387
12162
5851
7830
2525
13376
9665
12319
10221
11792
2334
1884
8312
11326
5998
6080
257
12491
1045
9028
8516
3401
12550
6553
4827
1143
8152
10763
1105
11623
587
4147
8483
11495
3215
8276
4825
3602
7002
7379
3491
9262
3088
7242
11993
5562
2291
4998
1830
693
8856
974
5656
12559
8610
12979
1554
4695
8197
2413
2239
4263
4674
11712
1272
10111
668
3518
1583
12203
8942
11622
3451
2132
10427
4929
11755
11627
8394
11544
6813
6541
13308
9788
3716
3355
13119
9639
3664
473
186
2590
299
2068
3656
12415
4876
12866
12757
9822
7992
11487
5056
8759
11072
12798
6741
8472
9122
5828
11730
8091
11079
1429
1619
12032
9543
12101
10498
1556
3707
2623
6505
4021
2642
4246
7517
2140
11551
671
4771
5546
2229
7648
8528
13323
12405
4912
5690
11682
1321
397
4282
8463
11491
5122
9913
9373
6793
13105
7709
3712
6212
10268
12621
6350
2478
2212
10045
3596
2787
12697
5735
12633
8554
2614
8539
5712
5286
341
13113
6888
7788
280
3677
5855
2226
9979
802
4866
12019
431
7126
4818
5376
2061
7116
7600
1270
10241
11367
9936
2771
8281
9766
953
337
12861
9595
9127
79
5730
6021
11767
538
11059
12720
9453
1022
9313
10876
11701
5314
9017
8485
44
10173
505
8301
6935
5670
7306
5525
6148
3894
2311
6845
13250
4589
9829
10345
1629
12313
350
6981
2032
2649
2709
925
6055
11440
8545
12163
10444
12486
6679
2745
11146
1532
500
405
5062
10919
3766
5163
9081
12855
12199
2093
12148
601
8334
11086
1831
3098
1700
12424
5135
1638
9400
6060
3030
6415
10559
6273
12406
11531
9110
12543
11528
4276
10303
4133
12322
9363
4192
9476
9598
7261
4011
7907
4156
6748
8039
3823
4385
8841
5779
3130
11386
3814
5983
2217
2075
7545
9757
2173
10548
605
10975
470
10867
4064
11087
5803
11286
7073
10099
9461
6615
166
11317
4629
10921
3476
5420
3577
13126
4249
1781
8328
10443
9728
6408
2121
9161
4753
7551
6189
7642
7205
8492
9009
8289
11803
7007
7160
796
9302
2855
6223
871
8824
12420
14
4612
6533
11132
7708
4989
8020
6000
9771
5866
2278
12781
11823
2482
1727
1426
1102
5524
11828
11489
10435
12161
94
3304
7689
5146
1795
4870
12713
7324
7605
12537
2236
10458
11710
9442
7596
8819
10500
7072
3942
1501
5068
9732
7393
3548
4326
8894
12571
7310
11000
445
10453
1122
9030
1857
11756
11737
2733
11778
4446
454
9
8587
9052
10745
10655
10245
12047
13339
725
7075
6724
2144
8336
7280
2342
2073
11855
2726
3864
2180
10032
12532
9452
2515
461
992
4380
10307
3424
10899
13342
8164
10414
11985
11600
1941
10466
7872
8736
1374
1977
8654
290
6938
9180
192
10107
13253
8730
9874
9372
3056
692
9730
10666
6236
4448
1888
11479
2814
13233
8521
12810
2187
2429
11076
6435
5134
12334
1975
9946
6660
6865
5686
9231
167
9644
13175
7085
5583
3198
5060
7679
13349
4418
935
11158
11760
153
10015
5098
11955
6760
3543
8069
6475
4211
7795
9832
77
594
8622
3693
6631
1859
7781
4490
3510
8991
1643
6771
10505
4844
3403
869
6027
7271
9124
5106
8924
3180
9143
5714
5053
7797
173
6685
5496
5644
7050
8241
1612
12076
9611
8354
5325
2606
4111
3993
468
2916
10580
1052
12277
7733
1814
4802
9346
1972
4018
12802
5751
7668
3603
1490
6468
3101
1453
3738
2089
7934
107
8498
2216
9307
7744
330
5754
215
9963
9496
9654
8335
2683
1664
4464
6064
12926
12970
2800
3886
1076
9365
6279
2886
6545
6558
7924
6161
9789
12687
7367
136
10322
4716
12478
5330
7597
7796
11821
2849
1555
9380
3218
1699
2947
1149
13089
613
11280
12865
11684
3945
1003
8035
6158
4865
1281
9786
3899
4914
9491
1994
11349
6471
6061
9267
6154
10432
2435
1626
4412
11902
10128
5976
7653
12228
7022
6491
4511
1574
9907
11090
2441
5029
2657
7989
12857
4303
1717
12925
7783
11524
1012
10278
9775
12921
10050
9930
1890
4609
12935
4550
4384
11717
12918
11475
3041
9366
3464
6985
4001
4738
1635
10895
10847
5498
9320
10698
10530
13054
4868
11943
5903
9356
10532
1327
11436
6238
11156
1194
6737
2635
5572
6460
2746
10620
8524
7196
6753
10674
8687
2895
12104
4730
2219
9024
6102
10254
1943
11486
12880
3049
3232
3969
5123
9264
2397
9956
4751
11940
252
6610
11438
158
9019
3608
1134
2394
2467
3366
8791
12568
91
10223
9369
9549
5486
9886
9117
6831
9061
5077
13322
1200
115
8568
8201
4278
1266
6131
13221
6464
3507
10122
9425
258
6476
1478
2987
10751
6480
449
4557
7220
2051
6612
12034
7048
11439
3925
4906
7351
5799
9538
12719
11972
514
7927
3910
2681
6709
7236
7897
4741
4190
1765
240
6325
7331
2824
9163
11194
10883
3324
3309
914
2055
8737
7729
10337
8766
7056
9047
4636
3971
11736
2698
407
13338
10477
12965
11751
10176
5746
11123
4944
12376
9210
8049
2817
12318
8016
6237
9089
9477
1711
6008
1748
3501
9681
13282
11563
10531
11793
6163
11448
8941
10982
7417
7290
37
4256
2685
2015
10983
6307
5216
9076
1598
712
11447
1268
3944
6752
8194
9777
5372
6897
5745
1337
7057
7356
8338
960
1967
11271
4821
4266
13316
6944
4788
4514
3985
2107
6352
4236
7839
10952
5153
1850
11387
6203
10816
6253
8361
13116
11346
2422
114
4365
10248
4792
3244
875
11602
10637
995
994
549
1607
1693
11003
3066
1887
9812
4104
5878
4212
9989
8510
3555
10612
2961
2248
444
2948
3350
9758
11081
13355
12388
10894
12212
2450
12179
4451
8146
6446
1434
10636
9044
11550
2541
11598
6245
509
4701
1175
591
12748
9687
457
9189
1673
2444
6474
6135
3654
5470
3858
7333
4655
2796
7530
11719
11969
11418
6818
12715
4599
4260
8907
948
1246
3320
2228
9875
8063
2408
4917
12761
12657
8835
11322
5759
427
9105
13002
10118
13292
10188
1216
10753
6196
12883
1948
12050
7917
3487
13143
11405
4068
8419
1477
11313
5517
7279
12400
2213
9170
1827
3040
11162
7935
8741
11873
188
3500
6231
13288
774
7643
156
6229
5622
11380
3996
5223
83
2165
5992
5550
6990
11469
11144
6634
12320
7250
6794
839
7977
5197
10799
552
11536
10807
8060
4483
5480
8184
11664
13380
363
11171
7636
1182
4350
10448
9553
8723
244
4424
10915
13047
12542
5544
6384
8203
4779
4100
6298
2946
5715
3352
298
361
12401
7665
9139
3493
2316
5790
9263
4425
8420
6654
6885
6262
10752
8054
11559
926
4184
1187
695
8682
4518
9043
9041
9635
12593
11560
1369
12138
9120
8860
7164
2238
8815
3764
7135
3835
5300
5742
9878
3793
10551
527
5089
9439
6393
2603
12044
11826
13201
1694
11680
9134
12946
3724
10772
5977
3878
11838
7163
6457
5387
2337
4687
8848
3702
4897
5747
10433
3415
11807
2274
10028
12639
1876
1031
8503
169
8881
2100
5173
13217
7180
4175
8307
2701
2143
3359
10415
8253
11068
5131
1935
758
3545
13344
6441
5879
1602
4492
11012
2844
1014
12106
12858
10407
6693
266
