12893
8692
12752
7228
6718
2439
9377
3549
2027
4465
9301
8198
3251
4277
3465
3205
8775
10009
11389
10645
12533
12371
2706
5627
1659
9315
11492
12373
860
4804
3235
10565
6143
7358
6619
519
72
5858
10797
6414
11603
1906
2664
4165
2404
10085
13044
3617
2986
542
662
4152
4209
4965
6640
8140
8147
9915
12994
12446
9311
1358
2684
9115
9095
61
9241
10277
5659
13152
9266
852
2837
11653
7538
2686
4520
3136
2617
2043
12157
446
5454
1406
10115
7570
2950
2854
1845
10494
2010
4834
8239
2559
1287
10490
13191
10193
5543
5764
9705
10670
1141
1491
372
1511
5971
12427
2038
6669
12155
1508
8990
10794
10492
7754
10369
6404
7204
11140
4504
8626
12717
7601
11205
1035
814
2000
5868
3137
910
9424
12158
8135
5443
8410
12759
5587
194
6725
8088
12572
5246
1870
1010
9569
1447
5028
8032
8992
9674
6420
10810
1944
5066
393
7705
11348
4664
9721
5712
10862
5146
8856
4920
9757
9979
5735
12402
4263
6723
4795
12918
11567
6549
12969
5252
136
94
8034
7057
3764
13316
10618
11380
5879
7356
13355
591
10368
13282
8146
3324
9120
12534
11144
995
8420
2603
8835
5065
12615
2735
12854
1316
4079
6077
1818
1749
11590
11718
11428
11912
5760
13333
1787
562
8650
5142
6999
11152
9053
9199
8115
8855
4476
3110
127
819
4221
4063
10292
4540
7320
11570
1372
9399
4026
7107
5538
12699
13017
805
10033
2601
7226
12270
6566
1285
9257
6980
9480
3802
11572
5247
8432
11390
2
3909
4676
6275
557
6836
8868
469
5699
6735
5411
440
12626
9285
2349
12038
3806
2562
3438
7518
4517
962
2479
9430
1966
2433
9136
6658
4987
6699
4748
3435
1066
3128
4434
9333
5092
8947
7323
6962
2984
999
3584
12942
10246
11502
11361
9148
229
2759
12278
3104
9770
4817
10184
10079
1979
6879
3788
12025
4089
8242
7154
1731
12366
8177
7190
5933
5424
11384
10416
4883
8005
2793
2146
6150
3639
2918
6185
11195
5590
4357
1856
3014
12708
7201
4062
5617
1708
8357
3725
7421
6712
8599
3997
6758
7916
2386
13127
6297
7000
11092
5871
5591
7375
4538
1115
1417
859
3728
11945
1517
12963
544
1236
9515
10360
8477
5527
10052
7468
1936
4081
7905
11626
226
1982
9118
12859
3794
2985
3720
12923
6159
3930
1891
10081
9460
2819
8811
768
12960
10141
12470
5534
12718
6820
2958
1392
5261
6176
9280
2731
9317
646
10253
12423
1343
7484
12389
2308
8079
3201
1509
9555
7406
5555
10497
9327
1597
5526
8661
3776
931
7329
8658
7184
12529
9040
2638
809
3356
3297
5633
10223
11792
10516
1888
12944
8336
10571
1478
9987
215
4290
6378
2227
12254
10435
3041
7937
1134
4865
8281
13305
5433
2273
3225
3095
11531
3035
12998
6553
9170
8194
6229
9263
11469
12044
12715
926
7250
156
4212
11826
9089
4175
2444
13344
6196
7202
6500
8848
12320
361
5470
4483
8361
7530
11910
298
3493
5878
10742
3149
12384
9923
8671
10989
2302
3398
13297
3270
417
3678
13155
12164
2700
7513
5031
12782
2612
771
12967
4306
8374
12133
4347
8459
387
2106
10950
4972
13248
9297
7445
8226
4829
8024
7710
5377
821
11872
13034
11941
6561
375
8795
3448
12124
12464
4910
3689
12293
4846
6281
464
10682
6096
10594
6155
9865
4255
6107
6971
1099
6919
6458
4252
7979
6318
4237
12224
8279
11430
571
1057
11861
2420
8404
5629
2747
5875
7850
11309
5592
10615
1934
8017
5961
13019
6128
1364
3612
12674
4562
6488
131
3160
2888
7732
1770
8044
12554
9727
5416
12046
8456
811
5446
11535
11864
8311
6785
7531
5533
11323
1215
7460
11477
1799
9690
6509
3484
8006
6904
12351
6251
10282
7707
10833
486
2130
3908
4658
11709
12088
9876
2573
5194
3653
10242
7837
8525
19
8828
6787
7650
5539
10394
3755
317
347
13192
8652
5250
7140
13147
12768
10977
3734
11398
978
1463
5022
3914
7738
11720
2267
3885
2882
6633
5602
6047
10156
11141
10802
10649
2893
5682
2299
11607
9182
11929
11963
4115
8439
8235
8050
7401
11655
12594
8884
8248
345
2416
865
10750
11261
12114
3569
8776
7488
7929
12852
13022
10377
7960
1237
8280
6379
8026
8003
4666
9077
2929
888
11648
8333
1408
11865
11022
4137
13072
10038
3890
4859
6439
4812
11411
1163
7402
9958
9032
1918
9393
4775
7769
765
1657
3826
8086
10125
5445
11030
6552
1796
7617
8711
262
10873
6348
10342
3276
2331
3390
6726
1198
10481
498
4571
574
1772
3922
4734
4265
95
2353
31
11973
6841
8967
7543
3735
4158
8930
11669
10025
8574
2405
13033
7157
11899
7571
12294
5412
3832
4013
5045
12349
7846
3421
7018
9711
12978
654
6183
7425
8535
10927
2247
9312
3165
8176
3533
12888
8036
12631
9048
4224
5323
209
1905
7435
3075
12564
655
5947
4240
13301
1349
750
7782
1747
2613
9103
6704
13369
11254
4791
13016
622
6156
7586
12845
7952
4016
6749
1740
1559
11148
6689
5890
7192
5386
11770
10706
1606
10103
2432
10860
11816
8999
878
7330
13202
6252
1173
13326
8141
6068
11321
8679
4693
10186
5753
12709
5500
11615
10700
6530
4233
11859
9850
9421
642
4340
1586
8366
4193
9837
5016
13060
4324
1196
6600
9548
3523
11149
384
2246
1819
9322
6911
1558
3076
9898
5456
11273
12750
9885
10792
6522
142
5019
78
3107
1108
4931
645
5057
4536
6651
12314
10738
3760
8290
10476
8782
4754
4729
8760
8508
9248
882
697
11388
9815
6554
9947
4573
7292
2900
1067
191
12881
8889
6137
6707
11075
9714
304
10507
8758
4134
1274
9162
9564
1848
9217
5989
2218
11153
9283
9102
11111
5578
12546
10573
9510
5811
7501
7114
12985
12472
589
311
4525
10218
9211
9760
6814
11203
9897
11383
269
7024
12928
5311
8013
12149
8350
4908
6890
5768
5801
7544
7494
8292
4590
1552
7047
12156
4924
11775
3713
8260
11464
6255
8421
10488
884
5655
6120
9070
2829
12302
13245
11399
6361
4316
8852
4703
2607
13046
1043
4356
8162
7975
11741
7575
11442
10004
2491
1114
8172
923
10491
121
4990
5494
13299
9592
8480
3316
6795
391
4543
3330
835
1916
11337
7216
1986
10525
9637
1899
138
10776
10522
5970
10034
507
8471
154
9505
9969
533
13149
6486
2574
8928
10424
2621
2530
8270
10951
1716
10935
11046
11569
8998
1540
4659
1439
1695
5669
5701
499
7299
9724
12253
648
8598
11671
9710
12017
8635
11434
12812
3537
1205
1154
689
9753
2549
6882
5400
2781
7731
9943
10791
6976
1290
4735
9129
6112
11932
3179
2392
8731
3259
6205
2498
4329
3459
12217
9080
5605
10979
8586
6827
11695
867
12336
927
248
1041
1019
6755
11143
10764
4441
597
9501
1082
2412
7778
9107
11120
8316
5586
4510
7186
582
4502
1591
206
5922
10347
7870
1385
4120
5108
9194
8158
9959
2313
3148
6983
2827
13001
1710
2393
1593
5589
11116
930
9754
921
3273
10326
11990
13352
11151
10465
7078
8383
6690
6124
12974
12490
7963
12696
2940
4871
5931
12238
9539
495
11780
2966
1201
3870
10767
13182
428
518
5563
12905
12066
12223
6292
1526
13378
10174
23
7512
6574
10046
6084
6873
7313
11639
8553
5463
7058
10478
10599
2153
1428
4724
11839
12640
13141
5620
4421
1489
9656
3126
1395
12412
3287
9844
10163
9590
11887
8310
4019
12096
9504
1545
12359
7843
6864
1446
318
4756
7493
9204
1322
12053
10879
4857
12082
9387
8808
7231
10834
7354
1896
5164
553
10667
8379
9392
1457
13062
9652
10041
10316
4373
12938
3106
1609
11835
13043
12137
6129
4690
5788
3658
10591
897
2548
8093
3174
4755
5571
6644
11379
4471
1197
12876
12477
678
1133
8970
12902
4010
10106
2869
8482
836
2575
1882
4894
8842
12338
6197
2261
4509
6224
289
3884
12771
9205
3564
3683
2078
9996
13200
6666
2708
13180
7446
5479
2658
2360
3521
11645
2576
7264
1931
766
2753
8898
4769
4541
8814
1267
5009
2832
9701
737
10159
1846
775
907
10549
1384
7276
11700
4167
12249
9845
85
12419
3453
1900
10320
5850
9691
1070
8688
7349
6806
12211
10076
3837
6449
9513
7720
6049
12056
9843
6772
2715
9671
7467
2767
9051
8663
2183
4166
5126
6440
11226
139
1892
828
822
9395
4968
9522
10872
3562
2214
6048
682
8955
12426
10117
12765
1218
7198
13312
6856
3961
2031
11616
5923
5255
5845
9910
2463
6596
2875
8854
2830
895
2662
2082
6987
1798
10387
2380
7023
7764
3144
198
1034
7405
4567
12912
11890
8138
4555
12602
12341
3512
787
7394
2554
11980
5667
5003
11656
6783
3888
881
12933
1178
9971
1365
776
12264
583
13121
6636
9417
11397
1951
2097
8112
5107
2124
2826
998
11352
8399
8637
12903
842
2298
1370
2659
6875
4259
13360
5673
1655
3181
7931
7587
3790
10651
5711
7811
2142
4997
1110
11619
3083
8012
9575
12816
10695
4887
1291
1881
8864
7031
4839
6410
7211
4505
12455
2003
12950
2365
5034
4035
1123
8327
8793
4992
12986
4051
2755
4280
6489
13169
10318
11139
9934
9367
2348
9984
4449
196
2519
2063
12225
528
12311
1913
8213
5503
13211
10418
3291
6374
6250
1371
9157
4367
10920
4102
9986
12526
4440
9230
10402
8267
627
1442
6504
7066
355
8572
6678
5726
8938
10638
10609
9547
11597
4475
4157
1973
5696
3943
10194
7491
1840
1414
10266
5511
2632
11371
2862
8823
3460
11959
10264
9741
4911
12690
5114
11016
12181
3172
1318
4407
7235
3378
10487
830
10027
4930
161
5310
5531
1536
11416
9925
9060
3341
1090
3525
13185
9630
12059
10851
9106
1561
11968
7946
2779
3009
12502
7726
7503
6344
3729
3901
10197
11425
7901
8733
4938
5227
889
1190
82
13220
10948
8443
11981
4405
5650
1543
9116
6419
9663
5600
1315
11650
10885
11370
899
11168
5262
3600
10180
12111
6368
9756
11456
12436
6967
12710
13125
2373
10995
2707
7450
803
7644
1247
8745
3586
10748
11013
9673
5666
10832
7813
11918
8677
12303
2536
1722
11681
9643
3598
3017
10153
6691
13049
6114
4472
11982
12535
5913
3140
10659
8536
11582
2750
9252
10874
7162
9790
12940
6959
11534
7296
10249
12672
8136
11031
1269
2125
4640
6296
12551
5390
2300
2457
5265
10725
4717
3155
2674
12735
6542
10843
2873
3526
6907
12051
6582
7701
9734
11519
3037
837
6618
3935
4159
7443
5809
7702
4214
1909
9893
13309
11353
12931
1448
10566
5641
1996
7193
1471
10924
7478
8465
4366
11220
11854
10777
2123
3509
2834
7288
4143
3078
5404
8882
13278
3616
3556
5333
238
13204
6646
5090
8268
6437
3740
7604
4613
1368
12493
2391
4151
1065
4656
12807
755
6961
4144
9184
1551
11906
6087
12129
2306
1040
4411
10227
5353
1498
9026
8046
9104
9128
8159
6406
1868
5658
5356
8710
7832
4556
7155
8790
9031
9428
2959
8254
13052
2222
370
2622
76
4386
334
1460
4197
12403
9155
11673
5180
101
10160
7017
2262
6340
8604
2933
12183
2748
584
12541
7771
8323
13188
12582
4090
10523
8505
11888
12091
18
3779
2973
3105
804
2763
2368
3544
4789
4012
5818
12562
7137
3400
9459
10311
5967
12751
9585
3061
1567
11884
4046
8678
6413
11746
2297
6614
6263
3568
4253
10997
6172
8108
8126
8672
128
3293
5598
2610
7217
4312
2956
8163
4813
11594
11419
3348
4596
1618
5937
8340
1121
275
12956
595
5824
13187
1616
11938
5929
8169
425
5021
9223
5228
12795
1764
10766
6674
11329
2163
12777
11555
3171
663
8613
626
4712
6585
3973
7581
4194
6269
2688
11505
3202
11221
7284
9308
984
12381
1117
10586
10457
8137
8481
2192
900
3331
10611
12451
6123
6676
8133
10673
7340
1359
8686
480
9096
7473
12555
11852
2730
5786
2537
4767
6421
2174
3977
4847
2495
7102
11251
4593
9976
10601
2372
12315
12188
5305
2452
2210
9451
10065
12843
12723
8847
12868
1919
12083
8895
12520
11949
7283
4123
4315
12688
10828
10877
4964
10382
2675
1541
5815
8700
5150
3801
12482
9752
10947
1860
10971
4036
4885
140
12108
823
7344
7376
3139
8364
8659
12022
12716
5307
1834
11047
34
5061
6483
939
11667
2326
10346
4188
8927
12243
10247
7528
11608
3044
8166
168
8606
1557
11994
8051
7950
8576
10166
12638
824
9295
1225
8445
10884
12558
13101
1324
2847
3325
944
6926
1333
1023
4606
12552
6390
7660
7994
5177
5537
6052
6100
8618
13300
6526
203
10858
7297
3718
4617
7030
7191
12257
4689
9039
3792
13063
9434
3621
6240
9622
8929
3182
7207
6005
3655
2481
9364
10102
4484
11883
2570
7487
12089
11332
4173
10138
8484
6568
11345
11904
13210
6
10096
920
5720
380
9801
5188
2438
2704
9750
9398
8764
6511
11300
12806
1704
5347
3436
6339
12250
2335
12248
33
5381
6075
11708
239
3846
3423
1633
7857
10509
1348
16
401
7309
1706
6451
3519
6376
3393
8392
368
5365
4108
12033
8497
12612
3502
10077
10826
7529
4711
13194
8116
2860
8352
7285
6706
6331
11707
7834
10709
10937
7812
4559
4317
6547
4925
3001
3301
1047
6775
9291
2128
8913
4994
7229
3120
563
7533
164
13026
3531
3660
4785
4420
9904
12649
11310
1681
1670
6498
8820
10888
7770
10688
531
2102
3219
11127
7451
4203
7516
12686
13082
3426
4164
8084
12485
4343
8223
11406
5058
8957
13146
8638
9873
7776
2346
1127
2094
12567
5313
5832
1782
11605
3757
5719
9391
6722
1734
6736
7456
10617
5965
9470
12722
13284
9443
7359
10021
1476
676
12505
10112
10091
6805
2528
12673
506
3046
10544
11181
4149
4969
1331
11625
6164
11958
5672
5560
825
162
8028
12911
9376
5926
6118
1080
8496
7245
7409
4570
13173
4210
4314
4038
5750
12372
6208
3275
58
11297
4660
10030
3560
7739
789
6168
3125
9525
8148
501
11642
9153
3984
12929
4973
11005
4864
5008
10471
3936
9190
727
9123
13249
11685
11951
7724
11009
2786
5647
3349
2577
13160
10871
4208
222
6896
7179
8288
3494
6195
11228
7592
4155
5487
8875
11575
10109
12180
11548
103
13314
8767
6917
9006
118
4497
9150
5577
433
1560
2903
4186
10386
1617
389
11732
11808
1503
8326
1033
6290
10208
8666
10121
12300
12808
2305
10830
2889
5532
6540
3669
3381
11984
2555
1077
7755
2820
5508
4284
3956
7053
10272
11210
2724
1871
5957
10529
1622
2330
643
11802
5721
6220
1866
8750
5675
376
9339
271
7277
7871
10672
5383
7794
205
11257
5231
7758
2458
11601
2568
12105
1273
7923
887
11038
7302
9073
414
9145
10928
4094
6213
6495
1314
7318
163
1743
7686
12304
6173
432
3902
204
4807
7978
1341
4934
7199
2694
2387
6738
7615
8887
8297
13023
7752
6702
3798
8385
8066
1380
8935
2671
219
6291
12997
6015
7441
7822
8382
8489
1523
10595
2934
956
9521
1614
9550
12496
9824
6424
2149
12920
9883
2381
7527
3559
13263
116
5827
2521
13268
12895
10606
990
4942
8064
6607
3863
4470
1422
10384
4057
3455
6319
3831
12973
1025
6910
12267
4033
10898
7052
5042
7563
7868
8575
12130
8434
2272
13029
458
1773
4855
12605
4832
4830
2456
10151
8174
949
5138
2546
12604
596
12689
1686
2161
12132
12527
11614
11889
2979
9921
398
9952
588
8738
9481
6425
11043
4359
10454
5736
3684
6956
11862
5202
3016
8818
1965
5953
2742
1793
1829
9972
2490
3152
6108
3466
4891
3109
7578
13310
4842
1113
9696
11750
6998
8621
12841
1835
10692
4375
1950
667
9137
10069
11694
9087
5206
4289
81
11817
3691
9144
11085
9892
4594
11070
11568
1928
5806
1411
63
641
6626
8403
9828
437
12379
13144
7611
2874
3759
3845
13247
9374
8940
1771
5007
8728
9108
4169
5703
8529
7411
3452
2459
11857
5884
8716
282
9405
4172
7691
4966
12385
6394
5610
5391
634
4485
4083
4878
7128
10887
9406
2974
11237
3701
1912
1889
6119
13325
9100
1863
3376
436
4053
11759
8378
3883
548
5596
10800
10392
10363
6688
11903
10054
9490
6993
12623
8089
5230
4720
12310
149
10730
1361
8978
273
6040
9662
11304
3648
8537
2808
8413
7984
8821
7831
2770
8300
4268
5881
10734
8217
10222
4662
5982
13045
7148
7434
6305
6870
12430
6696
10755
11471
8100
709
3875
2352
1769
11520
6360
7502
4867
13075
6493
3432
399
12869
2514
9819
8367
5843
4023
2270
9314
12733
10840
1185
652
2175
1357
11040
12644
11953
5105
3975
5203
342
13037
1466
5608
9003
9316
5256
1991
3265
7808
11546
3708
10504
1625
8275
4098
3213
5918
2615
1079
6109
265
12467
2752
7044
10569
7539
11676
7928
10235
7673
1226
9960
10191
3795
8353
7765
9848
4354
1394
13295
51
12617
744
8103
9859
11461
11506
3022
2754
11402
5907
4549
1075
7649
2598
8426
2137
7479
5948
12259
10723
12450
6536
1238
10987
7209
6432
10818
12409
3207
6796
4681
12755
11287
1623
10914
10378
10788
7255
9063
3006
7876
3643
11114
11731
3903
10835
12475
8337
9634
2301
8718
12656
9600
9309
494
3920
5208
6184
6617
7334
4526
12492
1983
9826
6557
679
8548
12422
9574
3209
4799
8989
6891
1493
11734
5384
8411
2579
9737
12057
307
8629
8552
3441
11609
9533
71
874
2461
10396
2818
6303
2336
10869
12908
6789
8630
6470
3508
2233
3601
8639
9651
1183
2060
2935
6851
1456
3775
11499
12917
9059
12758
11426
1729
5176
478
6019
12282
7625
7706
4560
10625
7509
8208
2390
3928
8583
5337
11588
1029
11727
9607
6388
11612
5744
3161
5489
1164
677
170
11029
7430
11871
8189
8344
11744
12684
7067
11026
7762
7470
706
3411
3675
9397
1404
6022
2396
7281
7423
5935
8475
7884
7362
7427
9158
3940
11058
3038
4747
6294
844
12747
12655
8302
7378
13327
2310
11901
4393
10048
5344
4787
12789
3582
829
12497
4037
2477
576
1675
2304
8185
2339
5864
7728
5997
2037
7740
687
5634
5920
12503
12276
6575
9682
12954
4176
10991
13272
6401
4532
5219
137
1081
5166
12760
3267
10212
5363
4125
5822
8440
7243
9437
6166
8778
4757
9151
11557
12848
8578
863
4322
1893
250
9604
6447
5158
8917
2127
8371
11104
9440
1144
5728
2345
10724
7225
3266
13139
11155
2744
4512
2749
9905
8772
2835
8785
4854
9706
9021
5000
249
5950
2928
7407
6531
7325
3911
13371
9914
5408
954
10001
9802
2951
5120
11109
710
8984
8590
12701
7092
12307
7343
683
6519
9025
10768
6969
11459
3647
950
3340
13048
9668
4435
3921
5981
6392
9351
2111
6218
11493
10486
7345
4877
4547
1776
98
202
6204
3782
820
11867
7800
12991
7083
6986
4327
12904
10371
12989
8077
799
12344
8588
9866
903
11617
8866
8313
6391
7477
4591
3247
11978
11556
4049
6684
2475
11385
698
7171
3470
2442
4114
11909
9628
10665
7949
6271
13021
2449
12425
3958
8095
11611
12008
10150
106
2489
2823
8902
7471
10189
952
11253
660
11473
9176
3574
9596
8683
4848
7805
3662
7371
1651
12055
11587
2158
4598
7646
3805
7574
6948
13093
5949
12941
8558
4619
4297
1366
7213
1056
2283
5239
11308
10739
1093
2279
4136
7252
5802
5482
1792
9193
8105
12591
7061
9945
3604
3410
13039
3054
3146
2418
9542
7490
8376
11470
6310
1807
11177
1718
8519
9615
1791
6792
7112
11844
5559
12407
4932
11180
5475
9527
10719
10016
7802
6438
2193
12780
6597
6355
12635
1470
7222
1841
12010
12528
1263
6004
3296
12172
2850
5044
11691
12237
5974
12024
6256
5794
5804
4927
10447
11497
8451
11167
10728
8616
610
854
1564
9246
133
10875
3842
4067
10261
1328
8836
4181
6182
8906
1569
7656
4758
9624
5099
10554
6020
10662
9379
7256
4116
7980
10148
2526
9781
4515
2118
9422
8322
6472
7913
12279
11581
11677
4831
10461
12675
5272
174
5900
12480
12850
9086
7658
5349
1652
1992
7339
9335
2280
3462
13056
5725
8272
12721
7150
1527
4672
2775
11343
6941
7307
12770
148
6773
7900
4467
2995
7553
152
10044
1118
11465
7419
8674
9868
6804
48
8109
7322
2608
8632
11266
13151
3229
7060
7734
7637
5289
9013
10473
12190
7218
9242
1518
2806
2927
10483
11363
8283
2678
10938
9940
2464
5495
3007
2865
2014
9066
8765
12036
8437
8694
9692
7034
10287
1701
4731
3086
12556
8749
7298
8156
2215
735
10300
1276
4455
10269
8209
13265
4952
12115
10940
496
5810
12654
6484
11659
12739
8173
10040
11376
3064
12732
3347
1613
10917
3047
6357
7622
2727
3772
459
2772
10192
4161
8262
11798
12239
11782
3361
1980
3404
12216
9389
10958
6169
6346
1610
9742
6564
9902
11876
11853
4205
1044
10351
6329
2991
12692
7639
1662
2739
4718
1922
10202
1430
5651
9276
10501
9216
6924
5051
8994
1784
12487
10784
8845
9677
11722
6798
5046
4372
4195
11784
8798
11897
5340
1277
7328
10558
9588
6134
5070
1128
11350
4943
9941
9469
6266
7925
6029
7535
7889
1688
3186
2171
1544
9188
2703
751
2177
4500
9239
13264
10576
8850
3317
5632
13329
6130
13018
9483
8931
11276
6453
12441
12395
11514
11776
10765
2189
5960
991
7780
5820
12296
6402
11435
12408
12265
5816
10661
2896
7568
1262
2105
4177
7537
3062
12308
2126
3695
13257
9552
9551
6546
4055
8342
4443
7152
4495
4981
4270
3373
10628
1908
8178
6086
964
3824
13214
8125
9396
8910
4
11301
10073
3338
5769
7448
5894
10703
11064
2561
12339
5707
12175
11200
11786
9419
12146
5785
8903
936
9321
1744
182
13120
9296
1507
187
8128
8319
9269
7021
7511
11805
12398
5689
2077
12489
8021
6465
3960
11490
11124
6426
6104
104
4239
3773
8329
10335
7522
6309
3290
7972
5519
4760
581
7039
7746
11314
12362
4207
8045
2181
6222
10018
7519
10373
7614
7955
2493
9623
11052
10598
7278
7270
1355
8221
8231
3253
762
9164
4338
8565
906
5438
1590
12597
8986
9147
395
3981
5460
7727
4103
12627
5459
9666
13107
6246
243
7930
2954
3711
1821
3473
8509
1649
13351
11001
4275
11832
6277
7572
2930
6312
2259
4519
7633
886
11537
7215
6840
7546
11997
6372
4454
664
9964
7918
2152
4850
11632
11765
4794
6782
8015
13013
3440
8580
12793
5429
11875
2609
894
4414
4244
5104
10705
7723
5639
13157
11218
11740
12171
10978
4566
7932
11250
2040
5316
8932
13256
2447
916
12515
9438
2376
12354
1203
1969
6444
6058
5011
12285
1735
3315
1809
2221
2494
2087
11967
26
4213
9495
7046
5362
11041
9842
7436
9462
1878
8087
3150
13216
12241
10711
4432
3025
7525
6249
9965
2249
10275
7269
3937
344
1879
1415
1849
4084
5394
1822
3164
1497
7867
10514
11870
7079
2492
4809
8486
5083
9261
6462
7695
4584
4551
5461
11008
8959
12109
3745
5542
7089
10074
8825
2553
4358
12853
3334
11246
4631
5594
12355
1530
9474
6960
13235
13236
8222
3444
4645
2206
41
12232
4447
9806
4654
2255
8918
6858
12636
9818
9535
390
12309
6573
4301
9159
4553
1250
10903
5341
2023
6583
8890
3153
6315
10446
11752
5439
3474
7854
1486
2252
10203
1921
3758
11977
10201
1755
5448
11960
6175
1311
11328
1762
7835
5613
9621
3250
7005
10990
8473
2655
13218
2797
4048
7122
3224
12981
1585
12783
1363
3472
2092
13283
7246
653
10419
12610
8573
3786
4374
4009
3449
3661
7861
12092
4633
87
1852
5374
11811
4978
7124
8454
6389
2147
3876
10756
12815
10902
46
4971
12645
9908
6518
10680
2650
13083
8560
5001
11530
5251
10308
3312
477
253
9416
4624
2400
2597
11267
2508
4258
12465
7652
3929
4856
5499
729
10527
1631
11174
9022
6485
2531
12269
1403
2354
8691
4305
5936
8348
8446
6397
2223
4232
3797
5431
11974
6587
6306
1632
2172
4124
11522
2852
4840
968
472
9008
5367
4704
5925
3706
11178
1553
11278
2840
13004
8104
9492
4508
9352
6958
1843
10547
12459
12651
9616
8216
1803
1409
647
4873
7444
6144
6502
543
2057
1265
56
7945
13167
2076
9140
1656
2287
5505
6898
1957
11797
7944
6101
9358
9785
11045
9394
11060
6670
10757
10262
1091
812
5040
9632
8911
2072
3463
5694
9306
6274
2265
1401
10859
12112
12245
12840
10761
4129
6673
5612
10787
9559
5984
1306
11509
4119
12900
1353
5224
4077
9993
9968
2629
9933
12919
522
6835
2938
7165
12378
11558
10417
3433
13134
5545
8014
11099
10273
443
3527
5199
3848
3670
5288
6913
9823
4958
5078
6436
10936
12258
4874
7683
5576
12646
9175
7547
3221
1628
8219
1953
5185
8264
1733
100
3986
9381
8594
1947
10314
1481
5253
1728
4170
3346
1139
6380
4342
6328
4307
5225
4970
12439
4403
4323
13190
7602
6433
10716
4882
10464
7156
10255
4008
649
8675
7492
5115
9519
12202
13207
2403
3210
2833
4065
530
12168
959
5874
2070
4685
6625
885
11848
8689
9410
4488
11771
918
4460
10239
4960
4766
1960
3306
3425
6358
12445
11589
7090
5213
6050
6515
5189
1853
3939
2133
7108
2581
1352
7113
785
7598
11135
10372
1954
396
1660
1758
10744
9447
9050
11678
2050
5665
1761
11964
6336
1330
4797
8948
4017
5082
12290
435
6560
9426
3913
9215
10283
10340
8757
3722
9036
784
227
8341
9338
5661
4928
4494
1004
12952
4722
12330
5540
12444
12667
3769
12947
9023
1668
6921
2769
10008
8057
3970
3528
4552
9413
11946
5853
4884
10289
10743
388
5405
7174
1534
3354
10993
12030
977
1760
4457
5492
2081
6481
5095
11628
4892
13269
6363
8551
10710
12206
9641
5485
284
9772
8892
3216
3916
9685
8888
12822
2134
5417
9894
7877
4980
10603
4773
11804
278
7883
3151
1210
2194
2516
8595
5756
12945
9613
10317
9344
8287
10650
1452
213
12027
12962
13178
8869
10397
4050
12641
6194
7065
10376
3173
1589
11476
7141
12642
5761
2256
11443
6643
13114
1926
1335
13073
3482
214
4628
6206
12471
1116
5339
7713
2083
5308
2164
3551
599
1147
8896
2091
1621
10943
6242
7377
5648
12598
10878
10013
2460
3580
6013
2867
6341
3191
10441
11891
11262
6009
3371
4097
713
132
8787
7540
3952
6641
6953
7696
12734
270
8722
955
8546
11224
3854
9645
1410
3534
4107
11053
4325
10821
1443
9605
2843
3018
4466
10880
11082
13379
1168
6906
3094
724
2790
13055
2692
2004
5110
8393
2048
7312
9478
2908
8564
7735
9929
10589
6916
2672
5917
12176
381
5636
4261
5565
9404
513
2496
5155
7032
6067
4431
6349
4691
525
2263
10137
13213
9809
10769
13096
10171
1423
12818
12796
9234
13057
1195
5149
10309
3926
2407
665
112
3262
5549
12764
12934
2712
5842
4790
11119
11654
3781
6286
4141
3385
5677
2129
2592
10496
9794
7820
7335
12682
10185
631
3938
11034
9446
4417
2415
11934
11316
5023
8891
7777
11850
5993
2309
13104
5133
8834
303
6492
7070
12185
4903
7203
9748
3217
3321
11431
3024
2990
13324
10679
12906
7100
12364
7077
13232
7651
4581
12068
1903
9067
12779
11500
11088
8061
12125
2254
365
3629
1002
487
745
908
10677
1159
10510
3671
5978
2211
9584
7389
3387
10434
4580
3674
12070
12652
8386
12295
122
2035
9407
4986
2115
12186
9489
6982
10624
10147
7251
12531
12773
12287
8846
1933
8305
12231
2890
4000
3517
6427
6861
4949
10299
1292
4621
12305
5192
4138
5409
1240
607
5032
5731
10056
879
75
3727
1399
10986
4160
10413
8055
4796
541
1405
9015
12119
6567
9694
12839
1687
3615
7855
11421
2294
3750
12291
3576
8398
7101
728
10420
7610
4075
981
8934
2488
6165
5776
12460
1258
2321
200
1506
1565
11699
6188
3023
13137
2988
2366
6942
565
8523
1963
10343
503
2884
2620
9467
4810
207
6170
3458
5882
1212
11777
8191
8735
321
5987
4105
11917
8111
2065
8269
10825
9471
111
419
5294
50
7779
5175
1739
12325
4668
4852
3904
10002
10472
4572
8343
4705
3506
4707
13304
1880
4714
10426
5037
3239
8304
12519
159
6147
11747
3972
11222
9631
10230
11243
8139
3633
986
3613
5593
12170
13337
11688
8953
8452
4576
10786
1085
6254
8617
11338
7438
9799
9251
12110
13212
5975
6532
8634
10388
754
5047
3679
12817
6733
7981
4002
8150
7054
2906
9924
1049
434
3012
6287
3288
12557
5452
3268
7697
8448
8067
6832
708
1307
11142
8649
4546
4872
1661
13162
6951
5097
1416
5885
11341
3594
13359
11252
13226
1320
11819
10605
3379
6929
5502
5679
6362
3185
2996
7210
13030
7898
8011
2584
2998
9942
4684
12002
7860
4281
6430
7634
7594
9629
3188
2522
9765
6599
8407
9916
7133
11507
2552
6849
12100
9055
7806
242
6383
10795
9132
8827
2788
1663
8424
12042
8494
6316
6698
1872
11391
2682
10735
12634
10829
348
2879
12671
9382
2676
4909
11067
5234
7988
9168
4047
8408
8596
5831
4127
741
6258
9328
8673
6083
68
8619
6200
7429
11962
1742
11842
7221
10560
9493
3222
10942
2240
7548
6199
3818
2765
2199
8853
2680
1209
5914
10390
9331
904
1213
5529
1667
5450
3272
8591
5859
2809
5395
3176
794
11647
4154
11347
9980
10167
11591
5880
1940
5783
1295
10358
6473
7081
12005
9768
13090
7627
1997
4950
13279
13035
305
7606
5848
11561
10271
5036
11366
11277
3479
4498
10561
12387
12461
2088
9415
1636
3236
2600
7381
10017
9166
12421
4262
9497
2513
3561
12122
12298
12041
12832
12607
5079
4982
11023
6665
9507
9354
3873
5218
912
11833
4745
10315
11942
1398
4991
1103
60
4493
7593
12727
3156
6066
12473
873
5309
2535
4506
12864
4838
11624
12218
8547
2445
7922
9867
10965
3382
3785
8603
10078
3480
8647
5645
9146
6648
4489
2891
1230
5685
10714
6728
4649
10973
4503
8608
6320
9992
2978
12031
1563
1737
13242
511
10097
6900
9512
7237
8240
9384
5249
9587
11851
4670
11948
8499
1378
6932
5939
3992
1847
1
5121
9811
4728
9002
11035
1016
4283
6920
2428
5467
7194
7369
11449
8423
10770
10685
4919
10120
12763
8358
10939
1864
7552
8151
8624
5484
6351
11340
6243
5819
7293
9825
6784
4875
10805
7167
467
10783
6766
6902
0
11692
4331
10868
10288
5547
12021
1440
12252
11002
4531
3667
10325
1009
3192
3238
13361
743
11368
7059
8375
12523
7130
8684
4059
715
5076
1104
2295
615
4191
12090
2964
5423
10129
598
3118
10955
4600
7801
1671
10846
5952
10257
447
8794
9841
1581
4784
8972
7311
2169
617
3965
11846
6940
6225
12136
5397
13193
7026
9541
11199
6949
4953
3280
4746
4182
9303
11693
12668
3122
4801
12849
1351
10578
6295
1302
1119
9012
12251
10508
12449
8982
2734
8113
11735
6487
3957
7804
2871
6214
7768
4271
3642
8462
10462
8225
8831
5064
7612
1721
8532
4469
9974
13067
3190
13099
9729
8792
12394
2325
932
9517
8506
8883
7775
675
8117
1929
6880
938
13135
9286
2517
6950
4860
5329
11240
7453
608
4586
3208
5366
7554
6132
933
4836
1874
8952
736
353
685
2711
11837
3529
5296
9953
8243
9289
9221
5436
1788
12261
5887
9033
2207
5782
11763
7514
8249
4309
6145
2783
8099
3799
10067
4700
3646
11956
5157
3093
3052
5996
6801
3112
1231
7336
12570
8019
6525
3242
1323
325
6802
2473
9791
896
7685
12932
9796
8401
9371
7879
8746
4030
11726
1233
5449
3570
4661
3859
11011
3129
3446
7896
7926
1332
8550
4070
4229
760
6638
7127
4416
8721
11552
13363
3796
9650
7472
2556
987
1759
2926
5081
10007
8052
3704
2876
8232
9468
8214
1698
10237
7144
8769
5080
4886
12040
9347
12474
9761
6198
9669
6452
10623
7749
6267
5972
7721
12087
10152
9277
12790
11881
1480
5825
5940
13231
8779
795
13222
1344
681
10994
13356
3808
10981
9186
4811
5888
1312
6461
7027
7161
7607
2805
12165
2269
3881
369
901
8321
12648
3815
2501
1624
10
10341
5370
1777
10555
7560
9198
3820
10916
6613
11698
4803
3959
2605
185
747
7599
10357
323
2983
5455
12506
1647
1155
8870
512
10708
6302
7939
10168
3852
150
8584
3765
11227
8318
5727
4976
942
9360
2341
8160
9213
10006
5691
13007
1842
2953
7993
10863
1851
539
11365
9097
6012
7006
2020
8962
12549
4304
1095
5905
3917
12995
2034
4223
4849
7715
6823
1713
1418
4230
7195
10733
11812
7671
8803
11796
485
6824
3787
13158
3422
6995
9401
8839
2866
4006
8789
4007
657
9350
12666
7118
7819
6778
2385
11245
5264
11094
9869
12964
10450
13348
12099
13377
6282
10219
11841
9949
3635
12352
11713
6103
11511
5513
2069
7588
3554
2569
2499
753
12273
13302
3048
4516
3004
490
577
10785
5946
7818
5348
9544
1313
12650
6157
8073
566
6038
6713
5618
8285
7447
3915
2758
96
1069
4251
10647
7556
6569
6366
5035
4763
288
12331
8726
7098
1083
11706
12414
5791
62
1206
2281
5901
3730
4616
9135
1712
3310
12847
5014
5209
10190
7613
5521
8556
5096
10892
11827
261
6099
11172
13124
7886
1169
2284
2910
4245
6881
9566
9240
8402
849
6065
1228
717
11122
11920
2293
8179
9282
9755
5382
12831
7008
2315
11545
11779
1898
3063
5165
4080
11327
394
11215
4667
8406
4368
2141
3932
4201
7084
2470
314
9589
3974
5002
6400
2913
946
12838
2904
691
8428
6300
3770
3768
6968
11900
11925
9195
105
10870
4206
5902
11907
9599
9834
8921
10967
8029
3933
3257
11586
6964
12411
11599
3377
4319
8958
9229
13357
5646
6714
3583
5162
12484
8762
426
7873
1938
9274
11192
7384
6720
3360
3092
4226
13365
2054
10664
8155
73
7383
7189
12511
3513
3694
12977
8973
3606
1917
2485
8527
241
2880
6862
6024
38
6692
3710
9268
4837
11331
1895
6025
5722
9441
9109
3042
1459
3286
6261
6977
3069
969
3
9224
9212
1763
10196
3595
2414
1568
9609
6510
5780
12064
11015
12860
4074
10181
13111
5787
11869
7970
4279
13315
11739
4902
12468
2012
4835
6727
9852
8096
463
1151
8271
6620
9027
9591
7887
535
10715
11529
1424
455
8979
6082
13273
4706
965
8202
5662
1339
3260
1455
10408
9431
2885
1402
6642
6370
3703
11006
6894
11159
10336
10310
5102
10338
310
2011
5557
2518
8807
4337
4583
12014
371
10213
7062
9004
6149
6550
11703
7076
1641
5630
6133
891
12086
9879
11373
4300
1239
3124
12236
438
2697
669
5628
12592
1570
6241
8636
8916
2389
8373
12728
11725
5898
6230
2096
7748
11302
807
8781
10963
12897
9457
9994
3872
3717
9082
7408
2567
7475
9531
4743
9853
10364
5556
1571
6731
4861
4545
11663
12428
6524
10608
9642
10375
5738
11606
8563
9739
3538
6931
680
12242
11874
7449
4135
5717
9688
8149
9610
7469
5837
12702
8207
5283
1515
2714
10355
12898
12256
12791
12071
346
3605
8667
12283
9810
7938
4272
2631
11525
3900
6373
2098
10460
8018
2110
12545
8412
924
6110
292
2857
8804
731
3478
8837
2333
8909
12356
5861
7267
6764
5214
3630
8644
7974
12518
1844
276
11105
10259
12093
9078
1962
4688
8256
1956
11580
6248
7666
8949
12358
4622
9670
6226
13296
6365
5030
4776
4732
12584
1689
5258
3167
11649
11629
5027
6265
10572
1381
13262
4291
493
12191
10026
4858
9058
3850
1015
12201
4390
10053
1027
8076
6551
2975
5912
9697
1981
489
4893
2188
5847
11420
4087
2419
4913
3000
1786
3284
3949
10808
2378
12785
3003
5844
9455
1177
12703
8705
5055
10182
39
6409
4778
9618
11209
2723
1140
4196
5430
2611
4713
3329
5631
7662
4349
10512
358
3328
8995
3368
6937
11637
7966
748
1021
411
9961
10100
1244
5584
9557
10893
6037
7902
10837
4575
2677
9099
967
4086
742
4109
9856
6729
6056
5702
9206
2202
12999
4614
10582
12762
5781
5893
12438
5398
7476
6006
2566
8904
1642
360
7681
13343
5169
1572
11412
2639
6326
8042
6777
11145
8228
1714
7350
7111
10332
12730
4822
11965
6653
13251
11467
2120
7826
441
5354
866
2159
12753
6501
11396
502
9260
6280
2009
2512
5195
913
12637
6288
6180
3486
141
5813
9699
5469
6947
9792
2785
10024
8829
1158
9773
4537
10925
11169
12413
12462
5968
10130
176
7828
9935
12544
256
12194
10395
12726
8579
4078
367
9454
1537
4371
10626
10200
2487
5379
1156
7214
13118
618
2117
6923
6946
7507
1679
777
10985
12863
3002
6113
12060
2369
3362
5441
7074
10297
11050
3195
11242
4101
13148
9119
11039
12984
319
6933
993
7263
1248
2282
4406
12939
10771
1677
5808
1753
12872
9071
5181
4530
13294
13079
3887
858
12274
10732
2080
10304
7139
9725
12521
9707
25
6141
6682
11933
9784
13133
3962
592
9746
3522
40
4588
492
12700
13112
8780
10722
11679
11284
10206
2813
4618
8582
8862
12380
11521
1388
2286
10909
3866
4179
9861
6884
2424
3966
7767
1469
5514
9142
5609
6354
1161
780
7618
1985
11815
2776
7404
8768
403
6647
4957
4413
1308
10865
9482
5956
3980
10124
5564
4353
6469
11488
2941
7035
4744
4499
7183
10999
12004
868
2899
11204
11110
6780
10233
534
7119
6153
6268
10627
5625
8567
7840
10519
6652
1222
13254
3514
4043
86
3300
4299
8936
6797
13280
11922
2288
7985
2640
11207
9797
1061
5857
2756
1823
12729
3419
10911
629
10854
29
6041
3194
11877
890
6514
12603
1885
2957
5723
6092
11444
12896
10746
2071
4463
4863
11898
5518
12580
7534
7366
9141
7853
5991
11333
4183
5067
8761
10172
5849
7314
2538
4034
2877
3199
7391
5179
8534
11260
7716
12630
9675
4768
3999
11225
3573
5908
5091
12327
12272
10992
3445
5302
10853
9383
11147
670
12583
11783
7692
3406
752
8022
7669
11083
8799
6534
3685
12704
9450
9680
7942
10231
4348
6347
2168
6270
8058
779
1650
8669
7591
5561
11415
792
12677
12927
10379
4535
11484
1746
5889
10285
281
6031
8170
6356
12353
1063
5548
6106
975
11799
7342
9464
1752
5687
8773
13255
11098
8072
4396
12286
2782
13103
1603
3302
1241
1723
8296
10778
11633
5959
5235
123
11247
6918
6571
2156
5292
11944
7880
1684
5626
9581
11675
11182
6091
3258
6955
6097
8339
3345
8351
7895
7986
3505
2504
4682
4673
11305
11749
10291
6260
424
12140
10468
2994
1005
5073
2319
11758
5273
3036
5588
1820
9516
2505
9456
6630
7894
10839
5660
11849
4345
5657
11298
1011
235
7025
11024
5919
9196
5295
6893
12628
7773
3579
13244
8085
13059
9064
7550
2625
3810
8474
1521
716
8071
7364
4330
2024
1219
7954
9449
6860
8008
7232
3783
7094
782
9375
4963
800
1278
6621
6405
7940
6506
10962
9528
7097
3651
2665
2836
351
2864
10721
5447
4121
11893
221
11508
13303
13170
3264
4915
1989
8627
856
6247
9349
12538
1539
11283
5471
237
1703
6829
3450
11375
5211
3763
7096
6744
9840
1243
12135
11374
7049
8977
5789
2967
6034
4604
2328
2737
7903
2250
12914
6369
340
11066
5359
9906
11921
3117
10961
3121
8495
2437
4150
12827
7
1111
483
11137
1254
2586
2743
6608
1678
9092
10365
4939
1573
13341
4288
3072
4118
2999
12811
4679
1654
7996
7458
656
7836
12836
11080
5758
7200
8110
2616
10996
11843
11571
327
13274
3496
3761
7824
11106
12662
5963
7815
3292
135
13234
3819
12828
5897
3623
12152
12924
10071
7965
3847
13285
13366
3154
11342
5841
2589
1120
8466
2251
9390
2725
11234
9385
9717
961
9638
12348
705
13267
12972
5710
3114
373
8396
11610
3659
5797
5306
614
7659
10838
3682
7882
5360
637
7143
9603
2150
3416
3868
5075
2971
3332
5276
586
3119
11510
9093
5995
7847
2989
13368
5872
2804
7495
3045
12951
11422
10740
6018
11290
326
2285
10701
8833
5867
359
11773
11010
9712
10154
815
3591
1072
7352
3193
12189
9355
10518
10696
3443
4523
6848
4320
10968
12011
633
1030
8708
6171
861
12563
13370
1519
8905
6330
155
7224
10676
10896
12685
4726
2564
231
9838
2324
4869
4643
9683
6345
8971
2981
13088
5752
12877
12382
408
7258
12049
3428
1342
7474
7173
7577
7676
3068
7971
3668
6085
3851
5204
9871
8306
5299
6259
12072
3407
1346
7014
1500
13223
12884
1861
13156
12958
1310
8247
3241
12075
5415
10463
10298
3245
10668
12561
4947
12226
301
4638
11542
7483
2652
1785
504
7510
4313
7786
3804
189
1298
6716
3234
32
3143
5010
10005
10455
12312
10546
1993
7793
11781
4639
10856
3409
11355
4140
12975
3593
790
3184
1487
12240
13000
11518
11905
7001
9580
5393
9851
6063
1757
8600
5708
6051
2268
6264
10998
12801
9173
5041
8981
286
6952
7792
10210
9034
8175
145
259
8988
2230
10470
5921
12123
12993
11160
11658
22
4377
1838
694
2810
10754
628
4022
7672
4003
5614
12147
2235
7504
2001
827
8265
2666
6719
11166
11206
1074
10574
5916
5737
5607
7829
5069
10741
5132
1060
4267
2329
7741
9298
147
12154
9719
12443
1305
11939
6963
10579
64
12522
8601
8507
9835
10604
1904
6843
7585
5512
3830
7582
10436
12476
4715
11157
246
1745
12819
2049
2417
9348
10683
11527
12786
572
10305
11054
5642
5488
1208
9499
11834
10440
8729
267
3043
3399
5771
2468
8303
8132
7486
3289
6398
7455
2937
9011
7071
2803
7753
13109
10980
898
212
2502
178
1073
2196
3976
5317
7809
3339
3408
1088
4481
10781
3243
10517
12481
10135
8797
13150
12457
295
12432
9698
6732
2266
13358
10216
9343
6656
10327
12624
12725
3021
8330
4298
6837
8114
4644
11460
10328
11733
8561
11640
6193
1107
12299
11989
10793
7109
10881
4428
10089
7998
3947
4641
7110
8810
4419
2815
5741
160
1176
11100
10790
6866
10051
8806
2030
10931
11515
9245
6859
7859
7360
3541
2634
6167
5322
3637
3102
2108
10062
9484
11517
6624
937
9998
8238
11950
412
12292
2858
8119
9676
7028
6895
67
2939
1542
7772
11229
12588
8196
4383
8234
5472
9954
4880
10635
2361
11845
12530
2942
9498
13136
5385
6768
6914
11231
6671
10640
11915
9219
1923
9054
11856
12803
7967
9561
5059
3318
7807
10274
2619
9895
1397
10953
6979
1995
12447
4128
8068
4694
3676
546
322
10812
7151
6466
5017
8130
7521
11336
2471
9977
3978
10155
9649
12074
42
11344
7785
8914
9928
9007
10116
8719
8514
5579
3784
3843
8753
12054
1754
5298
1596
8284
9253
2363
10820
3650
10158
2423
294
11504
1774
12174
813
5734
11661
523
2757
10243
8134
9388
3089
10534
6007
12661
5413
2195
4131
7810
9408
11244
3813
2166
9409
4378
8422
8908
2113
10296
10575
3189
3230
8493
6429
4851
11878
10144
3058
2379
10072
2472
8605
10329
9386
12517
5345
8701
3891
7275
6162
2185
12007
6299
8697
12410
767
13038
3504
5876
8540
3097
6017
9862
9125
701
8168
4020
8070
4336
2375
6781
10552
2243
2962
9860
2792
13080
4793
3990
10857
10404
8585
12280
10456
11822
1096
10059
11249
6239
2427
9130
3571
7206
165
8612
1939
3897
10923
2388
4901
8501
1524
5942
1854
1129
5205
7983
1805
13
8593
6371
12814
9982
6521
10330
3817
5986
3327
12504
2160
8106
726
1354
2271
7936
13077
10597
12707
6761
8756
1249
11787
11791
125
3964
11268
10653
567
10974
10031
7803
6334
3204
3249
2883
12494
684
11916
11886
6497
8075
5226
7091
2314
1766
4918
10513
6177
4879
5684
4364
6057
8441
2151
7745
5113
6477
5483
10359
9709
11762
10252
12377
9863
11235
12516
8939
4302
5418
8912
4527
11446
12508
2922
9733
11908
2351
9237
10495
11668
1932
7911
12736
475
10205
5473
6122
5869
5569
1135
7730
11702
5232
2451
12048
9247
10630
11498
2008
8919
5966
6283
157
3485
2103
3748
7647
12001
4311
13367
4122
4568
1473
7757
2205
10093
1454
1193
1968
10823
12576
6945
5706
1432
296
4647
7700
6742
3090
9222
9833
12006
2729
846
9243
7063
7623
816
6819
7146
3889
3261
8885
8161
688
5025
10080
1465
5116
7294
11996
9817
11721
8817
10689
12284
9720
11825
4442
1522
6943
2923
5112
877
5892
1691
6324
7536
6788
2774
6828
12577
9896
1836
1097
11324
12184
2443
7890
4579
9113
49
7266
6016
9978
5259
1204
1974
769
320
6622
8345
640
8812
6581
7370
4635
5466
328
5757
4202
8438
6915
3953
13164
10564
10175
11618
1528
3477
3263
2355
3588
6590
4569
3991
12992
12829
11562
2448
12365
9901
6800
7863
2583
2925
10220
9208
3931
4458
5432
5191
7620
10600
9608
6649
2588
11468
4091
2846
915
109
3652
1682
11097
3946
2323
12234
10119
36
12383
10563
973
272
2059
12078
362
11185
4686
848
8120
1516
569
5909
5817
9258
378
8390
13373
2179
6338
1549
6711
2347
3907
3825
1086
1152
1282
3520
3575
2209
9731
4423
556
283
9046
9560
6973
786
3123
3158
9270
11315
11991
413
7774
3982
10759
3488
7316
197
7564
9284
13199
2943
13328
9636
3862
7991
9813
12676
6928
9562
3163
10717
6770
1042
11785
6036
2604
4468
9900
4321
2992
13042
3274
10933
2587
5522
7693
8415
12772
5836
2044
8740
3374
7301
2220
763
6595
12629
10718
7481
13228
10801
2816
8840
4076
5020
4456
1697
3989
4363
6899
738
6496
7920
5568
402
10162
10699
12804
4895
9160
5767
13064
4610
8533
9556
2503
5705
2931
6975
7866
4346
2892
13374
2751
93
13230
9586
10836
12957
10354
10057
2241
374
10023
6816
11952
9001
7856
11216
5541
11129
12297
13336
6623
55
9614
3954
3663
2033
4630
1054
2993
7750
12332
4491
7848
4737
7254
3995
13132
5979
377
12901
9290
1062
6455
11894
1608
2430
7667
4110
10484
6301
8954
8431
2762
9179
3343
10480
3059
3344
2717
7906
1494
4370
6878
11643
3632
6663
8915
834
6140
1407
7664
12731
10690
4247
10731
5049
2184
10811
404
3100
4039
3721
1162
3511
9606
6399
11983
1855
1894
13084
7874
12741
5271
11646
10146
6672
11634
9780
233
5688
9880
1336
10809
4740
2064
4896
7020
2670
5870
7257
12151
13008
2571
3540
8040
10127
5821
13354
6686
9839
3827
4611
2914
2851
10090
12724
11021
1224
9228
10524
9154
9736
9244
11895
2842
12608
10639
4574
11044
6121
3237
9872
1257
6284
12618
12117
11175
12219
491
6577
1007
2006
10907
4241
8861
9985
9920
10082
5915
6069
672
3279
12746
1601
5156
2687
4542
7187
11450
11858
7029
3051
7912
7789
11084
9485
119
6311
10526
13032
12416
5951
4117
9700
2074
10503
1767
1227
7956
422
10631
11409
9029
1137
8607
456
6079
545
8356
9991
7624
2079
10798
2881
11325
5301
10228
9152
515
6423
9816
9740
6422
940
10061
12374
6751
5980
7640
8951
5152
13050
4780
6978
4381
10260
6632
1924
4940
6322
2845
3807
2178
6073
9279
12271
6416
3080
11711
6244
4222
3456
9177
8236
8188
11354
6508
9787
5772
11429
10646
2909
11666
7814
5763
2915
9520
9888
7380
12566
10562
5167
8417
7987
5619
8142
3233
11258
6779
838
12363
4072
12660
7626
3696
11686
4632
1039
2911
3762
9573
11103
392
7399
851
6708
8822
10789
10775
3138
1125
9281
11
453
9304
1562
1382
7286
5765
1020
11742
13258
11187
5805
5368
3855
11292
9715
11988
6889
3811
8813
1242
13275
9702
2446
1157
5215
3681
6335
4189
9200
9950
10270
5257
5762
2234
11774
2344
9218
5911
1653
7353
8204
13239
1192
9858
2058
8245
8863
9323
9967
11299
4625
5784
602
980
12509
12892
3690
11540
11790
1028
2155
3495
7661
11377
1732
966
8541
10042
5653
4993
3483
3941
8964
13330
3839
10511
13168
722
2663
7694
2801
2511
3535
12150
24
11547
3547
12766
8709
10557
4392
6043
947
11705
4180
2563
11574
9926
1707
12342
11836
4227
297
9722
7357
10393
11255
6076
10211
471
3008
5580
7784
4961
7234
4935
6844
7703
11134
5823
8748
2872
7385
12463
1736
4642
1575
10736
9648
10412
6650
7742
550
8436
1525
9563
9098
2170
4759
3081
5266
7567
4426
4162
818
12281
10803
13229
2870
10113
4014
7914
12361
8517
1462
5342
12360
6276
6989
5378
4242
8969
7670
2691
9072
2002
10281
9094
12980
9931
9918
11061
5969
11714
7291
3742
6278
8512
5457
5740
11549
13036
13076
12009
5927
1245
2578
12335
11201
9330
12182
6146
5770
7303
8900
5812
2200
919
4439
10224
3620
12792
2545
5245
10014
10256
11704
9703
8633
8843
8826
3212
580
3898
2085
8165
7414
905
707
11275
13128
9890
6687
970
8783
9937
12029
8648
8255
4698
11584
1483
8062
2276
74
5985
20
8871
6730
12663
2257
13266
7589
12153
10183
7093
11093
1438
2384
11018
6745
1640
11263
3168
9487
5624
6703
8455
957
5862
7823
11926
6578
4889
5674
11417
4646
10926
7287
12346
1338
12679
5566
10886
8743
285
10596
5668
9577
3644
2838
8625
7159
10385
2289
9582
10425
10198
7415
9938
5716
4727
9716
11970
5854
10095
10681
3558
4733
1444
9726
8770
9558
9983
6070
659
11071
3542
4582
2322
5964
13102
7990
1037
113
720
6219
190
10648
8670
12268
9966
3737
5371
13318
3372
13321
8544
5352
6035
6407
4178
10528
12826
10409
9619
3611
5698
5419
11503
9174
4399
3497
2944
13012
1531
8926
92
5012
5462
9647
3227
3590
7899
11004
5369
8122
11320
902
573
6327
8230
2039
3627
4095
10334
2045
1289
1976
11532
3147
4450
3057
5570
1153
1170
4937
2653
10849
386
1167
5553
7690
10226
4146
7019
12879
5510
11359
4627
9881
13115
6700
2963
1804
6850
12
5125
7129
3454
1702
4823
7337
12345
3437
4820
8187
12862
4335
12131
279
1496
2602
749
3413
12061
8832
4310
3183
3844
199
306
4332
10060
7045
8286
12020
8425
12889
4922
690
857
5148
1725
13129
5278
8391
5663
12653
639
11604
8372
218
3882
10904
8695
5615
1474
4513
5777
5375
8190
4615
3746
5331
13346
8381
12144
7682
532
6934
6734
5086
985
10313
9511
287
9975
4308
6308
12871
11150
8732
8377
1050
7964
4462
2656
5186
11197
117
5509
3649
8056
9018
8384
4742
5523
8699
8145
11063
4486
9769
9571
10707
1961
6105
893
1719
7338
1036
9626
5198
1578
7055
2067
7842
9332
2484
4430
3434
11764
12754
1188
7968
2198
6463
12141
10482
8515
3335
4382
2594
13291
1166
9178
7317
13215
4257
1309
3572
3726
7416
5800
2208
10263
12368
11578
9361
12553
12539
12391
2026
10467
8944
8943
11935
1256
6443
3246
7751
8997
8107
5697
12213
8180
7508
3116
11743
8975
788
5930
772
4402
12193
2768
3200
12756
12499
11924
8651
3256
7426
2053
7170
9149
10621
8937
6353
11214
10960
6811
3700
9131
9836
4294
1202
2693
10452
6367
10642
13205
8153
10020
5574
11593
10036
10669
15
10567
4699
1550
11161
11971
4916
9955
1275
6011
4905
10713
3550
11351
8502
8199
11512
12870
8713
5904
5603
4029
1435
11995
7791
12442
5109
564
11696
2582
2839
2264
2894
7233
1599
1286
8720
13106
12121
1588
2506
10779
6705
5119
8368
6765
5934
6808
6507
12693
1502
6228
12488
1000
6001
8754
850
1038
1958
11998
4657
6957
11961
2780
2317
110
8849
10905
1869
1514
7888
8581
5749
497
7566
1594
4653
2476
1053
12856
11115
7943
9334
43
12878
10366
3968
13252
181
11289
9686
4595
6078
8865
6637
6877
7841
5093
4351
6523
11027
12800
9506
4650
1032
4360
8851
703
10643
6807
9088
8469
13131
6217
2399
5207
781
6833
7068
8273
6825
658
7579
4130
8570
11036
8555
10813
5724
7177
8171
10350
11809
13181
8220
6763
5103
6216
9433
12085
1520
12177
11211
8291
3857
6579
12599
4429
10280
216
12614
7386
12670
7457
3079
7629
10236
4975
9324
7997
5704
11652
12890
146
5440
2917
12830
10726
6459
7439
3142
1253
11017
13161
10819
826
6754
5515
12317
7239
5793
3563
172
12434
5516
2905
6023
1637
6853
3924
5350
6591
9602
2307
8857
7915
12548
9524
8886
4132
10502
11483
6081
8435
4663
10238
10344
9318
1375
2898
12820
1808
4999
3135
1360
1235
10179
7569
3838
4548
10164
13003
3015
4697
9672
13172
3771
2599
4422
11198
13165
6381
604
10702
3053
3638
7403
2116
10039
9020
7395
11265
2550
6033
5396
8359
2764
12160
10165
3113
1627
12683
1109
5732
3386
9488
7919
7580
7500
255
3592
4027
10806
606
10475
9830
12058
7300
7142
3741
9038
8704
6111
1234
7013
3336
10421
5807
4936
3697
385
12142
1087
6908
12209
8252
8641
11154
11657
8157
7454
7398
2831
12875
9864
12367
7080
5664
2242
6317
195
4139
5748
3471
11272
90
8562
6059
10556
619
872
10209
2436
4287
570
3269
10381
11689
9932
686
5241
1533
5962
6179
12102
2716
7466
1413
11478
13123
1421
7584
2778
3614
7440
6293
6664
6499
4318
593
12988
6559
5616
10845
6974
3892
10891
4071
10324
5274
9805
7104
12513
6467
8696
547
11414
7197
331
4577
11096
5327
10022
2182
12565
2547
11364
3026
2434
12745
10929
1024
8961
7396
2099
1512
12595
5161
17
1288
5551
4163
616
144
10265
4496
1865
3756
12126
482
7506
12659
3618
7881
11454
11095
6812
4637
10430
6136
10593
6592
10678
3369
7497
5043
13177
3715
1674
11452
7542
2968
2825
10438
10142
3060
5621
10629
5422
10489
1191
9423
8027
10352
9877
9362
4113
7756
7392
9201
5052
8362
4415
10890
6826
6234
225
6448
4564
5713
5743
7176
6377
4473
1304
476
6628
3439
10506
2702
10852
4060
3353
9068
7869
4678
3869
4388
7262
4066
666
2618
13070
3278
10003
4904
1433
13238
6045
8714
8664
11296
1726
4721
5281
10428
8246
4948
13078
4052
12118
11282
1911
5830
9254
12678
1092
12169
9259
2551
1279
7787
13353
11270
12215
1217
11660
12778
8980
339
9922
3516
551
6412
12098
5604
1132
10063
4979
6871
5520
5174
6852
13246
1130
3597
8656
8577
10956
8786
2853
9288
4781
462
4199
1386
11947
7431
10922
5343
5260
2689
6675
8476
5361
5833
11128
8858
7363
9749
8453
5954
7461
3364
10029
5873
9294
11824
2157
8809
13189
5681
6527
12230
10619
9035
9917
1886
11976
10697
4093
7175
9999
3905
5183
5151
4438
8389
6655
12145
674
6478
7387
3490
3686
10656
2705
8043
11885
1373
12891
5410
5100
12386
6431
2773
971
7452
13347
11583
1251
1260
8660
1778
10861
13196
1284
4362
5497
2859
4082
4923
3673
3489
12611
2924
9101
12127
6994
442
3809
1252
1883
7132
5652
6053
10493
9293
3032
3923
909
2863
12616
5535
5358
10760
6071
7590
1952
3418
2791
10195
10431
3566
10590
7549
1017
6434
5863
6490
8083
8127
13345
10161
7645
10850
5649
1672
10088
4607
7361
8706
9514
7136
11186
2766
8566
3645
2695
6762
3240
10232
4286
7131
10542
8976
6905
11630
8000
12769
11369
4112
338
5536
7158
2690
12275
6562
1646
6074
3539
8295
10094
5201
880
9359
11441
10687
12959
11806
12166
183
9463
4391
4985
3585
9353
210
3134
9627
6192
10258
7973
3214
1431
11372
10406
7230
8777
5243
2560
12000
4800
12399
2367
1582
382
8880
575
12774
11212
9090
2382
9973
13040
5085
1579
13259
5024
979
9847
6094
10403
3375
11879
2651
5039
4042
11062
10901
5303
5147
11303
1221
2507
4806
7012
9436
11687
1356
5896
1897
9357
5941
3034
12738
4708
6512
12712
9751
3641
7289
4974
6799
13025
11121
6667
6847
10545
3402
4522
11188
12585
1595
1146
5865
8193
5814
6776
4983
5297
7761
2523
9299
2645
8123
2540
10215
12357
7655
3255
2982
9661
11576
1978
10449
5407
8388
9202
2364
4044
13331
177
8643
11636
2312
11130
7432
10535
11766
9578
3732
9857
9126
7368
6863
1379
843
10276
7273
11184
11814
7865
7037
12192
1223
5846
10804
12922
3906
997
7418
274
11138
2524
3295
3170
8653
8609
1828
1325
7933
3631
625
13320
5403
12665
10087
13020
8320
8488
6602
1789
5798
251
1685
308
5575
8542
6661
11723
11840
11042
11055
30
11293
8121
10374
9049
6939
4243
10110
9735
1264
9432
1875
8543
343
3812
13340
6936
1810
5774
4828
10126
6039
10848
9891
8101
6594
1999
9342
4665
6544
10177
179
883
10515
12937
11281
364
6359
12714
10644
5637
13091
4602
8662
4235
52
773
8363
12821
9225
1055
6790
9414
6892
10321
1790
5006
1873
6609
5883
1389
5938
8974
6695
2669
9723
8642
806
6332
11753
12077
2131
8703
5635
3934
8872
4898
13306
8945
13311
636
175
5128
12894
5829
3657
11394
11880
291
11585
1604
10944
5932
7845
5826
8956
11501
517
9345
11288
6997
7555
8004
7844
2019
2976
13237
9250
7674
1001
7181
2811
5643
11112
1058
696
8124
1970
2062
5018
8873
4782
10064
4361
10043
4634
7247
11481
6456
5145
9795
2176
7858
3532
13208
1529
8796
10383
12458
352
7248
466
11073
9747
10068
6160
2332
5792
11672
10169
6232
8299
3091
10976
1098
7172
10658
4739
7036
8212
13176
1949
11794
5683
2980
4025
3672
917
1800
8031
7663
9659
2292
9572
5835
9911
11788
429
1696
13209
8078
4680
13097
8129
356
2789
7737
1914
277
6639
1634
13010
12404
2377
4954
13159
8965
12220
8631
11269
12043
2203
1813
12073
4056
630
10234
4477
6972
8500
2636
7315
10762
12953
9165
6323
579
4045
3311
6743
12173
10136
8414
10585
1779
6417
2327
5852
2119
3987
12846
11683
4204
3833
11049
12429
10250
1780
1181
12948
5263
12260
3634
6535
1420
7212
6117
943
6645
9594
9045
8409
13186
12695
4843
8966
2970
831
8430
11748
4453
13290
2497
7565
8033
11810
8294
12833
4058
13071
13241
6598
10348
11662
8257
8774
8876
3351
1094
9962
12787
7115
1783
9783
9325
5700
2018
3834
5190
10602
1199
12809
7482
5277
2029
6333
8224
11986
6386
3084
12837
12107
6403
4752
8874
8676
7725
1816
7595
11724
5427
8317
2370
10864
8628
143
4608
184
10401
2799
11217
12711
8195
6002
10361
11274
10075
5324
10550
3751
13307
1644
5392
4478
3791
10691
9693
3692
9951
3141
6003
10684
7268
8102
1832
10727
12799
5130
13138
3867
10663
11761
4482
12214
2972
8215
357
10339
723
11931
6093
10824
12052
10906
11089
7365
3688
11025
2358
3607
4273
761
10538
4479
420
11999
3503
8298
9326
3169
6817
9236
10333
11437
1937
9689
12510
5321
1817
2673
9903
5026
8946
673
8282
12805
2017
13065
3468
2868
9870
4433
11382
6227
9486
5477
6694
9056
791
1150
700
3919
5144
11248
13260
4040
5585
7736
10410
3587
9849
8511
10712
1801
620
11715
5552
5137
3307
2741
9763
11716
2897
1171
10827
11241
6543
8690
5973
2244
2167
12698
7103
8468
855
951
8478
8800
11362
3228
10134
11311
6604
3948
9744
11028
1207
5458
11236
9778
2565
12337
1334
11126
10641
1867
7699
11665
9653
5312
2532
10485
12247
2713
7464
1945
10537
2646
5268
354
13041
10356
7698
7033
4395
11829
8645
3752
254
7480
2795
11754
3950
5958
13332
4984
8983
2253
7825
4933
4219
6659
2095
7040
1367
9300
2469
1220
84
10774
7355
4293
2648
7208
10540
13277
12198
5481
4369
7321
10331
3553
1390
1824
11334
9427
7009
7249
6992
12536
8118
4761
2154
5434
2190
11913
2728
9807
10423
3395
1145
3636
11048
12681
1138
9227
2591
201
6872
11831
4623
8763
1485
8097
3103
5421
10592
2005
3197
7240
6314
5924
11937
10284
798
11466
12390
8569
4764
13219
4539
9633
89
9509
7609
8010
4921
12899
9995
5606
8387
10610
3625
3326
10675
12316
247
7704
9418
845
7953
2580
8693
316
465
5269
7272
452
5599
3609
1451
11179
6139
9181
7875
2821
11019
406
2509
9617
7520
10353
1437
10613
10694
537
13092
2338
12574
2245
10451
2277
8968
5426
5141
9579
12016
2138
12498
5338
4587
4845
6201
10945
11638
124
4521
6313
12632
8464
8923
13081
7428
7675
10693
1131
1468
8244
6822
1101
2949
5739
2374
8182
12560
5695
5860
8143
651
2028
5778
6375
11674
1046
4285
10286
8370
2112
13145
3893
8009
9466
9273
3743
1510
10391
3028
4437
11108
7999
7816
5678
12495
4216
5474
6450
4565
5326
9465
1059
6739
9970
3816
8755
7763
3622
4238
7562
5877
7308
5501
4554
1901
6517
8360
6116
1006
1458
11091
7327
5680
7326
922
302
9403
7169
12581
10533
9336
12396
309
5567
12601
7459
3071
3567
8325
220
711
3319
1180
2013
12453
5184
10910
12113
10822
8877
3492
4444
5193
3994
10178
3005
3384
2784
8739
3731
9411
12235
5468
6565
6418
4890
12625
45
4061
5425
6821
7711
8830
13027
12613
293
5834
10614
11566
3865
69
12569
4507
5654
2109
6657
1690
1811
9534
11433
108
746
4344
5899
1317
8490
12333
2647
2402
3029
3380
9272
9899
11107
6563
8712
9532
1658
4603
6210
7638
1630
4723
6715
12167
7004
6842
2828
9536
12909
6965
10055
2440
6901
13085
521
2290
2822
730
10010
12664
7677
5886
5170
5729
540
12187
13153
6304
2084
5033
13066
9329
1425
12579
3498
1839
1412
9540
510
5320
2720
1587
10964
2912
5054
7561
6482
1136
5139
5554
7348
5200
3619
4955
12784
10959
7496
11919
11191
10405
12221
10301
5676
5315
12749
8380
7714
808
6838
10855
7951
3370
12524
1232
1064
5773
3020
4015
11670
2955
1450
70
11360
7043
12210
3822
5402
11769
3323
3665
2558
1211
11259
3277
10399
7523
4389
10632
1648
12103
8933
6343
2186
8047
3461
5718
7616
8859
6988
988
10294
1680
1535
8206
11056
757
4750
4529
12913
12143
2679
4805
11395
6520
6062
1189
6681
4174
4397
9803
8293
10671
958
151
4096
10442
11818
6903
12097
638
2802
2231
2466
13110
8395
11307
6127
13068
9037
4765
1495
1620
3709
11432
1584
2637
10908
12370
4171
732
3248
3019
5364
12706
65
4671
6697
7499
8211
5357
3749
7798
10295
10012
3206
5709
11474
245
740
488
5335
3085
12197
9256
4410
10577
3333
2431
7961
12065
1984
853
300
6576
1955
810
12776
11538
2718
1802
11392
9804
5839
3599
9192
2455
10520
10889
5999
10312
12067
13154
840
11866
2667
7680
8685
3294
2721
3065
4401
3013
7630
7947
555
2732
6611
1172
10796
7120
7621
10422
5733
10114
3111
6191
8470
1730
516
12813
12062
4126
5766
102
3800
11516
9191
2474
1768
2406
929
568
7712
11403
8023
7125
8048
8960
7532
11957
8522
9005
832
8449
6635
8549
10251
3998
3442
841
7657
4533
7833
1920
1261
7088
9473
6548
3391
9420
9010
2529
12329
13061
3342
1186
8315
11118
7400
7747
12669
7717
1296
11539
11381
1738
9169
11074
10652
4524
12694
8571
10187
11494
4200
6954
2021
10370
10439
7641
3133
9919
383
4816
5573
561
11930
10098
8665
8094
3055
3896
2878
10686
3723
451
7864
4334
2318
3108
2628
423
11868
2148
8620
11592
1271
12507
7038
12606
12045
2661
7015
2275
7583
11193
2421
7541
9523
13184
10066
11472
2641
7064
10587
7003
13293
4841
8487
1299
8538
3515
8867
989
13289
8080
5346
4770
12887
366
10143
11291
4427
6454
6272
10918
7341
2534
3283
1915
1142
2145
6046
7632
2812
11573
554
4926
3337
12982
1639
8657
3821
3680
3457
4274
5595
5755
11954
1259
4409
9275
1106
8444
8816
6089
4669
130
8461
5582
2887
5005
5074
6867
11401
9764
11513
4956
9779
9646
1751
11553
35
11312
8041
6014
1715
4862
11404
7244
10058
1419
12743
12955
9292
11453
9704
7687
13058
13024
6996
1946
3096
10229
8266
12512
47
7515
5050
3955
1472
12023
11400
2480
4675
4292
6178
410
2016
11408
9203
4710
21
5275
524
12983
8081
12647
8251
11482
9664
12907
5955
9678
1174
1505
3363
10969
9171
6588
6846
6142
2510
4341
2224
9075
4073
8259
9185
312
13317
7087
11239
6382
6187
7862
6211
9197
5478
13375
1611
9249
3203
6555
3175
2232
864
2654
6537
10035
27
2520
7105
460
11319
770
1797
12397
5140
2201
3011
8397
217
12873
1396
5796
3780
8200
2350
11458
13069
5944
11356
9545
9265
9990
3698
10104
12590
4692
12915
4786
2296
9537
9713
484
11264
2907
9370
1930
5304
12767
1461
6115
5795
3828
3467
3877
5038
9576
3254
3178
4145
3736
1705
13142
12263
1990
3963
1112
12609
11936
11541
9172
9402
4376
3177
3145
5187
10570
4995
10139
8074
11801
4400
4296
6721
10105
11927
8727
6088
126
3983
764
5464
4677
8418
11427
9271
12575
3305
6984
3481
10290
7166
5336
11020
13100
193
3469
3803
3610
6603
7760
12035
12540
9085
12976
6186
13122
7442
13298
13179
12289
4269
6767
10240
6442
3967
4474
9568
329
9529
10170
10279
982
4996
10092
2633
6098
10970
12323
11065
13095
2052
13166
10479
2965
12081
7042
5048
315
7265
9278
10367
1964
4899
4217
8277
6151
941
6387
5279
10411
10758
1925
13198
4099
5601
2056
7892
9445
10108
1837
7995
2593
6803
10157
13195
5435
11621
13270
5994
11462
12479
3719
1283
4231
1255
5558
13227
8210
3530
3552
10217
12968
7485
11051
13206
3298
5172
7678
9062
11176
10474
2807
10584
8457
5118
2543
5143
6556
10306
9820
2921
9798
2595
4339
13372
1441
4220
2371
2624
8920
7817
1319
7168
11407
12794
1665
11911
9831
8183
1959
54
3447
7123
2952
4900
9518
12885
2047
3427
1467
6883
2500
12393
234
7799
2932
9776
8788
10842
5351
11496
4153
8530
12987
8925
945
1301
13009
8801
11635
2225
5088
6746
702
5154
10657
7260
1184
1987
313
6411
11620
2041
2626
1214
10437
13174
7095
12200
4749
4459
224
8429
12340
3050
6428
11163
8365
2798
12246
120
7759
10132
268
12990
6815
11213
5072
9503
5160
4088
10207
349
9948
11223
6529
1297
10988
7147
9444
5236
8623
9238
2340
3979
7106
6125
10634
2320
11554
11413
1513
8261
7412
6090
12844
612
7885
11772
5280
13074
4959
2668
7688
11339
9882
12620
4558
3010
5240
11992
3733
12306
8144
4501
11644
12680
12742
12705
8559
332
9583
6285
5498
10984
7002
6479
7597
7743
5285
7424
12321
9874
3099
4881
11117
8442
11564
12855
9743
9255
8824
3739
5111
671
1294
10429
6912
704
9366
5123
12744
3747
5490
3030
6606
6748
1666
223
6709
10278
4702
10751
6321
1504
11712
8301
9912
5656
2733
13243
3414
7891
11800
8545
1340
5233
9939
3101
12547
5895
6854
611
9231
4730
12797
13339
11820
7242
10469
1583
520
1303
4824
6148
5182
8893
12139
2649
5325
7708
6471
10049
10414
1160
8615
12478
2681
8416
11133
1453
1720
7505
3162
11863
7766
1078
3322
258
1391
2453
1143
2229
4853
1884
7016
9491
9009
8518
1626
8568
6030
5124
11495
11330
12227
379
5242
9549
9065
996
9028
5903
10389
12347
3271
8597
5983
7324
11821
2139
9997
12788
2022
5562
11710
10912
7628
11823
1692
9530
1501
479
796
6289
756
7948
5856
7982
9112
3027
7390
7227
7072
4612
12015
2073
8218
97
9658
12433
10267
7897
11279
12500
5442
173
7261
9069
12456
8463
6558
11086
12277
5640
4601
5583
6615
6396
9373
8460
6985
290
3358
7126
5267
10583
1781
158
6660
733
12163
9771
12204
8802
337
8736
13197
12076
2398
11335
12633
6756
4561
10655
11317
1488
12886
8491
3429
3744
1089
3841
7010
13203
12825
1071
2454
3548
12028
5690
12369
10616
12440
4436
911
6055
2777
2920
11438
9372
7684
2936
470
10897
1013
8082
4185
8312
5290
236
7852
5068
3581
8007
2856
7153
439
12324
9500
3860
2467
4011
5990
4352
11357
4833
11524
2032
3389
421
6757
9665
1383
3536
10133
12392
10015
333
7989
4254
5013
12810
6769
8707
10173
5332
9730
9640
2089
409
12949
9930
9302
9337
2746
6831
9543
7498
12740
11778
526
2093
7545
5318
4452
2260
12713
2226
13053
7830
12063
5212
260
3088
4001
5284
12971
6586
11457
4156
6541
8844
668
10214
10323
4028
11902
9927
11622
9538
3232
4609
514
605
11737
6131
450
7253
7048
5282
9156
280
13108
8346
3774
7393
3988
6605
5328
10530
2042
8037
9886
11717
1592
4464
3969
11943
4326
6235
3056
3131
7679
13362
3707
252
7654
3430
1977
12288
11480
8092
11189
12525
6839
1814
10499
9017
11882
9081
5943
4250
600
5291
10459
10000
1806
11059
3366
9655
8526
257
2061
5196
6158
2947
6888
10303
3664
7551
12469
2596
1941
6189
5597
536
7304
8278
8394
8610
3285
180
6925
9732
4736
3367
1445
335
5528
4629
2515
12094
6970
7397
11613
11164
594
5237
12687
7557
10101
6876
10536
8458
4648
4962
3187
1576
6212
10453
4585
240
2902
8479
13105
7116
1149
2187
4866
2800
1683
13006
2736
934
11440
6342
8197
8276
6616
12861
12018
10099
12491
1972
5
1374
12116
8516
4870
167
6857
12424
9567
418
635
11090
5525
2291
5399
3033
3211
9963
9061
4085
5693
6991
5976
2482
5087
9620
8602
11146
12970
2122
5453
9822
8524
6759
5217
11156
9458
77
4683
9775
2236
1051
5376
3403
11358
9944
3417
13054
11972
8167
9644
5254
11487
66
7608
3677
9110
5122
6631
11682
7893
4563
11326
9907
6662
3993
3861
5135
3401
6774
9429
505
13233
5420
7596
5928
397
11544
4490
2726
454
9981
11641
13261
8640
6503
11526
6680
2478
6215
9057
4626
9435
79
578
3220
9846
4398
3308
2630
11756
3475
8059
2435
11892
4246
7904
925
3589
3031
8355
9425
2542
4696
10145
6080
1555
862
7921
8332
10362
8263
12543
1179
6257
6154
12406
12658
8483
10131
2258
430
11767
558
12916
11684
8520
6042
14
3596
7718
585
4818
10946
8922
4709
8227
6350
9786
699
1554
1436
1350
6445
1775
3431
11730
4018
11349
4446
13349
11600
4021
230
11295
3388
12586
2643
9759
11000
4783
9496
8065
12101
10814
13323
7367
10876
4133
8894
976
5053
9084
7517
9679
6539
12483
4092
91
8241
1971
12222
12589
12128
4906
2046
3396
603
2945
8152
10307
12159
10729
6516
2132
1825
4967
9267
11914
7117
5910
9475
11528
1669
7388
1393
11007
2841
6771
2710
2036
13117
8181
6027
6464
5106
9821
8274
7331
7238
4054
350
10140
4234
10588
2066
5222
9832
935
5015
1326
3565
11987
1547
10553
9074
9016
7188
12486
7849
8759
2104
817
7379
336
5486
1643
11202
3098
9827
4168
2960
115
869
6032
11803
6834
4989
7838
8724
8498
263
13011
12104
1635
13253
2738
8819
6791
13005
12079
4652
3836
4106
6570
953
5851
11033
13350
4190
801
10322
9789
2140
8744
7085
2409
11533
5314
13319
12003
3252
5355
3282
7219
2426
10941
7205
725
12622
9502
13163
5373
7347
8091
5444
2362
11079
3223
211
5998
1105
10568
1387
7082
192
12775
5493
3666
8622
4798
448
3543
12550
8589
9207
1830
2722
2794
5670
7422
8485
3082
12208
1857
449
11230
11423
13126
1327
3942
4941
12418
7797
13051
8331
2660
9368
3067
11132
3778
7910
10932
797
8335
12437
1293
3491
9766
13089
6061
3355
6545
4753
2861
3814
1479
3716
9814
3864
6855
3383
2969
4225
11436
8164
2394
4716
6102
4738
12405
9448
3507
13119
12930
9884
400
13094
10254
5063
5062
12084
12334
4977
9854
11551
2441
7927
9122
6572
9508
2465
1464
4355
2483
6966
4528
8730
11966
11077
1619
1329
1765
9554
6064
12026
12925
4333
12255
3628
10458
5546
6927
8020
6505
3829
12619
661
11523
8433
11183
2425
8996
1100
7992
12013
9452
2237
5496
4198
13281
3180
6528
3602
6930
11623
9226
2709
9167
6054
11475
1347
1942
10620
13276
7924
7185
3510
1052
80
609
11565
3608
11975
4249
8309
11543
1943
7631
5388
3420
1975
8205
5136
6741
7827
4069
6869
7413
10913
2051
11993
9138
12835
7821
8467
1270
330
4228
9782
6408
8557
2919
9341
8347
3070
9133
6000
4777
1750
7619
9365
4282
10011
6513
1877
2657
4802
9956
12842
6793
11923
1927
8349
2334
4041
8993
12537
8069
7305
529
264
12824
12926
59
12069
12301
3714
9774
3132
8369
9264
4511
10900
10954
7346
4534
5988
53
99
6010
12600
6813
12452
8098
6476
7220
2144
88
4387
6044
4620
10293
9762
1449
2303
5389
11828
10815
8681
12851
10149
9793
12532
11928
57
6236
2068
9767
12691
11087
11738
4380
9412
11486
10633
871
2212
12322
1429
4408
11256
12244
12454
4487
1902
9728
9889
2136
9909
3049
10443
2025
5134
4276
461
3823
11238
5507
2359
8747
783
2401
10844
9114
11729
3951
3880
4578
11690
7351
8447
7241
5098
1638
4774
3789
10221
1068
1026
12880
4808
10698
3314
2343
8878
1727
6494
11760
4404
8289
9363
12781
3357
1281
6810
5754
12996
9887
8899
5775
11485
2590
10975
8472
8427
186
134
13028
1998
9494
481
5168
11768
5056
10050
4295
2539
6021
11367
4762
10559
10107
12587
7121
10541
8715
9183
2090
692
2614
9476
6750
3115
6337
11136
1490
2395
6845
11577
1102
7463
415
3392
3777
7559
1700
7433
7282
5163
9000
2644
474
1994
1699
12798
6279
12921
4592
13086
3087
10622
2217
11830
9030
5611
1482
9319
10122
2585
9546
12514
4772
3215
12350
3886
1475
4303
8539
718
10319
6610
11455
9232
1045
12328
1426
2699
7576
3578
13225
8328
8450
5638
6475
8233
10505
9079
4912
10737
2606
8841
1266
299
5686
13087
4815
7795
6887
6072
8030
10780
7050
7872
10268
6981
1717
7962
10032
6028
153
7372
2239
7041
11233
7196
11378
9526
2135
5623
9472
2886
2683
5004
508
3849
3925
13014
473
9127
7310
7526
9946
9313
1272
5171
2623
3738
7573
2342
3476
2572
11131
10241
10720
8513
2557
1831
7908
1492
7909
11102
4032
4550
5159
7462
2162
5506
8334
4826
4868
1076
560
5437
5101
7069
1826
3365
10047
8324
13175
13140
11445
8725
11113
6935
7382
9356
963
6868
7907
10867
7957
7007
2410
12420
9024
3412
7558
12019
1859
1148
9788
2216
4379
8528
9124
7781
2901
12196
11595
7306
870
3039
6601
3693
9111
8201
12559
1499
5071
8771
9187
9808
11219
4004
11286
12961
9220
13342
7744
8154
5406
9214
8025
1546
5286
3304
9161
10498
6612
445
8131
1724
12737
4988
12199
6580
10539
12195
1580
9738
10921
6629
3603
5414
1003
6491
10084
9262
4651
9083
166
3077
5117
983
10245
11745
721
4876
11451
7465
12178
7223
13322
12834
3231
8237
11651
7178
11196
8784
1910
7648
9346
11424
5828
12034
6809
5730
9307
9565
650
8592
12882
1124
7182
1577
10445
8314
10302
10745
11285
2895
8646
9380
6922
10128
833
5692
8192
7603
11158
4597
7796
1012
5840
6161
2413
2719
7410
129
538
9400
10773
6095
7374
4825
7642
4819
8001
4147
3927
7722
6760
6593
3766
10831
11165
1122
2121
9461
12326
2855
4674
4771
11014
3074
5401
11755
793
1048
719
13098
2544
621
11173
13376
6273
2525
2357
9957
3918
2760
11728
8405
10500
11757
5799
5866
1362
7099
11208
7976
10532
2311
10660
6468
4998
13250
11280
4142
1794
2740
431
7653
11795
4385
4005
7271
10444
9091
11596
1556
9667
11697
5751
8950
12448
9117
10580
171
4031
44
4946
7274
8742
7022
2635
8038
587
3518
4814
892
7788
7420
5127
9595
8531
11072
2075
3218
12979
5891
11076
2533
6026
11318
4024
9340
1321
12874
6385
1084
9143
7149
1377
4461
12375
1022
10847
2916
11125
12095
6138
4418
12719
7635
2745
9235
7851
6717
2180
12313
8991
7605
7783
5221
2114
7934
500
5029
3557
6126
2462
6152
4211
6233
623
13308
9745
7236
3226
12857
13221
2627
2219
12757
972
5293
2814
2696
10930
8655
6685
9684
3874
3879
4725
5906
3624
11940
928
3754
10204
208
10581
12643
5572
3767
9287
2397
13171
1795
12417
3910
2278
6209
10045
8258
5945
341
12943
12867
8751
8791
992
4448
12162
3699
3451
847
9660
4148
2486
10934
9014
7719
10654
3895
1664
10037
2007
4751
1345
12823
4844
6679
2204
4215
8717
5244
12012
9988
11579
2771
9121
10400
9369
11190
5094
1538
5451
9320
5210
9378
12431
7051
7138
5077
12343
6207
8963
4445
3313
1862
5380
8492
11037
1605
3626
3577
9718
10543
6747
8838
9913
11789
5238
9479
1890
12134
590
3894
3464
11489
13240
10244
1126
3945
4384
1280
9
6223
9800
876
9855
12865
13313
8698
11855
4605
7086
8
9593
11631
1548
9042
13335
13334
11479
10349
8654
2191
5270
7958
1615
8611
8942
6221
10225
12120
632
5334
7134
4264
8687
3196
6364
1566
10866
12233
7259
6584
6060
3073
10019
1200
9570
6533
12621
6202
12466
9453
10466
5644
6740
974
11985
3705
3546
7668
10380
1833
12697
5838
4480
5229
6627
3405
5287
2642
8035
601
1008
7941
10432
9601
4111
1612
10548
2761
6435
11386
10895
12203
9310
2411
10972
7959
8554
4951
6753
3712
644
7878
6238
28
12080
405
3127
693
4394
1812
10070
12415
3656
11101
2101
7790
9612
8879
5178
3753
4187
6724
9695
2197
12205
8752
10674
2987
10083
4412
416
9611
4945
232
2787
4544
11393
3687
5524
6938
3281
9598
9180
2849
714
12161
6886
10427
12910
1645
9233
6874
4929
7075
3899
10521
10841
3157
3912
8354
8805
4907
12319
3424
1427
9708
613
9052
8504
8901
4695
8186
3640
12568
6460
2977
5084
3397
8680
1574
3856
468
10782
5671
1018
5779
4557
1229
7011
2173
5428
13031
11439
1165
8897
3499
7160
13364
9209
9654
107
12228
10747
2383
4741
6865
8229
8614
4914
759
6737
10919
12866
1709
778
12966
9019
1400
4328
624
13015
11627
8250
5530
8987
3871
3166
6538
10949
4064
12047
7073
7733
12578
13286
5491
11232
7969
734
3524
3299
7600
8587
1532
6701
5129
11813
2527
10957
9639
9442
12266
3130
11463
11306
1376
5330
11032
7709
11860
12596
11896
5220
5319
6786
1484
559
13287
3159
11170
324
10899
1858
5504
6909
8924
3394
802
10345
12037
13224
7145
1907
4218
1676
5714
9936
10666
11491
1600
10817
8002
9657
12207
6325
2997
8734
8521
1629
7280
1194
4888
2429
11955
5060
4278
8308
12573
7689
11069
4827
1756
11847
7489
4192
6589
6190
7373
5855
6668
5803
4248
4589
9829
10086
13113
10763
11078
10123
228
6480
12435
10111
12032
12935
12802
8039
8090
6683
13130
9305
12571
6395
7437
12229
12720
8400
10607
12148
5248
6181
3198
1988
11701
6415
1827
13217
2274
2015
1815
11123
11751
1300
5550
994
188
1337
1175
11068
12400
9041
5089
1602
3793
5300
5372
12388
5759
2100
10477
2055
11719
12761
1246
13201
3359
11560
4104
11387
7643
7319
549
1268
10199
9681
1876
9635
4518
7163
6634
9477
13183
5715
3944
5745
8253
11598
5746
12262
3971
4701
37
8723
4788
2228
1187
6474
1948
4424
2316
10337
4599
6245
9163
11602
6163
4655
8985
6008
9076
3066
6307
2107
12593
11271
10983
839
10248
244
4256
1748
11793
10448
11563
9044
1182
3501
527
12376
10772
6794
9597
11194
13002
2337
1369
10816
83
2356
3320
10637
6203
8184
10415
3487
6990
11664
4687
3724
5480
1673
8016
2213
2248
8766
712
4636
4719
8881
12965
5153
6654
10882
6237
11979
6693
11057
4365
8668
11807
3853
10407
4897
6352
948
427
9553
11448
2701
2238
7180
8737
5197
10398
5581
4792
9105
9625
1216
12050
1967
12639
8510
5131
10531
10807
1693
11559
12039
6262
12748
3555
9047
6677
5517
3654
11294
8741
3835
9134
2685
457
10966
10704
3985
3303
5173
7839
9439
10915
9189
5977
12936
10551
914
774
6897
12883
6944
11447
13338
10799
5992
8860
2541
3996
8203
1031
2422
10749
11736
2948
6818
7935
8503
6446
444
7290
4917
10982
10028
9758
1850
8941
407
3244
7056
10612
6174
13143
11680
1694
4514
11171
7279
10188
509
8049
4451
10433
4944
8815
11536
4425
2961
758
6393
11012
9139
7332
2450
10636
11162
8338
6384
739
10752
4492
4260
11410
960
3040
2817
2946
7524
12657
2796
11322
10894
11873
5387
695
13047
1887
9043
13292
5790
8063
7729
8682
7977
3545
2844
9812
12542
875
7417
6710
13116
1477
7333
5223
11550
3309
8907
2408
266
12106
8307
12179
2848
6885
5622
8419
363
552
13380
11081
7164
6135
12212
11969
9210
8060
1014
9687
6830
11346
11418
5465
5476
3840
1434
2143
6752
9777
7917
1598
12946
11838
7295
6457
12501
3702
169
4068
6253
1935
10176
3350
12138
3878
114
12401
3352
13271
11003
9875
11313
4779
11405
3858
5544
5747
3415
4100
3500
10118
8702
8054
2086
2824
4236
7135
6441
2698
7665
8053
12318
5216
7636
9989
4821
1741
4184
6231
5742
1711
10883
4266
6298
10952
13288
9878
4350
1607
12858
10753
2165
